-3.84761	0	
-3.8473	9.35048e-05	
-3.847	9.35048e-05	
-3.84669	9.35048e-05	
-3.84639	9.35048e-05	
-3.84608	9.35048e-05	
-3.84578	9.35048e-05	
-3.84547	9.35048e-05	
-3.84517	9.35048e-05	
-3.84486	9.35048e-05	
-3.84455	9.35048e-05	
-3.84425	9.35048e-05	
-3.84394	9.35048e-05	
-3.84364	9.35048e-05	
-3.84333	9.35048e-05	
-3.84303	9.35048e-05	
-3.84272	9.35048e-05	
-3.84242	9.35048e-05	
-3.84211	9.35048e-05	
-3.8418	9.35048e-05	
-3.8415	9.35048e-05	
-3.84119	9.35048e-05	
-3.84089	9.35048e-05	
-3.84058	9.35048e-05	
-3.84028	9.35048e-05	
-3.83997	9.35048e-05	
-3.83966	9.35048e-05	
-3.83936	9.35048e-05	
-3.83905	9.35048e-05	
-3.83875	9.35048e-05	
-3.83844	9.35048e-05	
-3.83814	9.35048e-05	
-3.83783	9.35048e-05	
-3.83753	9.35048e-05	
-3.83722	9.35048e-05	
-3.83691	9.35048e-05	
-3.83661	9.35048e-05	
-3.8363	9.35048e-05	
-3.836	9.35048e-05	
-3.83569	9.35048e-05	
-3.83539	9.35048e-05	
-3.83508	9.35048e-05	
-3.83478	9.35048e-05	
-3.83447	9.35048e-05	
-3.83416	9.35048e-05	
-3.83386	9.35048e-05	
-3.83355	9.35048e-05	
-3.83325	9.38773e-05	
-3.83294	9.38773e-05	
-3.83264	9.38773e-05	
-3.83233	9.38773e-05	
-3.83203	9.38773e-05	
-3.83172	9.38773e-05	
-3.83141	9.38773e-05	
-3.83111	9.38773e-05	
-3.8308	9.38773e-05	
-3.8305	9.38773e-05	
-3.83019	9.38773e-05	
-3.82989	9.38773e-05	
-3.82958	9.38773e-05	
-3.82928	9.38773e-05	
-3.82897	9.38773e-05	
-3.82866	9.38773e-05	
-3.82836	9.38773e-05	
-3.82805	9.38773e-05	
-3.82775	9.38773e-05	
-3.82744	9.38773e-05	
-3.82714	9.38773e-05	
-3.82683	9.38773e-05	
-3.82653	9.38773e-05	
-3.82622	9.38773e-05	
-3.82591	9.38773e-05	
-3.82561	9.38773e-05	
-3.8253	9.38773e-05	
-3.825	9.38773e-05	
-3.82469	9.38773e-05	
-3.82439	9.38773e-05	
-3.82408	9.38773e-05	
-3.82378	9.38773e-05	
-3.82347	9.38773e-05	
-3.82316	9.38773e-05	
-3.82286	9.38773e-05	
-3.82255	9.38773e-05	
-3.82225	9.38773e-05	
-3.82194	9.38773e-05	
-3.82164	9.38773e-05	
-3.82133	9.38773e-05	
-3.82103	9.38773e-05	
-3.82072	9.38773e-05	
-3.82041	9.38773e-05	
-3.82011	9.38773e-05	
-3.8198	9.38773e-05	
-3.8195	9.38773e-05	
-3.81919	9.38773e-05	
-3.81889	9.38773e-05	
-3.81858	9.38773e-05	
-3.81828	9.38773e-05	
-3.81797	9.38773e-05	
-3.81766	9.42498e-05	
-3.81736	9.42498e-05	
-3.81705	9.42498e-05	
-3.81675	9.42498e-05	
-3.81644	9.42498e-05	
-3.81614	9.42498e-05	
-3.81583	9.42498e-05	
-3.81553	9.42498e-05	
-3.81522	9.42498e-05	
-3.81491	9.42498e-05	
-3.81461	9.42498e-05	
-3.8143	9.42498e-05	
-3.814	9.42498e-05	
-3.81369	9.42498e-05	
-3.81339	9.42498e-05	
-3.81308	9.42498e-05	
-3.81278	9.42498e-05	
-3.81247	9.42498e-05	
-3.81216	9.42498e-05	
-3.81186	9.42498e-05	
-3.81155	9.42498e-05	
-3.81125	9.42498e-05	
-3.81094	9.42498e-05	
-3.81064	9.42498e-05	
-3.81033	9.42498e-05	
-3.81003	9.42498e-05	
-3.80972	9.42498e-05	
-3.80941	9.42498e-05	
-3.80911	9.42498e-05	
-3.8088	9.42498e-05	
-3.8085	9.42498e-05	
-3.80819	9.42498e-05	
-3.80789	9.42498e-05	
-3.80758	9.42498e-05	
-3.80728	9.42498e-05	
-3.80697	9.42498e-05	
-3.80666	9.42498e-05	
-3.80636	9.42498e-05	
-3.80605	9.42498e-05	
-3.80575	9.42498e-05	
-3.80544	9.42498e-05	
-3.80514	9.42498e-05	
-3.80483	9.42498e-05	
-3.80452	9.42498e-05	
-3.80422	9.42498e-05	
-3.80391	9.42498e-05	
-3.80361	9.42498e-05	
-3.8033	9.42498e-05	
-3.803	9.42498e-05	
-3.80269	9.46224e-05	
-3.80239	9.46224e-05	
-3.80208	9.46224e-05	
-3.80177	9.46224e-05	
-3.80147	9.46224e-05	
-3.80116	9.46224e-05	
-3.80086	9.46224e-05	
-3.80055	9.46224e-05	
-3.80025	9.46224e-05	
-3.79994	9.46224e-05	
-3.79964	9.46224e-05	
-3.79933	9.46224e-05	
-3.79902	9.46224e-05	
-3.79872	9.46224e-05	
-3.79841	9.46224e-05	
-3.79811	9.46224e-05	
-3.7978	9.46224e-05	
-3.7975	9.46224e-05	
-3.79719	9.46224e-05	
-3.79689	9.46224e-05	
-3.79658	9.46224e-05	
-3.79627	9.46224e-05	
-3.79597	9.46224e-05	
-3.79566	9.46224e-05	
-3.79536	9.46224e-05	
-3.79505	9.46224e-05	
-3.79475	9.46224e-05	
-3.79444	9.46224e-05	
-3.79414	9.46224e-05	
-3.79383	9.46224e-05	
-3.79352	9.46224e-05	
-3.79322	9.46224e-05	
-3.79291	9.46224e-05	
-3.79261	9.46224e-05	
-3.7923	9.46224e-05	
-3.792	9.46224e-05	
-3.79169	9.46224e-05	
-3.79139	9.46224e-05	
-3.79108	9.46224e-05	
-3.79077	9.46224e-05	
-3.79047	9.46224e-05	
-3.79016	9.46224e-05	
-3.78986	9.46224e-05	
-3.78955	9.46224e-05	
-3.78925	9.46224e-05	
-3.78894	9.46224e-05	
-3.78864	9.46224e-05	
-3.78833	9.46224e-05	
-3.78802	9.46224e-05	
-3.78772	9.46224e-05	
-3.78741	9.49949e-05	
-3.78711	9.49949e-05	
-3.7868	9.49949e-05	
-3.7865	9.49949e-05	
-3.78619	9.49949e-05	
-3.78589	9.49949e-05	
-3.78558	9.49949e-05	
-3.78527	9.49949e-05	
-3.78497	9.49949e-05	
-3.78466	9.49949e-05	
-3.78436	9.49949e-05	
-3.78405	9.49949e-05	
-3.78375	9.49949e-05	
-3.78344	9.49949e-05	
-3.78314	9.49949e-05	
-3.78283	9.49949e-05	
-3.78252	9.49949e-05	
-3.78222	9.49949e-05	
-3.78191	9.49949e-05	
-3.78161	9.49949e-05	
-3.7813	9.49949e-05	
-3.781	9.49949e-05	
-3.78069	9.49949e-05	
-3.78039	9.49949e-05	
-3.78008	9.49949e-05	
-3.77977	9.49949e-05	
-3.77947	9.49949e-05	
-3.77916	9.49949e-05	
-3.77886	9.49949e-05	
-3.77855	9.49949e-05	
-3.77825	9.49949e-05	
-3.77794	9.49949e-05	
-3.77764	9.49949e-05	
-3.77733	9.49949e-05	
-3.77702	9.49949e-05	
-3.77672	9.49949e-05	
-3.77641	9.49949e-05	
-3.77611	9.49949e-05	
-3.7758	9.49949e-05	
-3.7755	9.49949e-05	
-3.77519	9.49949e-05	
-3.77489	9.49949e-05	
-3.77458	9.49949e-05	
-3.77427	9.49949e-05	
-3.77397	9.49949e-05	
-3.77366	9.49949e-05	
-3.77336	9.49949e-05	
-3.77305	9.49949e-05	
-3.77275	9.49949e-05	
-3.77244	9.53674e-05	
-3.77213	9.53674e-05	
-3.77183	9.53674e-05	
-3.77152	9.53674e-05	
-3.77122	9.53674e-05	
-3.77091	9.53674e-05	
-3.77061	9.53674e-05	
-3.7703	9.53674e-05	
-3.77	9.53674e-05	
-3.76969	9.53674e-05	
-3.76938	9.53674e-05	
-3.76908	9.53674e-05	
-3.76877	9.53674e-05	
-3.76847	9.53674e-05	
-3.76816	9.53674e-05	
-3.76786	9.53674e-05	
-3.76755	9.53674e-05	
-3.76725	9.53674e-05	
-3.76694	9.53674e-05	
-3.76663	9.53674e-05	
-3.76633	9.53674e-05	
-3.76602	9.53674e-05	
-3.76572	9.53674e-05	
-3.76541	9.53674e-05	
-3.76511	9.53674e-05	
-3.7648	9.53674e-05	
-3.7645	9.53674e-05	
-3.76419	9.53674e-05	
-3.76388	9.53674e-05	
-3.76358	9.53674e-05	
-3.76327	9.53674e-05	
-3.76297	9.53674e-05	
-3.76266	9.53674e-05	
-3.76236	9.53674e-05	
-3.76205	9.53674e-05	
-3.76175	9.53674e-05	
-3.76144	9.53674e-05	
-3.76113	9.53674e-05	
-3.76083	9.53674e-05	
-3.76052	9.53674e-05	
-3.76022	9.53674e-05	
-3.75991	9.53674e-05	
-3.75961	9.53674e-05	
-3.7593	9.53674e-05	
-3.759	9.53674e-05	
-3.75869	9.53674e-05	
-3.75838	9.53674e-05	
-3.75808	9.53674e-05	
-3.75777	9.53674e-05	
-3.75747	9.574e-05	
-3.75716	9.574e-05	
-3.75686	9.574e-05	
-3.75655	9.574e-05	
-3.75625	9.574e-05	
-3.75594	9.574e-05	
-3.75563	9.574e-05	
-3.75533	9.574e-05	
-3.75502	9.574e-05	
-3.75472	9.574e-05	
-3.75441	9.574e-05	
-3.75411	9.574e-05	
-3.7538	9.574e-05	
-3.7535	9.574e-05	
-3.75319	9.574e-05	
-3.75288	9.574e-05	
-3.75258	9.574e-05	
-3.75227	9.574e-05	
-3.75197	9.574e-05	
-3.75166	9.574e-05	
-3.75136	9.574e-05	
-3.75105	9.574e-05	
-3.75075	9.574e-05	
-3.75044	9.574e-05	
-3.75013	9.574e-05	
-3.74983	9.574e-05	
-3.74952	9.574e-05	
-3.74922	9.574e-05	
-3.74891	9.574e-05	
-3.74861	9.574e-05	
-3.7483	9.574e-05	
-3.748	9.574e-05	
-3.74769	9.574e-05	
-3.74738	9.574e-05	
-3.74708	9.574e-05	
-3.74677	9.574e-05	
-3.74647	9.574e-05	
-3.74616	9.574e-05	
-3.74586	9.574e-05	
-3.74555	9.574e-05	
-3.74525	9.574e-05	
-3.74494	9.574e-05	
-3.74463	9.574e-05	
-3.74433	9.574e-05	
-3.74402	9.574e-05	
-3.74372	9.574e-05	
-3.74341	9.574e-05	
-3.74311	9.574e-05	
-3.7428	9.574e-05	
-3.7425	9.61125e-05	
-3.74219	9.61125e-05	
-3.74188	9.61125e-05	
-3.74158	9.61125e-05	
-3.74127	9.61125e-05	
-3.74097	9.61125e-05	
-3.74066	9.61125e-05	
-3.74036	9.61125e-05	
-3.74005	9.61125e-05	
-3.73975	9.61125e-05	
-3.73944	9.61125e-05	
-3.73913	9.61125e-05	
-3.73883	9.61125e-05	
-3.73852	9.61125e-05	
-3.73822	9.61125e-05	
-3.73791	9.61125e-05	
-3.73761	9.61125e-05	
-3.7373	9.61125e-05	
-3.73699	9.61125e-05	
-3.73669	9.61125e-05	
-3.73638	9.61125e-05	
-3.73608	9.61125e-05	
-3.73577	9.61125e-05	
-3.73547	9.61125e-05	
-3.73516	9.61125e-05	
-3.73486	9.61125e-05	
-3.73455	9.61125e-05	
-3.73424	9.61125e-05	
-3.73394	9.61125e-05	
-3.73363	9.61125e-05	
-3.73333	9.61125e-05	
-3.73302	9.61125e-05	
-3.73272	9.61125e-05	
-3.73241	9.61125e-05	
-3.73211	9.61125e-05	
-3.7318	9.61125e-05	
-3.73149	9.61125e-05	
-3.73119	9.61125e-05	
-3.73088	9.61125e-05	
-3.73058	9.61125e-05	
-3.73027	9.61125e-05	
-3.72997	9.61125e-05	
-3.72966	9.61125e-05	
-3.72936	9.61125e-05	
-3.72905	9.61125e-05	
-3.72874	9.61125e-05	
-3.72844	9.61125e-05	
-3.72813	9.61125e-05	
-3.72783	9.6485e-05	
-3.72752	9.6485e-05	
-3.72722	9.6485e-05	
-3.72691	9.6485e-05	
-3.72661	9.6485e-05	
-3.7263	9.6485e-05	
-3.72599	9.6485e-05	
-3.72569	9.6485e-05	
-3.72538	9.6485e-05	
-3.72508	9.6485e-05	
-3.72477	9.6485e-05	
-3.72447	9.6485e-05	
-3.72416	9.6485e-05	
-3.72386	9.6485e-05	
-3.72355	9.6485e-05	
-3.72324	9.6485e-05	
-3.72294	9.6485e-05	
-3.72263	9.6485e-05	
-3.72233	9.6485e-05	
-3.72202	9.6485e-05	
-3.72172	9.6485e-05	
-3.72141	9.6485e-05	
-3.72111	9.6485e-05	
-3.7208	9.6485e-05	
-3.72049	9.6485e-05	
-3.72019	9.6485e-05	
-3.71988	9.6485e-05	
-3.71958	9.6485e-05	
-3.71927	9.6485e-05	
-3.71897	9.6485e-05	
-3.71866	9.6485e-05	
-3.71836	9.6485e-05	
-3.71805	9.6485e-05	
-3.71774	9.6485e-05	
-3.71744	9.6485e-05	
-3.71713	9.6485e-05	
-3.71683	9.6485e-05	
-3.71652	9.6485e-05	
-3.71622	9.6485e-05	
-3.71591	9.6485e-05	
-3.71561	9.6485e-05	
-3.7153	9.6485e-05	
-3.71499	9.6485e-05	
-3.71469	9.6485e-05	
-3.71438	9.6485e-05	
-3.71408	9.6485e-05	
-3.71377	9.6485e-05	
-3.71347	9.6485e-05	
-3.71316	9.68575e-05	
-3.71286	9.68575e-05	
-3.71255	9.68575e-05	
-3.71224	9.68575e-05	
-3.71194	9.68575e-05	
-3.71163	9.68575e-05	
-3.71133	9.68575e-05	
-3.71102	9.68575e-05	
-3.71072	9.68575e-05	
-3.71041	9.68575e-05	
-3.71011	9.68575e-05	
-3.7098	9.68575e-05	
-3.70949	9.68575e-05	
-3.70919	9.68575e-05	
-3.70888	9.68575e-05	
-3.70858	9.68575e-05	
-3.70827	9.68575e-05	
-3.70797	9.68575e-05	
-3.70766	9.68575e-05	
-3.70736	9.68575e-05	
-3.70705	9.68575e-05	
-3.70674	9.68575e-05	
-3.70644	9.68575e-05	
-3.70613	9.68575e-05	
-3.70583	9.68575e-05	
-3.70552	9.68575e-05	
-3.70522	9.68575e-05	
-3.70491	9.68575e-05	
-3.70461	9.68575e-05	
-3.7043	9.68575e-05	
-3.70399	9.68575e-05	
-3.70369	9.68575e-05	
-3.70338	9.68575e-05	
-3.70308	9.68575e-05	
-3.70277	9.68575e-05	
-3.70247	9.68575e-05	
-3.70216	9.68575e-05	
-3.70185	9.68575e-05	
-3.70155	9.68575e-05	
-3.70124	9.68575e-05	
-3.70094	9.68575e-05	
-3.70063	9.68575e-05	
-3.70033	9.68575e-05	
-3.70002	9.68575e-05	
-3.69972	9.68575e-05	
-3.69941	9.68575e-05	
-3.6991	9.68575e-05	
-3.6988	9.68575e-05	
-3.69849	9.72301e-05	
-3.69819	9.72301e-05	
-3.69788	9.72301e-05	
-3.69758	9.72301e-05	
-3.69727	9.72301e-05	
-3.69697	9.72301e-05	
-3.69666	9.72301e-05	
-3.69635	9.72301e-05	
-3.69605	9.72301e-05	
-3.69574	9.72301e-05	
-3.69544	9.72301e-05	
-3.69513	9.72301e-05	
-3.69483	9.72301e-05	
-3.69452	9.72301e-05	
-3.69422	9.72301e-05	
-3.69391	9.72301e-05	
-3.6936	9.72301e-05	
-3.6933	9.72301e-05	
-3.69299	9.72301e-05	
-3.69269	9.72301e-05	
-3.69238	9.72301e-05	
-3.69208	9.72301e-05	
-3.69177	9.72301e-05	
-3.69147	9.72301e-05	
-3.69116	9.72301e-05	
-3.69085	9.72301e-05	
-3.69055	9.72301e-05	
-3.69024	9.72301e-05	
-3.68994	9.72301e-05	
-3.68963	9.72301e-05	
-3.68933	9.72301e-05	
-3.68902	9.72301e-05	
-3.68872	9.72301e-05	
-3.68841	9.72301e-05	
-3.6881	9.72301e-05	
-3.6878	9.72301e-05	
-3.68749	9.72301e-05	
-3.68719	9.72301e-05	
-3.68688	9.72301e-05	
-3.68658	9.72301e-05	
-3.68627	9.72301e-05	
-3.68597	9.72301e-05	
-3.68566	9.72301e-05	
-3.68535	9.72301e-05	
-3.68505	9.72301e-05	
-3.68474	9.72301e-05	
-3.68444	9.72301e-05	
-3.68413	9.76026e-05	
-3.68383	9.76026e-05	
-3.68352	9.76026e-05	
-3.68322	9.76026e-05	
-3.68291	9.76026e-05	
-3.6826	9.76026e-05	
-3.6823	9.76026e-05	
-3.68199	9.76026e-05	
-3.68169	9.76026e-05	
-3.68138	9.76026e-05	
-3.68108	9.76026e-05	
-3.68077	9.76026e-05	
-3.68047	9.76026e-05	
-3.68016	9.76026e-05	
-3.67985	9.76026e-05	
-3.67955	9.76026e-05	
-3.67924	9.76026e-05	
-3.67894	9.76026e-05	
-3.67863	9.76026e-05	
-3.67833	9.76026e-05	
-3.67802	9.76026e-05	
-3.67772	9.76026e-05	
-3.67741	9.76026e-05	
-3.6771	9.76026e-05	
-3.6768	9.76026e-05	
-3.67649	9.76026e-05	
-3.67619	9.76026e-05	
-3.67588	9.76026e-05	
-3.67558	9.76026e-05	
-3.67527	9.76026e-05	
-3.67497	9.76026e-05	
-3.67466	9.76026e-05	
-3.67435	9.76026e-05	
-3.67405	9.76026e-05	
-3.67374	9.76026e-05	
-3.67344	9.76026e-05	
-3.67313	9.76026e-05	
-3.67283	9.76026e-05	
-3.67252	9.76026e-05	
-3.67222	9.76026e-05	
-3.67191	9.76026e-05	
-3.6716	9.76026e-05	
-3.6713	9.76026e-05	
-3.67099	9.76026e-05	
-3.67069	9.79751e-05	
-3.67038	9.79751e-05	
-3.67008	9.79751e-05	
-3.66977	9.79751e-05	
-3.66946	9.79751e-05	
-3.66916	9.79751e-05	
-3.66885	9.79751e-05	
-3.66855	9.79751e-05	
-3.66824	9.79751e-05	
-3.66794	9.79751e-05	
-3.66763	9.79751e-05	
-3.66733	9.79751e-05	
-3.66702	9.79751e-05	
-3.66671	9.79751e-05	
-3.66641	9.79751e-05	
-3.6661	9.79751e-05	
-3.6658	9.79751e-05	
-3.66549	9.79751e-05	
-3.66519	9.79751e-05	
-3.66488	9.79751e-05	
-3.66458	9.79751e-05	
-3.66427	9.79751e-05	
-3.66396	9.79751e-05	
-3.66366	9.79751e-05	
-3.66335	9.79751e-05	
-3.66305	9.79751e-05	
-3.66274	9.79751e-05	
-3.66244	9.79751e-05	
-3.66213	9.79751e-05	
-3.66183	9.79751e-05	
-3.66152	9.79751e-05	
-3.66121	9.79751e-05	
-3.66091	9.79751e-05	
-3.6606	9.79751e-05	
-3.6603	9.79751e-05	
-3.65999	9.79751e-05	
-3.65969	9.79751e-05	
-3.65938	9.79751e-05	
-3.65908	9.79751e-05	
-3.65877	9.79751e-05	
-3.65846	9.79751e-05	
-3.65816	9.79751e-05	
-3.65785	9.79751e-05	
-3.65755	9.79751e-05	
-3.65724	9.79751e-05	
-3.65694	9.79751e-05	
-3.65663	9.83477e-05	
-3.65633	9.83477e-05	
-3.65602	9.83477e-05	
-3.65571	9.83477e-05	
-3.65541	9.83477e-05	
-3.6551	9.83477e-05	
-3.6548	9.83477e-05	
-3.65449	9.83477e-05	
-3.65419	9.83477e-05	
-3.65388	9.83477e-05	
-3.65358	9.83477e-05	
-3.65327	9.83477e-05	
-3.65296	9.83477e-05	
-3.65266	9.83477e-05	
-3.65235	9.83477e-05	
-3.65205	9.83477e-05	
-3.65174	9.83477e-05	
-3.65144	9.83477e-05	
-3.65113	9.83477e-05	
-3.65083	9.83477e-05	
-3.65052	9.83477e-05	
-3.65021	9.83477e-05	
-3.64991	9.83477e-05	
-3.6496	9.83477e-05	
-3.6493	9.83477e-05	
-3.64899	9.83477e-05	
-3.64869	9.83477e-05	
-3.64838	9.83477e-05	
-3.64808	9.83477e-05	
-3.64777	9.83477e-05	
-3.64746	9.83477e-05	
-3.64716	9.83477e-05	
-3.64685	9.83477e-05	
-3.64655	9.83477e-05	
-3.64624	9.83477e-05	
-3.64594	9.83477e-05	
-3.64563	9.83477e-05	
-3.64533	9.83477e-05	
-3.64502	9.83477e-05	
-3.64471	9.83477e-05	
-3.64441	9.83477e-05	
-3.6441	9.83477e-05	
-3.6438	9.83477e-05	
-3.64349	9.83477e-05	
-3.64319	9.83477e-05	
-3.64288	9.83477e-05	
-3.64258	9.83477e-05	
-3.64227	9.87202e-05	
-3.64196	9.87202e-05	
-3.64166	9.87202e-05	
-3.64135	9.87202e-05	
-3.64105	9.87202e-05	
-3.64074	9.87202e-05	
-3.64044	9.87202e-05	
-3.64013	9.87202e-05	
-3.63983	9.87202e-05	
-3.63952	9.87202e-05	
-3.63921	9.87202e-05	
-3.63891	9.87202e-05	
-3.6386	9.87202e-05	
-3.6383	9.87202e-05	
-3.63799	9.87202e-05	
-3.63769	9.87202e-05	
-3.63738	9.87202e-05	
-3.63708	9.87202e-05	
-3.63677	9.87202e-05	
-3.63646	9.87202e-05	
-3.63616	9.87202e-05	
-3.63585	9.87202e-05	
-3.63555	9.87202e-05	
-3.63524	9.87202e-05	
-3.63494	9.87202e-05	
-3.63463	9.87202e-05	
-3.63432	9.87202e-05	
-3.63402	9.87202e-05	
-3.63371	9.87202e-05	
-3.63341	9.87202e-05	
-3.6331	9.87202e-05	
-3.6328	9.87202e-05	
-3.63249	9.87202e-05	
-3.63219	9.87202e-05	
-3.63188	9.87202e-05	
-3.63157	9.87202e-05	
-3.63127	9.87202e-05	
-3.63096	9.87202e-05	
-3.63066	9.87202e-05	
-3.63035	9.87202e-05	
-3.63005	9.87202e-05	
-3.62974	9.87202e-05	
-3.62944	9.87202e-05	
-3.62913	9.87202e-05	
-3.62882	9.87202e-05	
-3.62852	9.87202e-05	
-3.62821	9.90927e-05	
-3.62791	9.90927e-05	
-3.6276	9.90927e-05	
-3.6273	9.90927e-05	
-3.62699	9.90927e-05	
-3.62669	9.90927e-05	
-3.62638	9.90927e-05	
-3.62607	9.90927e-05	
-3.62577	9.90927e-05	
-3.62546	9.90927e-05	
-3.62516	9.90927e-05	
-3.62485	9.90927e-05	
-3.62455	9.90927e-05	
-3.62424	9.90927e-05	
-3.62394	9.90927e-05	
-3.62363	9.90927e-05	
-3.62332	9.90927e-05	
-3.62302	9.90927e-05	
-3.62271	9.90927e-05	
-3.62241	9.90927e-05	
-3.6221	9.90927e-05	
-3.6218	9.90927e-05	
-3.62149	9.90927e-05	
-3.62119	9.90927e-05	
-3.62088	9.90927e-05	
-3.62057	9.90927e-05	
-3.62027	9.90927e-05	
-3.61996	9.90927e-05	
-3.61966	9.90927e-05	
-3.61935	9.90927e-05	
-3.61905	9.90927e-05	
-3.61874	9.90927e-05	
-3.61844	9.90927e-05	
-3.61813	9.90927e-05	
-3.61782	9.90927e-05	
-3.61752	9.90927e-05	
-3.61721	9.90927e-05	
-3.61691	9.90927e-05	
-3.6166	9.90927e-05	
-3.6163	9.90927e-05	
-3.61599	9.90927e-05	
-3.61569	9.90927e-05	
-3.61538	9.90927e-05	
-3.61507	9.90927e-05	
-3.61477	9.90927e-05	
-3.61446	9.90927e-05	
-3.61416	9.94653e-05	
-3.61385	9.94653e-05	
-3.61355	9.94653e-05	
-3.61324	9.94653e-05	
-3.61294	9.94653e-05	
-3.61263	9.94653e-05	
-3.61232	9.94653e-05	
-3.61202	9.94653e-05	
-3.61171	9.94653e-05	
-3.61141	9.94653e-05	
-3.6111	9.94653e-05	
-3.6108	9.94653e-05	
-3.61049	9.94653e-05	
-3.61019	9.94653e-05	
-3.60988	9.94653e-05	
-3.60957	9.94653e-05	
-3.60927	9.94653e-05	
-3.60896	9.94653e-05	
-3.60866	9.94653e-05	
-3.60835	9.94653e-05	
-3.60805	9.94653e-05	
-3.60774	9.94653e-05	
-3.60744	9.94653e-05	
-3.60713	9.94653e-05	
-3.60682	9.94653e-05	
-3.60652	9.94653e-05	
-3.60621	9.94653e-05	
-3.60591	9.94653e-05	
-3.6056	9.94653e-05	
-3.6053	9.94653e-05	
-3.60499	9.94653e-05	
-3.60469	9.94653e-05	
-3.60438	9.94653e-05	
-3.60407	9.94653e-05	
-3.60377	9.94653e-05	
-3.60346	9.94653e-05	
-3.60316	9.94653e-05	
-3.60285	9.94653e-05	
-3.60255	9.94653e-05	
-3.60224	9.94653e-05	
-3.60193	9.94653e-05	
-3.60163	9.94653e-05	
-3.60132	9.94653e-05	
-3.60102	9.94653e-05	
-3.60071	9.94653e-05	
-3.60041	9.94653e-05	
-3.6001	9.98378e-05	
-3.5998	9.98378e-05	
-3.59949	9.98378e-05	
-3.59918	9.98378e-05	
-3.59888	9.98378e-05	
-3.59857	9.98378e-05	
-3.59827	9.98378e-05	
-3.59796	9.98378e-05	
-3.59766	9.98378e-05	
-3.59735	9.98378e-05	
-3.59705	9.98378e-05	
-3.59674	9.98378e-05	
-3.59643	9.98378e-05	
-3.59613	9.98378e-05	
-3.59582	9.98378e-05	
-3.59552	9.98378e-05	
-3.59521	9.98378e-05	
-3.59491	9.98378e-05	
-3.5946	9.98378e-05	
-3.5943	9.98378e-05	
-3.59399	9.98378e-05	
-3.59368	9.98378e-05	
-3.59338	9.98378e-05	
-3.59307	9.98378e-05	
-3.59277	9.98378e-05	
-3.59246	9.98378e-05	
-3.59216	9.98378e-05	
-3.59185	9.98378e-05	
-3.59155	9.98378e-05	
-3.59124	9.98378e-05	
-3.59093	9.98378e-05	
-3.59063	9.98378e-05	
-3.59032	9.98378e-05	
-3.59002	9.98378e-05	
-3.58971	9.98378e-05	
-3.58941	9.98378e-05	
-3.5891	9.98378e-05	
-3.5888	0.00010021	
-3.58849	0.00010021	
-3.58818	0.00010021	
-3.58788	0.00010021	
-3.58757	0.00010021	
-3.58727	0.00010021	
-3.58696	0.00010021	
-3.58666	0.00010021	
-3.58635	0.00010021	
-3.58605	0.00010021	
-3.58574	0.00010021	
-3.58543	0.00010021	
-3.58513	0.00010021	
-3.58482	0.00010021	
-3.58452	0.00010021	
-3.58421	0.00010021	
-3.58391	0.00010021	
-3.5836	0.00010021	
-3.5833	0.00010021	
-3.58299	0.00010021	
-3.58268	0.00010021	
-3.58238	0.00010021	
-3.58207	0.00010021	
-3.58177	0.00010021	
-3.58146	0.00010021	
-3.58116	0.00010021	
-3.58085	0.00010021	
-3.58055	0.00010021	
-3.58024	0.00010021	
-3.57993	0.00010021	
-3.57963	0.00010021	
-3.57932	0.00010021	
-3.57902	0.00010021	
-3.57871	0.00010021	
-3.57841	0.00010021	
-3.5781	0.00010021	
-3.5778	0.00010021	
-3.57749	0.00010021	
-3.57718	0.00010021	
-3.57688	0.00010021	
-3.57657	0.00010021	
-3.57627	0.00010021	
-3.57596	0.00010021	
-3.57566	0.00010021	
-3.57535	0.000100583	
-3.57505	0.000100583	
-3.57474	0.000100583	
-3.57443	0.000100583	
-3.57413	0.000100583	
-3.57382	0.000100583	
-3.57352	0.000100583	
-3.57321	0.000100583	
-3.57291	0.000100583	
-3.5726	0.000100583	
-3.5723	0.000100583	
-3.57199	0.000100583	
-3.57168	0.000100583	
-3.57138	0.000100583	
-3.57107	0.000100583	
-3.57077	0.000100583	
-3.57046	0.000100583	
-3.57016	0.000100583	
-3.56985	0.000100583	
-3.56955	0.000100583	
-3.56924	0.000100583	
-3.56893	0.000100583	
-3.56863	0.000100583	
-3.56832	0.000100583	
-3.56802	0.000100583	
-3.56771	0.000100583	
-3.56741	0.000100583	
-3.5671	0.000100583	
-3.56679	0.000100583	
-3.56649	0.000100583	
-3.56618	0.000100583	
-3.56588	0.000100583	
-3.56557	0.000100583	
-3.56527	0.000100583	
-3.56496	0.000100583	
-3.56466	0.000100583	
-3.56435	0.000100583	
-3.56404	0.000100583	
-3.56374	0.000100583	
-3.56343	0.000100583	
-3.56313	0.000100583	
-3.56282	0.000100583	
-3.56252	0.000100583	
-3.56221	0.000100955	
-3.56191	0.000100955	
-3.5616	0.000100955	
-3.56129	0.000100955	
-3.56099	0.000100955	
-3.56068	0.000100955	
-3.56038	0.000100955	
-3.56007	0.000100955	
-3.55977	0.000100955	
-3.55946	0.000100955	
-3.55916	0.000100955	
-3.55885	0.000100955	
-3.55854	0.000100955	
-3.55824	0.000100955	
-3.55793	0.000100955	
-3.55763	0.000100955	
-3.55732	0.000100955	
-3.55702	0.000100955	
-3.55671	0.000100955	
-3.55641	0.000100955	
-3.5561	0.000100955	
-3.55579	0.000100955	
-3.55549	0.000100955	
-3.55518	0.000100955	
-3.55488	0.000100955	
-3.55457	0.000100955	
-3.55427	0.000100955	
-3.55396	0.000100955	
-3.55366	0.000100955	
-3.55335	0.000100955	
-3.55304	0.000100955	
-3.55274	0.000100955	
-3.55243	0.000100955	
-3.55213	0.000100955	
-3.55182	0.000100955	
-3.55152	0.000100955	
-3.55121	0.000100955	
-3.55091	0.000100955	
-3.5506	0.000100955	
-3.55029	0.000100955	
-3.54999	0.000100955	
-3.54968	0.000100955	
-3.54938	0.000101328	
-3.54907	0.000101328	
-3.54877	0.000101328	
-3.54846	0.000101328	
-3.54816	0.000101328	
-3.54785	0.000101328	
-3.54754	0.000101328	
-3.54724	0.000101328	
-3.54693	0.000101328	
-3.54663	0.000101328	
-3.54632	0.000101328	
-3.54602	0.000101328	
-3.54571	0.000101328	
-3.54541	0.000101328	
-3.5451	0.000101328	
-3.54479	0.000101328	
-3.54449	0.000101328	
-3.54418	0.000101328	
-3.54388	0.000101328	
-3.54357	0.000101328	
-3.54327	0.000101328	
-3.54296	0.000101328	
-3.54266	0.000101328	
-3.54235	0.000101328	
-3.54204	0.000101328	
-3.54174	0.000101328	
-3.54143	0.000101328	
-3.54113	0.000101328	
-3.54082	0.000101328	
-3.54052	0.000101328	
-3.54021	0.000101328	
-3.53991	0.000101328	
-3.5396	0.000101328	
-3.53929	0.000101328	
-3.53899	0.000101328	
-3.53868	0.000101328	
-3.53838	0.000101328	
-3.53807	0.000101328	
-3.53777	0.000101328	
-3.53746	0.000101328	
-3.53716	0.000101328	
-3.53685	0.000101328	
-3.53654	0.0001017	
-3.53624	0.0001017	
-3.53593	0.0001017	
-3.53563	0.0001017	
-3.53532	0.0001017	
-3.53502	0.0001017	
-3.53471	0.0001017	
-3.53441	0.0001017	
-3.5341	0.0001017	
-3.53379	0.0001017	
-3.53349	0.0001017	
-3.53318	0.0001017	
-3.53288	0.0001017	
-3.53257	0.0001017	
-3.53227	0.0001017	
-3.53196	0.0001017	
-3.53165	0.0001017	
-3.53135	0.0001017	
-3.53104	0.0001017	
-3.53074	0.0001017	
-3.53043	0.0001017	
-3.53013	0.0001017	
-3.52982	0.0001017	
-3.52952	0.0001017	
-3.52921	0.0001017	
-3.5289	0.0001017	
-3.5286	0.0001017	
-3.52829	0.0001017	
-3.52799	0.0001017	
-3.52768	0.0001017	
-3.52738	0.0001017	
-3.52707	0.0001017	
-3.52677	0.0001017	
-3.52646	0.0001017	
-3.52615	0.0001017	
-3.52585	0.0001017	
-3.52554	0.0001017	
-3.52524	0.0001017	
-3.52493	0.0001017	
-3.52463	0.0001017	
-3.52432	0.000102073	
-3.52402	0.000102073	
-3.52371	0.000102073	
-3.5234	0.000102073	
-3.5231	0.000102073	
-3.52279	0.000102073	
-3.52249	0.000102073	
-3.52218	0.000102073	
-3.52188	0.000102073	
-3.52157	0.000102073	
-3.52127	0.000102073	
-3.52096	0.000102073	
-3.52065	0.000102073	
-3.52035	0.000102073	
-3.52004	0.000102073	
-3.51974	0.000102073	
-3.51943	0.000102073	
-3.51913	0.000102073	
-3.51882	0.000102073	
-3.51852	0.000102073	
-3.51821	0.000102073	
-3.5179	0.000102073	
-3.5176	0.000102073	
-3.51729	0.000102073	
-3.51699	0.000102073	
-3.51668	0.000102073	
-3.51638	0.000102073	
-3.51607	0.000102073	
-3.51577	0.000102073	
-3.51546	0.000102073	
-3.51515	0.000102073	
-3.51485	0.000102073	
-3.51454	0.000102073	
-3.51424	0.000102073	
-3.51393	0.000102073	
-3.51363	0.000102073	
-3.51332	0.000102073	
-3.51302	0.000102073	
-3.51271	0.000102445	
-3.5124	0.000102445	
-3.5121	0.000102445	
-3.51179	0.000102445	
-3.51149	0.000102445	
-3.51118	0.000102445	
-3.51088	0.000102445	
-3.51057	0.000102445	
-3.51027	0.000102445	
-3.50996	0.000102445	
-3.50965	0.000102445	
-3.50935	0.000102445	
-3.50904	0.000102445	
-3.50874	0.000102445	
-3.50843	0.000102445	
-3.50813	0.000102445	
-3.50782	0.000102445	
-3.50752	0.000102445	
-3.50721	0.000102445	
-3.5069	0.000102445	
-3.5066	0.000102445	
-3.50629	0.000102445	
-3.50599	0.000102445	
-3.50568	0.000102445	
-3.50538	0.000102445	
-3.50507	0.000102445	
-3.50477	0.000102445	
-3.50446	0.000102445	
-3.50415	0.000102445	
-3.50385	0.000102445	
-3.50354	0.000102445	
-3.50324	0.000102445	
-3.50293	0.000102445	
-3.50263	0.000102445	
-3.50232	0.000102445	
-3.50202	0.000102445	
-3.50171	0.000102818	
-3.5014	0.000102818	
-3.5011	0.000102818	
-3.50079	0.000102818	
-3.50049	0.000102818	
-3.50018	0.000102818	
-3.49988	0.000102818	
-3.49957	0.000102818	
-3.49926	0.000102818	
-3.49896	0.000102818	
-3.49865	0.000102818	
-3.49835	0.000102818	
-3.49804	0.000102818	
-3.49774	0.000102818	
-3.49743	0.000102818	
-3.49713	0.000102818	
-3.49682	0.000102818	
-3.49651	0.000102818	
-3.49621	0.000102818	
-3.4959	0.000102818	
-3.4956	0.000102818	
-3.49529	0.000102818	
-3.49499	0.000102818	
-3.49468	0.000102818	
-3.49438	0.000102818	
-3.49407	0.000102818	
-3.49376	0.000102818	
-3.49346	0.000102818	
-3.49315	0.000102818	
-3.49285	0.000102818	
-3.49254	0.000102818	
-3.49224	0.000102818	
-3.49193	0.000102818	
-3.49163	0.000103191	
-3.49132	0.000103191	
-3.49101	0.000103191	
-3.49071	0.000103191	
-3.4904	0.000103191	
-3.4901	0.000103191	
-3.48979	0.000103191	
-3.48949	0.000103191	
-3.48918	0.000103191	
-3.48888	0.000103191	
-3.48857	0.000103191	
-3.48826	0.000103191	
-3.48796	0.000103191	
-3.48765	0.000103191	
-3.48735	0.000103191	
-3.48704	0.000103191	
-3.48674	0.000103191	
-3.48643	0.000103191	
-3.48613	0.000103191	
-3.48582	0.000103191	
-3.48551	0.000103191	
-3.48521	0.000103191	
-3.4849	0.000103191	
-3.4846	0.000103191	
-3.48429	0.000103191	
-3.48399	0.000103191	
-3.48368	0.000103191	
-3.48338	0.000103191	
-3.48307	0.000103191	
-3.48276	0.000103563	
-3.48246	0.000103563	
-3.48215	0.000103563	
-3.48185	0.000103563	
-3.48154	0.000103563	
-3.48124	0.000103563	
-3.48093	0.000103563	
-3.48063	0.000103563	
-3.48032	0.000103563	
-3.48001	0.000103563	
-3.47971	0.000103563	
-3.4794	0.000103563	
-3.4791	0.000103563	
-3.47879	0.000103563	
-3.47849	0.000103563	
-3.47818	0.000103563	
-3.47788	0.000103563	
-3.47757	0.000103563	
-3.47726	0.000103563	
-3.47696	0.000103563	
-3.47665	0.000103563	
-3.47635	0.000103563	
-3.47604	0.000103563	
-3.47574	0.000103563	
-3.47543	0.000103563	
-3.47513	0.000103563	
-3.47482	0.000103936	
-3.47451	0.000103936	
-3.47421	0.000103936	
-3.4739	0.000103936	
-3.4736	0.000103936	
-3.47329	0.000103936	
-3.47299	0.000103936	
-3.47268	0.000103936	
-3.47238	0.000103936	
-3.47207	0.000103936	
-3.47176	0.000103936	
-3.47146	0.000103936	
-3.47115	0.000103936	
-3.47085	0.000103936	
-3.47054	0.000103936	
-3.47024	0.000103936	
-3.46993	0.000103936	
-3.46963	0.000103936	
-3.46932	0.000103936	
-3.46901	0.000103936	
-3.46871	0.000103936	
-3.4684	0.000104308	
-3.4681	0.000104308	
-3.46779	0.000104308	
-3.46749	0.000104308	
-3.46718	0.000104308	
-3.46688	0.000104308	
-3.46657	0.000104308	
-3.46626	0.000104308	
-3.46596	0.000104308	
-3.46565	0.000104308	
-3.46535	0.000104308	
-3.46504	0.000104308	
-3.46474	0.000104308	
-3.46443	0.000104308	
-3.46412	0.000104308	
-3.46382	0.000104308	
-3.46351	0.000104308	
-3.46321	0.000104681	
-3.4629	0.000104681	
-3.4626	0.000104681	
-3.46229	0.000104681	
-3.46199	0.000104681	
-3.46168	0.000104681	
-3.46137	0.000104681	
-3.46107	0.000104681	
-3.46076	0.000104681	
-3.46046	0.000104681	
-3.46015	0.000104681	
-3.45985	0.000104681	
-3.45954	0.000104681	
-3.45924	0.000104681	
-3.45893	0.000105053	
-3.45862	0.000105053	
-3.45832	0.000105053	
-3.45801	0.000105053	
-3.45771	0.000105053	
-3.4574	0.000105053	
-3.4571	0.000105053	
-3.45679	0.000105053	
-3.45649	0.000105053	
-3.45618	0.000105053	
-3.45587	0.000105053	
-3.45557	0.000105426	
-3.45526	0.000105426	
-3.45496	0.000105426	
-3.45465	0.000105426	
-3.45435	0.000105426	
-3.45404	0.000105426	
-3.45374	0.000105426	
-3.45343	0.000105426	
-3.45312	0.000105426	
-3.45282	0.000105426	
-3.45251	0.000105798	
-3.45221	0.000105798	
-3.4519	0.000105798	
-3.4516	0.000105798	
-3.45129	0.000105798	
-3.45099	0.000105798	
-3.45068	0.000105798	
-3.45037	0.000106171	
-3.45007	0.000106171	
-3.44976	0.000106171	
-3.44946	0.000106171	
-3.44915	0.000106171	
-3.44885	0.000106171	
-3.44854	0.000106171	
-3.44824	0.000106543	
-3.44793	0.000106543	
-3.44762	0.000106543	
-3.44732	0.000106543	
-3.44701	0.000106543	
-3.44671	0.000106916	
-3.4464	0.000106916	
-3.4461	0.000106916	
-3.44579	0.000106916	
-3.44549	0.000106916	
-3.44518	0.000107288	
-3.44487	0.000107288	
-3.44457	0.000107288	
-3.44426	0.000107288	
-3.44396	0.000107661	
-3.44365	0.000107661	
-3.44335	0.000107661	
-3.44304	0.000108033	
-3.44274	0.000108033	
-3.44243	0.000108033	
-3.44212	0.000108033	
-3.44182	0.000108406	
-3.44151	0.000108406	
-3.44121	0.000108778	
-3.4409	0.000108778	
-3.4406	0.000108778	
-3.44029	0.000109151	
-3.43999	0.000109151	
-3.43968	0.000109524	
-3.43937	0.000109524	
-3.43907	0.000109896	
-3.43876	0.000109896	
-3.43846	0.000110269	
-3.43815	0.000110269	
-3.43785	0.000110641	
-3.43754	0.000111014	
-3.43724	0.000111014	
-3.43693	0.000111386	
-3.43662	0.000111759	
-3.43632	0.000112131	
-3.43601	0.000112131	
-3.43571	0.000112504	
-3.4354	0.000112876	
-3.4351	0.000113249	
-3.43479	0.000113621	
-3.43449	0.000113994	
-3.43418	0.000114739	
-3.43387	0.000115111	
-3.43357	0.000115484	
-3.43326	0.000116229	
-3.43296	0.000116602	
-3.43265	0.000117347	
-3.43235	0.000118092	
-3.43204	0.000118837	
-3.43173	0.000119582	
-3.43143	0.000120327	
-3.43112	0.000121444	
-3.43082	0.000122562	
-3.43051	0.00012368	
-3.43021	0.000124797	
-3.4299	0.000125915	
-3.4296	0.000127405	
-3.42929	0.000129268	
-3.42898	0.000130758	
-3.42868	0.000132993	
-3.42837	0.000135228	
-3.42807	0.000137463	
-3.42776	0.000140443	
-3.42746	0.000143424	
-3.42715	0.000147149	
-3.42685	0.000151247	
-3.42654	0.00015609	
-3.42623	0.000161678	
-3.42593	0.000168011	
-3.42562	0.000175834	
-3.42532	0.000184774	
-3.42501	0.000195578	
-3.42471	0.000208989	
-3.4244	0.000225753	
-3.4241	0.000246614	
-3.42379	0.000273064	
-3.42348	0.000308454	
-3.42318	0.000355765	
-3.42287	0.000421703	
-3.42257	0.000517443	
-3.42226	0.000662357	
-3.42196	0.00089407	
-3.42165	0.00128523	
-3.42135	0.0019677	
-3.42104	0.00308417	
-3.42073	0.00442006	
-3.42043	0.00521913	
-3.42012	0.00526421	
-3.41982	0.00457168	
-3.41951	0.00326186	
-3.41921	0.00208877	
-3.4189	0.00135526	
-3.4186	0.000934675	
-3.41829	0.000686944	
-3.41798	0.000533089	
-3.41768	0.000432506	
-3.41737	0.000363216	
-3.41707	0.000314042	
-3.41676	0.000277534	
-3.41646	0.000249967	
-3.41615	0.00022836	
-3.41585	0.000211224	
-3.41554	0.00019744	
-3.41523	0.000186265	
-3.41493	0.000176951	
-3.41462	0.000169128	
-3.41432	0.000162795	
-3.41401	0.000157207	
-3.41371	0.000152364	
-3.4134	0.000148267	
-3.4131	0.000144541	
-3.41279	0.000141189	
-3.41248	0.000138581	
-3.41218	0.000135973	
-3.41187	0.000133738	
-3.41157	0.000131503	
-3.41126	0.000130013	
-3.41096	0.00012815	
-3.41065	0.00012666	
-3.41035	0.000125542	
-3.41004	0.000124425	
-3.40973	0.000123307	
-3.40943	0.00012219	
-3.40912	0.000121072	
-3.40882	0.000120327	
-3.40851	0.000119582	
-3.40821	0.000118837	
-3.4079	0.000118092	
-3.4076	0.000117719	
-3.40729	0.000116974	
-3.40698	0.000116602	
-3.40668	0.000115857	
-3.40637	0.000115484	
-3.40607	0.000115111	
-3.40576	0.000114739	
-3.40546	0.000114366	
-3.40515	0.000113994	
-3.40485	0.000113621	
-3.40454	0.000113249	
-3.40423	0.000112876	
-3.40393	0.000112504	
-3.40362	0.000112504	
-3.40332	0.000112131	
-3.40301	0.000111759	
-3.40271	0.000111759	
-3.4024	0.000111386	
-3.4021	0.000111386	
-3.40179	0.000111014	
-3.40148	0.000111014	
-3.40118	0.000110641	
-3.40087	0.000110641	
-3.40057	0.000110269	
-3.40026	0.000110269	
-3.39996	0.000110269	
-3.39965	0.000109896	
-3.39935	0.000109896	
-3.39904	0.000109896	
-3.39873	0.000109524	
-3.39843	0.000109524	
-3.39812	0.000109524	
-3.39782	0.000109151	
-3.39751	0.000109151	
-3.39721	0.000109151	
-3.3969	0.000109151	
-3.39659	0.000108778	
-3.39629	0.000108778	
-3.39598	0.000108778	
-3.39568	0.000108778	
-3.39537	0.000108778	
-3.39507	0.000108406	
-3.39476	0.000108406	
-3.39446	0.000108406	
-3.39415	0.000108406	
-3.39384	0.000108406	
-3.39354	0.000108406	
-3.39323	0.000108033	
-3.39293	0.000108033	
-3.39262	0.000108033	
-3.39232	0.000108033	
-3.39201	0.000108033	
-3.39171	0.000108033	
-3.3914	0.000108033	
-3.39109	0.000108033	
-3.39079	0.000107661	
-3.39048	0.000107661	
-3.39018	0.000107661	
-3.38987	0.000107661	
-3.38957	0.000107661	
-3.38926	0.000107661	
-3.38896	0.000107661	
-3.38865	0.000107661	
-3.38834	0.000107661	
-3.38804	0.000107661	
-3.38773	0.000107661	
-3.38743	0.000107288	
-3.38712	0.000107288	
-3.38682	0.000107288	
-3.38651	0.000107288	
-3.38621	0.000107288	
-3.3859	0.000107288	
-3.38559	0.000107288	
-3.38529	0.000107288	
-3.38498	0.000107288	
-3.38468	0.000107288	
-3.38437	0.000107288	
-3.38407	0.000107288	
-3.38376	0.000107288	
-3.38346	0.000107288	
-3.38315	0.000107288	
-3.38284	0.000107288	
-3.38254	0.000107288	
-3.38223	0.000107288	
-3.38193	0.000107288	
-3.38162	0.000107288	
-3.38132	0.000106916	
-3.38101	0.000106916	
-3.38071	0.000106916	
-3.3804	0.000106916	
-3.38009	0.000106916	
-3.37979	0.000106916	
-3.37948	0.000106916	
-3.37918	0.000106916	
-3.37887	0.000106916	
-3.37857	0.000106916	
-3.37826	0.000106916	
-3.37796	0.000106916	
-3.37765	0.000106916	
-3.37734	0.000106916	
-3.37704	0.000106916	
-3.37673	0.000106916	
-3.37643	0.000106916	
-3.37612	0.000106916	
-3.37582	0.000106916	
-3.37551	0.000106916	
-3.37521	0.000106916	
-3.3749	0.000106916	
-3.37459	0.000106916	
-3.37429	0.000106916	
-3.37398	0.000106916	
-3.37368	0.000106916	
-3.37337	0.000106916	
-3.37307	0.000106916	
-3.37276	0.000106916	
-3.37246	0.000106916	
-3.37215	0.000106916	
-3.37184	0.000106916	
-3.37154	0.000106916	
-3.37123	0.000106916	
-3.37093	0.000106916	
-3.37062	0.000106916	
-3.37032	0.000106916	
-3.37001	0.000106916	
-3.36971	0.000106916	
-3.3694	0.000106916	
-3.36909	0.000106916	
-3.36879	0.000106916	
-3.36848	0.000106916	
-3.36818	0.000106916	
-3.36787	0.000106916	
-3.36757	0.000106916	
-3.36726	0.000106916	
-3.36696	0.000106916	
-3.36665	0.000106916	
-3.36634	0.000106916	
-3.36604	0.000106916	
-3.36573	0.000106916	
-3.36543	0.000106916	
-3.36512	0.000106916	
-3.36482	0.000106916	
-3.36451	0.000106916	
-3.36421	0.000106916	
-3.3639	0.000106916	
-3.36359	0.000106916	
-3.36329	0.000106916	
-3.36298	0.000106916	
-3.36268	0.000106916	
-3.36237	0.000106916	
-3.36207	0.000106916	
-3.36176	0.000106916	
-3.36145	0.000106916	
-3.36115	0.000106916	
-3.36084	0.000106916	
-3.36054	0.000106916	
-3.36023	0.000106916	
-3.35993	0.000106916	
-3.35962	0.000106916	
-3.35932	0.000106916	
-3.35901	0.000106916	
-3.3587	0.000106916	
-3.3584	0.000106916	
-3.35809	0.000106916	
-3.35779	0.000106916	
-3.35748	0.000106916	
-3.35718	0.000106916	
-3.35687	0.000106916	
-3.35657	0.000106916	
-3.35626	0.000106916	
-3.35595	0.000106916	
-3.35565	0.000106916	
-3.35534	0.000106916	
-3.35504	0.000106916	
-3.35473	0.000106916	
-3.35443	0.000106916	
-3.35412	0.000106916	
-3.35382	0.000106916	
-3.35351	0.000106916	
-3.3532	0.000106916	
-3.3529	0.000106916	
-3.35259	0.000106916	
-3.35229	0.000106916	
-3.35198	0.000106916	
-3.35168	0.000106916	
-3.35137	0.000106916	
-3.35107	0.000106916	
-3.35076	0.000106916	
-3.35045	0.000107288	
-3.35015	0.000107288	
-3.34984	0.000107288	
-3.34954	0.000107288	
-3.34923	0.000107288	
-3.34893	0.000107288	
-3.34862	0.000107288	
-3.34832	0.000107288	
-3.34801	0.000107288	
-3.3477	0.000107288	
-3.3474	0.000107288	
-3.34709	0.000107288	
-3.34679	0.000107288	
-3.34648	0.000107288	
-3.34618	0.000107288	
-3.34587	0.000107288	
-3.34557	0.000107288	
-3.34526	0.000107288	
-3.34495	0.000107288	
-3.34465	0.000107288	
-3.34434	0.000107288	
-3.34404	0.000107288	
-3.34373	0.000107288	
-3.34343	0.000107288	
-3.34312	0.000107288	
-3.34282	0.000107288	
-3.34251	0.000107288	
-3.3422	0.000107288	
-3.3419	0.000107288	
-3.34159	0.000107288	
-3.34129	0.000107288	
-3.34098	0.000107288	
-3.34068	0.000107288	
-3.34037	0.000107288	
-3.34007	0.000107288	
-3.33976	0.000107288	
-3.33945	0.000107288	
-3.33915	0.000107288	
-3.33884	0.000107288	
-3.33854	0.000107288	
-3.33823	0.000107288	
-3.33793	0.000107288	
-3.33762	0.000107288	
-3.33732	0.000107288	
-3.33701	0.000107288	
-3.3367	0.000107288	
-3.3364	0.000107288	
-3.33609	0.000107288	
-3.33579	0.000107288	
-3.33548	0.000107288	
-3.33518	0.000107288	
-3.33487	0.000107288	
-3.33457	0.000107288	
-3.33426	0.000107288	
-3.33395	0.000107288	
-3.33365	0.000107288	
-3.33334	0.000107288	
-3.33304	0.000107661	
-3.33273	0.000107661	
-3.33243	0.000107661	
-3.33212	0.000107661	
-3.33182	0.000107661	
-3.33151	0.000107661	
-3.3312	0.000107661	
-3.3309	0.000107661	
-3.33059	0.000107661	
-3.33029	0.000107661	
-3.32998	0.000107661	
-3.32968	0.000107661	
-3.32937	0.000107661	
-3.32906	0.000107661	
-3.32876	0.000107661	
-3.32845	0.000107661	
-3.32815	0.000107661	
-3.32784	0.000107661	
-3.32754	0.000107661	
-3.32723	0.000107661	
-3.32693	0.000107661	
-3.32662	0.000107661	
-3.32631	0.000107661	
-3.32601	0.000107661	
-3.3257	0.000107661	
-3.3254	0.000107661	
-3.32509	0.000107661	
-3.32479	0.000107661	
-3.32448	0.000107661	
-3.32418	0.000107661	
-3.32387	0.000107661	
-3.32356	0.000107661	
-3.32326	0.000107661	
-3.32295	0.000107661	
-3.32265	0.000107661	
-3.32234	0.000107661	
-3.32204	0.000107661	
-3.32173	0.000107661	
-3.32143	0.000107661	
-3.32112	0.000107661	
-3.32081	0.000107661	
-3.32051	0.000107661	
-3.3202	0.000107661	
-3.3199	0.000107661	
-3.31959	0.000107661	
-3.31929	0.000107661	
-3.31898	0.000107661	
-3.31868	0.000107661	
-3.31837	0.000107661	
-3.31806	0.000108033	
-3.31776	0.000108033	
-3.31745	0.000108033	
-3.31715	0.000108033	
-3.31684	0.000108033	
-3.31654	0.000108033	
-3.31623	0.000108033	
-3.31593	0.000108033	
-3.31562	0.000108033	
-3.31531	0.000108033	
-3.31501	0.000108033	
-3.3147	0.000108033	
-3.3144	0.000108033	
-3.31409	0.000108033	
-3.31379	0.000108033	
-3.31348	0.000108033	
-3.31318	0.000108033	
-3.31287	0.000108033	
-3.31256	0.000108033	
-3.31226	0.000108033	
-3.31195	0.000108033	
-3.31165	0.000108033	
-3.31134	0.000108033	
-3.31104	0.000108033	
-3.31073	0.000108033	
-3.31043	0.000108033	
-3.31012	0.000108033	
-3.30981	0.000108033	
-3.30951	0.000108033	
-3.3092	0.000108033	
-3.3089	0.000108033	
-3.30859	0.000108033	
-3.30829	0.000108033	
-3.30798	0.000108033	
-3.30768	0.000108033	
-3.30737	0.000108033	
-3.30706	0.000108033	
-3.30676	0.000108033	
-3.30645	0.000108033	
-3.30615	0.000108033	
-3.30584	0.000108033	
-3.30554	0.000108033	
-3.30523	0.000108033	
-3.30493	0.000108033	
-3.30462	0.000108033	
-3.30431	0.000108406	
-3.30401	0.000108406	
-3.3037	0.000108406	
-3.3034	0.000108406	
-3.30309	0.000108406	
-3.30279	0.000108406	
-3.30248	0.000108406	
-3.30218	0.000108406	
-3.30187	0.000108406	
-3.30156	0.000108406	
-3.30126	0.000108406	
-3.30095	0.000108406	
-3.30065	0.000108406	
-3.30034	0.000108406	
-3.30004	0.000108406	
-3.29973	0.000108406	
-3.29943	0.000108406	
-3.29912	0.000108406	
-3.29881	0.000108406	
-3.29851	0.000108406	
-3.2982	0.000108406	
-3.2979	0.000108406	
-3.29759	0.000108406	
-3.29729	0.000108406	
-3.29698	0.000108406	
-3.29668	0.000108406	
-3.29637	0.000108406	
-3.29606	0.000108406	
-3.29576	0.000108406	
-3.29545	0.000108406	
-3.29515	0.000108406	
-3.29484	0.000108406	
-3.29454	0.000108406	
-3.29423	0.000108406	
-3.29392	0.000108406	
-3.29362	0.000108406	
-3.29331	0.000108406	
-3.29301	0.000108406	
-3.2927	0.000108406	
-3.2924	0.000108406	
-3.29209	0.000108406	
-3.29179	0.000108406	
-3.29148	0.000108406	
-3.29117	0.000108778	
-3.29087	0.000108778	
-3.29056	0.000108778	
-3.29026	0.000108778	
-3.28995	0.000108778	
-3.28965	0.000108778	
-3.28934	0.000108778	
-3.28904	0.000108778	
-3.28873	0.000108778	
-3.28842	0.000108778	
-3.28812	0.000108778	
-3.28781	0.000108778	
-3.28751	0.000108778	
-3.2872	0.000108778	
-3.2869	0.000108778	
-3.28659	0.000108778	
-3.28629	0.000108778	
-3.28598	0.000108778	
-3.28567	0.000108778	
-3.28537	0.000108778	
-3.28506	0.000108778	
-3.28476	0.000108778	
-3.28445	0.000108778	
-3.28415	0.000108778	
-3.28384	0.000108778	
-3.28354	0.000108778	
-3.28323	0.000108778	
-3.28292	0.000108778	
-3.28262	0.000108778	
-3.28231	0.000108778	
-3.28201	0.000108778	
-3.2817	0.000108778	
-3.2814	0.000108778	
-3.28109	0.000108778	
-3.28079	0.000108778	
-3.28048	0.000108778	
-3.28017	0.000108778	
-3.27987	0.000108778	
-3.27956	0.000108778	
-3.27926	0.000108778	
-3.27895	0.000108778	
-3.27865	0.000108778	
-3.27834	0.000109151	
-3.27804	0.000109151	
-3.27773	0.000109151	
-3.27742	0.000109151	
-3.27712	0.000109151	
-3.27681	0.000109151	
-3.27651	0.000109151	
-3.2762	0.000109151	
-3.2759	0.000109151	
-3.27559	0.000109151	
-3.27529	0.000109151	
-3.27498	0.000109151	
-3.27467	0.000109151	
-3.27437	0.000109151	
-3.27406	0.000109151	
-3.27376	0.000109151	
-3.27345	0.000109151	
-3.27315	0.000109151	
-3.27284	0.000109151	
-3.27254	0.000109151	
-3.27223	0.000109151	
-3.27192	0.000109151	
-3.27162	0.000109151	
-3.27131	0.000109151	
-3.27101	0.000109151	
-3.2707	0.000109151	
-3.2704	0.000109151	
-3.27009	0.000109151	
-3.26979	0.000109151	
-3.26948	0.000109151	
-3.26917	0.000109151	
-3.26887	0.000109151	
-3.26856	0.000109151	
-3.26826	0.000109151	
-3.26795	0.000109151	
-3.26765	0.000109151	
-3.26734	0.000109151	
-3.26704	0.000109151	
-3.26673	0.000109151	
-3.26642	0.000109151	
-3.26612	0.000109151	
-3.26581	0.000109524	
-3.26551	0.000109524	
-3.2652	0.000109524	
-3.2649	0.000109524	
-3.26459	0.000109524	
-3.26429	0.000109524	
-3.26398	0.000109524	
-3.26367	0.000109524	
-3.26337	0.000109524	
-3.26306	0.000109524	
-3.26276	0.000109524	
-3.26245	0.000109524	
-3.26215	0.000109524	
-3.26184	0.000109524	
-3.26153	0.000109524	
-3.26123	0.000109524	
-3.26092	0.000109524	
-3.26062	0.000109524	
-3.26031	0.000109524	
-3.26001	0.000109524	
-3.2597	0.000109524	
-3.2594	0.000109524	
-3.25909	0.000109524	
-3.25878	0.000109524	
-3.25848	0.000109524	
-3.25817	0.000109524	
-3.25787	0.000109524	
-3.25756	0.000109524	
-3.25726	0.000109524	
-3.25695	0.000109524	
-3.25665	0.000109524	
-3.25634	0.000109524	
-3.25603	0.000109524	
-3.25573	0.000109524	
-3.25542	0.000109524	
-3.25512	0.000109524	
-3.25481	0.000109524	
-3.25451	0.000109524	
-3.2542	0.000109524	
-3.2539	0.000109524	
-3.25359	0.000109524	
-3.25328	0.000109896	
-3.25298	0.000109896	
-3.25267	0.000109896	
-3.25237	0.000109896	
-3.25206	0.000109896	
-3.25176	0.000109896	
-3.25145	0.000109896	
-3.25115	0.000109896	
-3.25084	0.000109896	
-3.25053	0.000109896	
-3.25023	0.000109896	
-3.24992	0.000109896	
-3.24962	0.000109896	
-3.24931	0.000109896	
-3.24901	0.000109896	
-3.2487	0.000109896	
-3.2484	0.000109896	
-3.24809	0.000109896	
-3.24778	0.000109896	
-3.24748	0.000109896	
-3.24717	0.000109896	
-3.24687	0.000109896	
-3.24656	0.000109896	
-3.24626	0.000109896	
-3.24595	0.000109896	
-3.24565	0.000109896	
-3.24534	0.000109896	
-3.24503	0.000109896	
-3.24473	0.000109896	
-3.24442	0.000109896	
-3.24412	0.000109896	
-3.24381	0.000109896	
-3.24351	0.000109896	
-3.2432	0.000109896	
-3.2429	0.000109896	
-3.24259	0.000109896	
-3.24228	0.000109896	
-3.24198	0.000109896	
-3.24167	0.000109896	
-3.24137	0.000109896	
-3.24106	0.000109896	
-3.24076	0.000109896	
-3.24045	0.000109896	
-3.24015	0.000109896	
-3.23984	0.000109896	
-3.23953	0.000109896	
-3.23923	0.000110269	
-3.23892	0.000110269	
-3.23862	0.000110269	
-3.23831	0.000110269	
-3.23801	0.000110269	
-3.2377	0.000110269	
-3.2374	0.000110269	
-3.23709	0.000110269	
-3.23678	0.000110269	
-3.23648	0.000110269	
-3.23617	0.000110269	
-3.23587	0.000110269	
-3.23556	0.000110269	
-3.23526	0.000110269	
-3.23495	0.000110269	
-3.23465	0.000110269	
-3.23434	0.000110269	
-3.23403	0.000110269	
-3.23373	0.000110269	
-3.23342	0.000110269	
-3.23312	0.000110269	
-3.23281	0.000110269	
-3.23251	0.000110269	
-3.2322	0.000110269	
-3.2319	0.000110269	
-3.23159	0.000110269	
-3.23128	0.000110269	
-3.23098	0.000110269	
-3.23067	0.000110269	
-3.23037	0.000110269	
-3.23006	0.000110269	
-3.22976	0.000110269	
-3.22945	0.000110269	
-3.22915	0.000110269	
-3.22884	0.000110269	
-3.22853	0.000110269	
-3.22823	0.000110269	
-3.22792	0.000110269	
-3.22762	0.000110269	
-3.22731	0.000110641	
-3.22701	0.000110641	
-3.2267	0.000110641	
-3.22639	0.000110641	
-3.22609	0.000110641	
-3.22578	0.000110641	
-3.22548	0.000110641	
-3.22517	0.000110641	
-3.22487	0.000110641	
-3.22456	0.000110641	
-3.22426	0.000110641	
-3.22395	0.000110641	
-3.22364	0.000110641	
-3.22334	0.000110641	
-3.22303	0.000110641	
-3.22273	0.000110641	
-3.22242	0.000110641	
-3.22212	0.000110641	
-3.22181	0.000110641	
-3.22151	0.000110641	
-3.2212	0.000110641	
-3.22089	0.000110641	
-3.22059	0.000110641	
-3.22028	0.000110641	
-3.21998	0.000110641	
-3.21967	0.000110641	
-3.21937	0.000110641	
-3.21906	0.000110641	
-3.21876	0.000110641	
-3.21845	0.000110641	
-3.21814	0.000110641	
-3.21784	0.000110641	
-3.21753	0.000110641	
-3.21723	0.000110641	
-3.21692	0.000110641	
-3.21662	0.000110641	
-3.21631	0.000110641	
-3.21601	0.000110641	
-3.2157	0.000110641	
-3.21539	0.000111014	
-3.21509	0.000111014	
-3.21478	0.000111014	
-3.21448	0.000111014	
-3.21417	0.000111014	
-3.21387	0.000111014	
-3.21356	0.000111014	
-3.21326	0.000111014	
-3.21295	0.000111014	
-3.21264	0.000111014	
-3.21234	0.000111014	
-3.21203	0.000111014	
-3.21173	0.000111014	
-3.21142	0.000111014	
-3.21112	0.000111014	
-3.21081	0.000111014	
-3.21051	0.000111014	
-3.2102	0.000111014	
-3.20989	0.000111014	
-3.20959	0.000111014	
-3.20928	0.000111014	
-3.20898	0.000111014	
-3.20867	0.000111014	
-3.20837	0.000111014	
-3.20806	0.000111014	
-3.20776	0.000111014	
-3.20745	0.000111014	
-3.20714	0.000111014	
-3.20684	0.000111014	
-3.20653	0.000111014	
-3.20623	0.000111014	
-3.20592	0.000111014	
-3.20562	0.000111014	
-3.20531	0.000111014	
-3.20501	0.000111014	
-3.2047	0.000111014	
-3.20439	0.000111014	
-3.20409	0.000111014	
-3.20378	0.000111014	
-3.20348	0.000111386	
-3.20317	0.000111386	
-3.20287	0.000111386	
-3.20256	0.000111386	
-3.20226	0.000111386	
-3.20195	0.000111386	
-3.20164	0.000111386	
-3.20134	0.000111386	
-3.20103	0.000111386	
-3.20073	0.000111386	
-3.20042	0.000111386	
-3.20012	0.000111386	
-3.19981	0.000111386	
-3.19951	0.000111386	
-3.1992	0.000111386	
-3.19889	0.000111386	
-3.19859	0.000111386	
-3.19828	0.000111386	
-3.19798	0.000111386	
-3.19767	0.000111386	
-3.19737	0.000111386	
-3.19706	0.000111386	
-3.19676	0.000111386	
-3.19645	0.000111386	
-3.19614	0.000111386	
-3.19584	0.000111386	
-3.19553	0.000111386	
-3.19523	0.000111386	
-3.19492	0.000111386	
-3.19462	0.000111386	
-3.19431	0.000111386	
-3.19401	0.000111386	
-3.1937	0.000111386	
-3.19339	0.000111386	
-3.19309	0.000111386	
-3.19278	0.000111386	
-3.19248	0.000111386	
-3.19217	0.000111759	
-3.19187	0.000111759	
-3.19156	0.000111759	
-3.19125	0.000111759	
-3.19095	0.000111759	
-3.19064	0.000111759	
-3.19034	0.000111759	
-3.19003	0.000111759	
-3.18973	0.000111759	
-3.18942	0.000111759	
-3.18912	0.000111759	
-3.18881	0.000111759	
-3.1885	0.000111759	
-3.1882	0.000111759	
-3.18789	0.000111759	
-3.18759	0.000111759	
-3.18728	0.000111759	
-3.18698	0.000111759	
-3.18667	0.000111759	
-3.18637	0.000111759	
-3.18606	0.000111759	
-3.18575	0.000111759	
-3.18545	0.000111759	
-3.18514	0.000111759	
-3.18484	0.000111759	
-3.18453	0.000111759	
-3.18423	0.000111759	
-3.18392	0.000111759	
-3.18362	0.000111759	
-3.18331	0.000111759	
-3.183	0.000111759	
-3.1827	0.000111759	
-3.18239	0.000111759	
-3.18209	0.000111759	
-3.18178	0.000111759	
-3.18148	0.000111759	
-3.18117	0.000111759	
-3.18087	0.000111759	
-3.18056	0.000111759	
-3.18025	0.000112131	
-3.17995	0.000112131	
-3.17964	0.000112131	
-3.17934	0.000112131	
-3.17903	0.000112131	
-3.17873	0.000112131	
-3.17842	0.000112131	
-3.17812	0.000112131	
-3.17781	0.000112131	
-3.1775	0.000112131	
-3.1772	0.000112131	
-3.17689	0.000112131	
-3.17659	0.000112131	
-3.17628	0.000112131	
-3.17598	0.000112131	
-3.17567	0.000112131	
-3.17537	0.000112131	
-3.17506	0.000112131	
-3.17475	0.000112131	
-3.17445	0.000112131	
-3.17414	0.000112131	
-3.17384	0.000112131	
-3.17353	0.000112131	
-3.17323	0.000112131	
-3.17292	0.000112131	
-3.17262	0.000112131	
-3.17231	0.000112131	
-3.172	0.000112131	
-3.1717	0.000112131	
-3.17139	0.000112131	
-3.17109	0.000112131	
-3.17078	0.000112131	
-3.17048	0.000112131	
-3.17017	0.000112131	
-3.16987	0.000112131	
-3.16956	0.000112131	
-3.16925	0.000112131	
-3.16895	0.000112504	
-3.16864	0.000112504	
-3.16834	0.000112504	
-3.16803	0.000112504	
-3.16773	0.000112504	
-3.16742	0.000112504	
-3.16712	0.000112504	
-3.16681	0.000112504	
-3.1665	0.000112504	
-3.1662	0.000112504	
-3.16589	0.000112504	
-3.16559	0.000112504	
-3.16528	0.000112504	
-3.16498	0.000112504	
-3.16467	0.000112504	
-3.16437	0.000112504	
-3.16406	0.000112504	
-3.16375	0.000112504	
-3.16345	0.000112504	
-3.16314	0.000112504	
-3.16284	0.000112504	
-3.16253	0.000112504	
-3.16223	0.000112504	
-3.16192	0.000112504	
-3.16162	0.000112504	
-3.16131	0.000112504	
-3.161	0.000112504	
-3.1607	0.000112504	
-3.16039	0.000112504	
-3.16009	0.000112504	
-3.15978	0.000112504	
-3.15948	0.000112504	
-3.15917	0.000112504	
-3.15886	0.000112504	
-3.15856	0.000112504	
-3.15825	0.000112504	
-3.15795	0.000112504	
-3.15764	0.000112504	
-3.15734	0.000112876	
-3.15703	0.000112876	
-3.15673	0.000112876	
-3.15642	0.000112876	
-3.15611	0.000112876	
-3.15581	0.000112876	
-3.1555	0.000112876	
-3.1552	0.000112876	
-3.15489	0.000112876	
-3.15459	0.000112876	
-3.15428	0.000112876	
-3.15398	0.000112876	
-3.15367	0.000112876	
-3.15336	0.000112876	
-3.15306	0.000112876	
-3.15275	0.000112876	
-3.15245	0.000112876	
-3.15214	0.000112876	
-3.15184	0.000112876	
-3.15153	0.000112876	
-3.15123	0.000112876	
-3.15092	0.000112876	
-3.15061	0.000112876	
-3.15031	0.000112876	
-3.15	0.000112876	
-3.1497	0.000112876	
-3.14939	0.000112876	
-3.14909	0.000112876	
-3.14878	0.000112876	
-3.14848	0.000112876	
-3.14817	0.000112876	
-3.14786	0.000112876	
-3.14756	0.000112876	
-3.14725	0.000112876	
-3.14695	0.000112876	
-3.14664	0.000112876	
-3.14634	0.000112876	
-3.14603	0.000112876	
-3.14573	0.000113249	
-3.14542	0.000113249	
-3.14511	0.000113249	
-3.14481	0.000113249	
-3.1445	0.000113249	
-3.1442	0.000113249	
-3.14389	0.000113249	
-3.14359	0.000113249	
-3.14328	0.000113249	
-3.14298	0.000113249	
-3.14267	0.000113249	
-3.14236	0.000113249	
-3.14206	0.000113249	
-3.14175	0.000113249	
-3.14145	0.000113249	
-3.14114	0.000113249	
-3.14084	0.000113249	
-3.14053	0.000113249	
-3.14023	0.000113249	
-3.13992	0.000113249	
-3.13961	0.000113249	
-3.13931	0.000113249	
-3.139	0.000113249	
-3.1387	0.000113249	
-3.13839	0.000113249	
-3.13809	0.000113249	
-3.13778	0.000113249	
-3.13748	0.000113249	
-3.13717	0.000113249	
-3.13686	0.000113249	
-3.13656	0.000113249	
-3.13625	0.000113249	
-3.13595	0.000113249	
-3.13564	0.000113249	
-3.13534	0.000113249	
-3.13503	0.000113249	
-3.13473	0.000113249	
-3.13442	0.000113621	
-3.13411	0.000113621	
-3.13381	0.000113621	
-3.1335	0.000113621	
-3.1332	0.000113621	
-3.13289	0.000113621	
-3.13259	0.000113621	
-3.13228	0.000113621	
-3.13198	0.000113621	
-3.13167	0.000113621	
-3.13136	0.000113621	
-3.13106	0.000113621	
-3.13075	0.000113621	
-3.13045	0.000113621	
-3.13014	0.000113621	
-3.12984	0.000113621	
-3.12953	0.000113621	
-3.12923	0.000113621	
-3.12892	0.000113621	
-3.12861	0.000113621	
-3.12831	0.000113621	
-3.128	0.000113621	
-3.1277	0.000113621	
-3.12739	0.000113621	
-3.12709	0.000113621	
-3.12678	0.000113621	
-3.12648	0.000113621	
-3.12617	0.000113621	
-3.12586	0.000113621	
-3.12556	0.000113621	
-3.12525	0.000113621	
-3.12495	0.000113621	
-3.12464	0.000113621	
-3.12434	0.000113621	
-3.12403	0.000113621	
-3.12372	0.000113621	
-3.12342	0.000113621	
-3.12311	0.000113994	
-3.12281	0.000113994	
-3.1225	0.000113994	
-3.1222	0.000113994	
-3.12189	0.000113994	
-3.12159	0.000113994	
-3.12128	0.000113994	
-3.12097	0.000113994	
-3.12067	0.000113994	
-3.12036	0.000113994	
-3.12006	0.000113994	
-3.11975	0.000113994	
-3.11945	0.000113994	
-3.11914	0.000113994	
-3.11884	0.000113994	
-3.11853	0.000113994	
-3.11822	0.000113994	
-3.11792	0.000113994	
-3.11761	0.000113994	
-3.11731	0.000113994	
-3.117	0.000113994	
-3.1167	0.000113994	
-3.11639	0.000113994	
-3.11609	0.000113994	
-3.11578	0.000113994	
-3.11547	0.000113994	
-3.11517	0.000113994	
-3.11486	0.000113994	
-3.11456	0.000113994	
-3.11425	0.000113994	
-3.11395	0.000113994	
-3.11364	0.000113994	
-3.11334	0.000113994	
-3.11303	0.000113994	
-3.11272	0.000113994	
-3.11242	0.000113994	
-3.11211	0.000113994	
-3.11181	0.000114366	
-3.1115	0.000114366	
-3.1112	0.000114366	
-3.11089	0.000114366	
-3.11059	0.000114366	
-3.11028	0.000114366	
-3.10997	0.000114366	
-3.10967	0.000114366	
-3.10936	0.000114366	
-3.10906	0.000114366	
-3.10875	0.000114366	
-3.10845	0.000114366	
-3.10814	0.000114366	
-3.10784	0.000114366	
-3.10753	0.000114366	
-3.10722	0.000114366	
-3.10692	0.000114366	
-3.10661	0.000114366	
-3.10631	0.000114366	
-3.106	0.000114366	
-3.1057	0.000114366	
-3.10539	0.000114366	
-3.10509	0.000114366	
-3.10478	0.000114366	
-3.10447	0.000114366	
-3.10417	0.000114366	
-3.10386	0.000114366	
-3.10356	0.000114366	
-3.10325	0.000114366	
-3.10295	0.000114366	
-3.10264	0.000114366	
-3.10234	0.000114366	
-3.10203	0.000114366	
-3.10172	0.000114366	
-3.10142	0.000114366	
-3.10111	0.000114366	
-3.10081	0.000114366	
-3.1005	0.000114739	
-3.1002	0.000114739	
-3.09989	0.000114739	
-3.09959	0.000114739	
-3.09928	0.000114739	
-3.09897	0.000114739	
-3.09867	0.000114739	
-3.09836	0.000114739	
-3.09806	0.000114739	
-3.09775	0.000114739	
-3.09745	0.000114739	
-3.09714	0.000114739	
-3.09684	0.000114739	
-3.09653	0.000114739	
-3.09622	0.000114739	
-3.09592	0.000114739	
-3.09561	0.000114739	
-3.09531	0.000114739	
-3.095	0.000114739	
-3.0947	0.000114739	
-3.09439	0.000114739	
-3.09409	0.000114739	
-3.09378	0.000114739	
-3.09347	0.000114739	
-3.09317	0.000114739	
-3.09286	0.000114739	
-3.09256	0.000114739	
-3.09225	0.000114739	
-3.09195	0.000114739	
-3.09164	0.000114739	
-3.09133	0.000114739	
-3.09103	0.000114739	
-3.09072	0.000114739	
-3.09042	0.000114739	
-3.09011	0.000114739	
-3.08981	0.000114739	
-3.0895	0.000115111	
-3.0892	0.000115111	
-3.08889	0.000115111	
-3.08858	0.000115111	
-3.08828	0.000115111	
-3.08797	0.000115111	
-3.08767	0.000115111	
-3.08736	0.000115111	
-3.08706	0.000115111	
-3.08675	0.000115111	
-3.08645	0.000115111	
-3.08614	0.000115111	
-3.08583	0.000115111	
-3.08553	0.000115111	
-3.08522	0.000115111	
-3.08492	0.000115111	
-3.08461	0.000115111	
-3.08431	0.000115111	
-3.084	0.000115111	
-3.0837	0.000115111	
-3.08339	0.000115111	
-3.08308	0.000115111	
-3.08278	0.000115111	
-3.08247	0.000115111	
-3.08217	0.000115111	
-3.08186	0.000115111	
-3.08156	0.000115111	
-3.08125	0.000115111	
-3.08095	0.000115111	
-3.08064	0.000115111	
-3.08033	0.000115111	
-3.08003	0.000115111	
-3.07972	0.000115111	
-3.07942	0.000115111	
-3.07911	0.000115111	
-3.07881	0.000115484	
-3.0785	0.000115484	
-3.0782	0.000115484	
-3.07789	0.000115484	
-3.07758	0.000115484	
-3.07728	0.000115484	
-3.07697	0.000115484	
-3.07667	0.000115484	
-3.07636	0.000115484	
-3.07606	0.000115484	
-3.07575	0.000115484	
-3.07545	0.000115484	
-3.07514	0.000115484	
-3.07483	0.000115484	
-3.07453	0.000115484	
-3.07422	0.000115484	
-3.07392	0.000115484	
-3.07361	0.000115484	
-3.07331	0.000115484	
-3.073	0.000115484	
-3.0727	0.000115484	
-3.07239	0.000115484	
-3.07208	0.000115484	
-3.07178	0.000115484	
-3.07147	0.000115484	
-3.07117	0.000115484	
-3.07086	0.000115484	
-3.07056	0.000115484	
-3.07025	0.000115484	
-3.06995	0.000115484	
-3.06964	0.000115484	
-3.06933	0.000115484	
-3.06903	0.000115484	
-3.06872	0.000115484	
-3.06842	0.000115484	
-3.06811	0.000115484	
-3.06781	0.000115857	
-3.0675	0.000115857	
-3.0672	0.000115857	
-3.06689	0.000115857	
-3.06658	0.000115857	
-3.06628	0.000115857	
-3.06597	0.000115857	
-3.06567	0.000115857	
-3.06536	0.000115857	
-3.06506	0.000115857	
-3.06475	0.000115857	
-3.06445	0.000115857	
-3.06414	0.000115857	
-3.06383	0.000115857	
-3.06353	0.000115857	
-3.06322	0.000115857	
-3.06292	0.000115857	
-3.06261	0.000115857	
-3.06231	0.000115857	
-3.062	0.000115857	
-3.0617	0.000115857	
-3.06139	0.000115857	
-3.06108	0.000115857	
-3.06078	0.000115857	
-3.06047	0.000115857	
-3.06017	0.000115857	
-3.05986	0.000115857	
-3.05956	0.000115857	
-3.05925	0.000115857	
-3.05895	0.000115857	
-3.05864	0.000115857	
-3.05833	0.000115857	
-3.05803	0.000115857	
-3.05772	0.000115857	
-3.05742	0.000115857	
-3.05711	0.000115857	
-3.05681	0.000116229	
-3.0565	0.000116229	
-3.05619	0.000116229	
-3.05589	0.000116229	
-3.05558	0.000116229	
-3.05528	0.000116229	
-3.05497	0.000116229	
-3.05467	0.000116229	
-3.05436	0.000116229	
-3.05406	0.000116229	
-3.05375	0.000116229	
-3.05344	0.000116229	
-3.05314	0.000116229	
-3.05283	0.000116229	
-3.05253	0.000116229	
-3.05222	0.000116229	
-3.05192	0.000116229	
-3.05161	0.000116229	
-3.05131	0.000116229	
-3.051	0.000116229	
-3.05069	0.000116229	
-3.05039	0.000116229	
-3.05008	0.000116229	
-3.04978	0.000116229	
-3.04947	0.000116229	
-3.04917	0.000116229	
-3.04886	0.000116229	
-3.04856	0.000116229	
-3.04825	0.000116229	
-3.04794	0.000116229	
-3.04764	0.000116229	
-3.04733	0.000116229	
-3.04703	0.000116229	
-3.04672	0.000116229	
-3.04642	0.000116229	
-3.04611	0.000116229	
-3.04581	0.000116602	
-3.0455	0.000116602	
-3.04519	0.000116602	
-3.04489	0.000116602	
-3.04458	0.000116602	
-3.04428	0.000116602	
-3.04397	0.000116602	
-3.04367	0.000116602	
-3.04336	0.000116602	
-3.04306	0.000116602	
-3.04275	0.000116602	
-3.04244	0.000116602	
-3.04214	0.000116602	
-3.04183	0.000116602	
-3.04153	0.000116602	
-3.04122	0.000116602	
-3.04092	0.000116602	
-3.04061	0.000116602	
-3.04031	0.000116602	
-3.04	0.000116602	
-3.03969	0.000116602	
-3.03939	0.000116602	
-3.03908	0.000116602	
-3.03878	0.000116602	
-3.03847	0.000116602	
-3.03817	0.000116602	
-3.03786	0.000116602	
-3.03756	0.000116602	
-3.03725	0.000116602	
-3.03694	0.000116602	
-3.03664	0.000116602	
-3.03633	0.000116602	
-3.03603	0.000116602	
-3.03572	0.000116602	
-3.03542	0.000116602	
-3.03511	0.000116974	
-3.03481	0.000116974	
-3.0345	0.000116974	
-3.03419	0.000116974	
-3.03389	0.000116974	
-3.03358	0.000116974	
-3.03328	0.000116974	
-3.03297	0.000116974	
-3.03267	0.000116974	
-3.03236	0.000116974	
-3.03206	0.000116974	
-3.03175	0.000116974	
-3.03144	0.000116974	
-3.03114	0.000116974	
-3.03083	0.000116974	
-3.03053	0.000116974	
-3.03022	0.000116974	
-3.02992	0.000116974	
-3.02961	0.000116974	
-3.02931	0.000116974	
-3.029	0.000116974	
-3.02869	0.000116974	
-3.02839	0.000116974	
-3.02808	0.000116974	
-3.02778	0.000116974	
-3.02747	0.000116974	
-3.02717	0.000116974	
-3.02686	0.000116974	
-3.02656	0.000116974	
-3.02625	0.000116974	
-3.02594	0.000116974	
-3.02564	0.000116974	
-3.02533	0.000116974	
-3.02503	0.000116974	
-3.02472	0.000116974	
-3.02442	0.000116974	
-3.02411	0.000117347	
-3.02381	0.000117347	
-3.0235	0.000117347	
-3.02319	0.000117347	
-3.02289	0.000117347	
-3.02258	0.000117347	
-3.02228	0.000117347	
-3.02197	0.000117347	
-3.02167	0.000117347	
-3.02136	0.000117347	
-3.02105	0.000117347	
-3.02075	0.000117347	
-3.02044	0.000117347	
-3.02014	0.000117347	
-3.01983	0.000117347	
-3.01953	0.000117347	
-3.01922	0.000117347	
-3.01892	0.000117347	
-3.01861	0.000117347	
-3.0183	0.000117347	
-3.018	0.000117347	
-3.01769	0.000117347	
-3.01739	0.000117347	
-3.01708	0.000117347	
-3.01678	0.000117347	
-3.01647	0.000117347	
-3.01617	0.000117347	
-3.01586	0.000117347	
-3.01555	0.000117347	
-3.01525	0.000117347	
-3.01494	0.000117347	
-3.01464	0.000117347	
-3.01433	0.000117347	
-3.01403	0.000117347	
-3.01372	0.000117347	
-3.01342	0.000117719	
-3.01311	0.000117719	
-3.0128	0.000117719	
-3.0125	0.000117719	
-3.01219	0.000117719	
-3.01189	0.000117719	
-3.01158	0.000117719	
-3.01128	0.000117719	
-3.01097	0.000117719	
-3.01067	0.000117719	
-3.01036	0.000117719	
-3.01005	0.000117719	
-3.00975	0.000117719	
-3.00944	0.000117719	
-3.00914	0.000117719	
-3.00883	0.000117719	
-3.00853	0.000117719	
-3.00822	0.000117719	
-3.00792	0.000117719	
-3.00761	0.000117719	
-3.0073	0.000117719	
-3.007	0.000117719	
-3.00669	0.000117719	
-3.00639	0.000117719	
-3.00608	0.000117719	
-3.00578	0.000117719	
-3.00547	0.000117719	
-3.00517	0.000117719	
-3.00486	0.000117719	
-3.00455	0.000117719	
-3.00425	0.000117719	
-3.00394	0.000117719	
-3.00364	0.000117719	
-3.00333	0.000117719	
-3.00303	0.000117719	
-3.00272	0.000118092	
-3.00242	0.000118092	
-3.00211	0.000118092	
-3.0018	0.000118092	
-3.0015	0.000118092	
-3.00119	0.000118092	
-3.00089	0.000118092	
-3.00058	0.000118092	
-3.00028	0.000118092	
-2.99997	0.000118092	
-2.99967	0.000118092	
-2.99936	0.000118092	
-2.99905	0.000118092	
-2.99875	0.000118092	
-2.99844	0.000118092	
-2.99814	0.000118092	
-2.99783	0.000118092	
-2.99753	0.000118092	
-2.99722	0.000118092	
-2.99692	0.000118092	
-2.99661	0.000118092	
-2.9963	0.000118092	
-2.996	0.000118092	
-2.99569	0.000118092	
-2.99539	0.000118092	
-2.99508	0.000118092	
-2.99478	0.000118092	
-2.99447	0.000118092	
-2.99417	0.000118092	
-2.99386	0.000118092	
-2.99355	0.000118092	
-2.99325	0.000118092	
-2.99294	0.000118092	
-2.99264	0.000118092	
-2.99233	0.000118092	
-2.99203	0.000118464	
-2.99172	0.000118464	
-2.99142	0.000118464	
-2.99111	0.000118464	
-2.9908	0.000118464	
-2.9905	0.000118464	
-2.99019	0.000118464	
-2.98989	0.000118464	
-2.98958	0.000118464	
-2.98928	0.000118464	
-2.98897	0.000118464	
-2.98866	0.000118464	
-2.98836	0.000118464	
-2.98805	0.000118464	
-2.98775	0.000118464	
-2.98744	0.000118464	
-2.98714	0.000118464	
-2.98683	0.000118464	
-2.98653	0.000118464	
-2.98622	0.000118464	
-2.98591	0.000118464	
-2.98561	0.000118464	
-2.9853	0.000118464	
-2.985	0.000118464	
-2.98469	0.000118464	
-2.98439	0.000118464	
-2.98408	0.000118464	
-2.98378	0.000118464	
-2.98347	0.000118464	
-2.98316	0.000118464	
-2.98286	0.000118464	
-2.98255	0.000118464	
-2.98225	0.000118464	
-2.98194	0.000118464	
-2.98164	0.000118464	
-2.98133	0.000118837	
-2.98103	0.000118837	
-2.98072	0.000118837	
-2.98041	0.000118837	
-2.98011	0.000118837	
-2.9798	0.000118837	
-2.9795	0.000118837	
-2.97919	0.000118837	
-2.97889	0.000118837	
-2.97858	0.000118837	
-2.97828	0.000118837	
-2.97797	0.000118837	
-2.97766	0.000118837	
-2.97736	0.000118837	
-2.97705	0.000118837	
-2.97675	0.000118837	
-2.97644	0.000118837	
-2.97614	0.000118837	
-2.97583	0.000118837	
-2.97553	0.000118837	
-2.97522	0.000118837	
-2.97491	0.000118837	
-2.97461	0.000118837	
-2.9743	0.000118837	
-2.974	0.000118837	
-2.97369	0.000118837	
-2.97339	0.000118837	
-2.97308	0.000118837	
-2.97278	0.000118837	
-2.97247	0.000118837	
-2.97216	0.000118837	
-2.97186	0.000118837	
-2.97155	0.000118837	
-2.97125	0.000118837	
-2.97094	0.000119209	
-2.97064	0.000119209	
-2.97033	0.000119209	
-2.97003	0.000119209	
-2.96972	0.000119209	
-2.96941	0.000119209	
-2.96911	0.000119209	
-2.9688	0.000119209	
-2.9685	0.000119209	
-2.96819	0.000119209	
-2.96789	0.000119209	
-2.96758	0.000119209	
-2.96728	0.000119209	
-2.96697	0.000119209	
-2.96666	0.000119209	
-2.96636	0.000119209	
-2.96605	0.000119209	
-2.96575	0.000119209	
-2.96544	0.000119209	
-2.96514	0.000119209	
-2.96483	0.000119209	
-2.96453	0.000119209	
-2.96422	0.000119209	
-2.96391	0.000119209	
-2.96361	0.000119209	
-2.9633	0.000119209	
-2.963	0.000119209	
-2.96269	0.000119209	
-2.96239	0.000119209	
-2.96208	0.000119209	
-2.96178	0.000119209	
-2.96147	0.000119209	
-2.96116	0.000119209	
-2.96086	0.000119209	
-2.96055	0.000119582	
-2.96025	0.000119582	
-2.95994	0.000119582	
-2.95964	0.000119582	
-2.95933	0.000119582	
-2.95903	0.000119582	
-2.95872	0.000119582	
-2.95841	0.000119582	
-2.95811	0.000119582	
-2.9578	0.000119582	
-2.9575	0.000119582	
-2.95719	0.000119582	
-2.95689	0.000119582	
-2.95658	0.000119582	
-2.95628	0.000119582	
-2.95597	0.000119582	
-2.95566	0.000119582	
-2.95536	0.000119582	
-2.95505	0.000119582	
-2.95475	0.000119582	
-2.95444	0.000119582	
-2.95414	0.000119582	
-2.95383	0.000119582	
-2.95352	0.000119582	
-2.95322	0.000119582	
-2.95291	0.000119582	
-2.95261	0.000119582	
-2.9523	0.000119582	
-2.952	0.000119582	
-2.95169	0.000119582	
-2.95139	0.000119582	
-2.95108	0.000119582	
-2.95077	0.000119582	
-2.95047	0.000119582	
-2.95016	0.000119582	
-2.94986	0.000119954	
-2.94955	0.000119954	
-2.94925	0.000119954	
-2.94894	0.000119954	
-2.94864	0.000119954	
-2.94833	0.000119954	
-2.94802	0.000119954	
-2.94772	0.000119954	
-2.94741	0.000119954	
-2.94711	0.000119954	
-2.9468	0.000119954	
-2.9465	0.000119954	
-2.94619	0.000119954	
-2.94589	0.000119954	
-2.94558	0.000119954	
-2.94527	0.000119954	
-2.94497	0.000119954	
-2.94466	0.000119954	
-2.94436	0.000119954	
-2.94405	0.000119954	
-2.94375	0.000119954	
-2.94344	0.000119954	
-2.94314	0.000119954	
-2.94283	0.000119954	
-2.94252	0.000119954	
-2.94222	0.000119954	
-2.94191	0.000119954	
-2.94161	0.000119954	
-2.9413	0.000119954	
-2.941	0.000119954	
-2.94069	0.000119954	
-2.94039	0.000119954	
-2.94008	0.000119954	
-2.93977	0.000119954	
-2.93947	0.000120327	
-2.93916	0.000120327	
-2.93886	0.000120327	
-2.93855	0.000120327	
-2.93825	0.000120327	
-2.93794	0.000120327	
-2.93764	0.000120327	
-2.93733	0.000120327	
-2.93702	0.000120327	
-2.93672	0.000120327	
-2.93641	0.000120327	
-2.93611	0.000120327	
-2.9358	0.000120327	
-2.9355	0.000120327	
-2.93519	0.000120327	
-2.93489	0.000120327	
-2.93458	0.000120327	
-2.93427	0.000120327	
-2.93397	0.000120327	
-2.93366	0.000120327	
-2.93336	0.000120327	
-2.93305	0.000120327	
-2.93275	0.000120327	
-2.93244	0.000120327	
-2.93214	0.000120327	
-2.93183	0.000120327	
-2.93152	0.000120327	
-2.93122	0.000120327	
-2.93091	0.000120327	
-2.93061	0.000120327	
-2.9303	0.000120327	
-2.93	0.000120327	
-2.92969	0.000120327	
-2.92939	0.000120327	
-2.92908	0.000120699	
-2.92877	0.000120699	
-2.92847	0.000120699	
-2.92816	0.000120699	
-2.92786	0.000120699	
-2.92755	0.000120699	
-2.92725	0.000120699	
-2.92694	0.000120699	
-2.92664	0.000120699	
-2.92633	0.000120699	
-2.92602	0.000120699	
-2.92572	0.000120699	
-2.92541	0.000120699	
-2.92511	0.000120699	
-2.9248	0.000120699	
-2.9245	0.000120699	
-2.92419	0.000120699	
-2.92389	0.000120699	
-2.92358	0.000120699	
-2.92327	0.000120699	
-2.92297	0.000120699	
-2.92266	0.000120699	
-2.92236	0.000120699	
-2.92205	0.000120699	
-2.92175	0.000120699	
-2.92144	0.000120699	
-2.92113	0.000120699	
-2.92083	0.000120699	
-2.92052	0.000120699	
-2.92022	0.000120699	
-2.91991	0.000120699	
-2.91961	0.000120699	
-2.9193	0.000120699	
-2.919	0.000121072	
-2.91869	0.000121072	
-2.91838	0.000121072	
-2.91808	0.000121072	
-2.91777	0.000121072	
-2.91747	0.000121072	
-2.91716	0.000121072	
-2.91686	0.000121072	
-2.91655	0.000121072	
-2.91625	0.000121072	
-2.91594	0.000121072	
-2.91563	0.000121072	
-2.91533	0.000121072	
-2.91502	0.000121072	
-2.91472	0.000121072	
-2.91441	0.000121072	
-2.91411	0.000121072	
-2.9138	0.000121072	
-2.9135	0.000121072	
-2.91319	0.000121072	
-2.91288	0.000121072	
-2.91258	0.000121072	
-2.91227	0.000121072	
-2.91197	0.000121072	
-2.91166	0.000121072	
-2.91136	0.000121072	
-2.91105	0.000121072	
-2.91075	0.000121072	
-2.91044	0.000121072	
-2.91013	0.000121072	
-2.90983	0.000121072	
-2.90952	0.000121072	
-2.90922	0.000121072	
-2.90891	0.000121072	
-2.90861	0.000121444	
-2.9083	0.000121444	
-2.908	0.000121444	
-2.90769	0.000121444	
-2.90738	0.000121444	
-2.90708	0.000121444	
-2.90677	0.000121444	
-2.90647	0.000121444	
-2.90616	0.000121444	
-2.90586	0.000121444	
-2.90555	0.000121444	
-2.90525	0.000121444	
-2.90494	0.000121444	
-2.90463	0.000121444	
-2.90433	0.000121444	
-2.90402	0.000121444	
-2.90372	0.000121444	
-2.90341	0.000121444	
-2.90311	0.000121444	
-2.9028	0.000121444	
-2.9025	0.000121444	
-2.90219	0.000121444	
-2.90188	0.000121444	
-2.90158	0.000121444	
-2.90127	0.000121444	
-2.90097	0.000121444	
-2.90066	0.000121444	
-2.90036	0.000121444	
-2.90005	0.000121444	
-2.89975	0.000121444	
-2.89944	0.000121444	
-2.89913	0.000121444	
-2.89883	0.000121444	
-2.89852	0.000121817	
-2.89822	0.000121817	
-2.89791	0.000121817	
-2.89761	0.000121817	
-2.8973	0.000121817	
-2.897	0.000121817	
-2.89669	0.000121817	
-2.89638	0.000121817	
-2.89608	0.000121817	
-2.89577	0.000121817	
-2.89547	0.000121817	
-2.89516	0.000121817	
-2.89486	0.000121817	
-2.89455	0.000121817	
-2.89425	0.000121817	
-2.89394	0.000121817	
-2.89363	0.000121817	
-2.89333	0.000121817	
-2.89302	0.000121817	
-2.89272	0.000121817	
-2.89241	0.000121817	
-2.89211	0.000121817	
-2.8918	0.000121817	
-2.8915	0.000121817	
-2.89119	0.000121817	
-2.89088	0.000121817	
-2.89058	0.000121817	
-2.89027	0.000121817	
-2.88997	0.000121817	
-2.88966	0.000121817	
-2.88936	0.000121817	
-2.88905	0.000121817	
-2.88875	0.000121817	
-2.88844	0.00012219	
-2.88813	0.00012219	
-2.88783	0.00012219	
-2.88752	0.00012219	
-2.88722	0.00012219	
-2.88691	0.00012219	
-2.88661	0.00012219	
-2.8863	0.00012219	
-2.88599	0.00012219	
-2.88569	0.00012219	
-2.88538	0.00012219	
-2.88508	0.00012219	
-2.88477	0.00012219	
-2.88447	0.00012219	
-2.88416	0.00012219	
-2.88386	0.00012219	
-2.88355	0.00012219	
-2.88324	0.00012219	
-2.88294	0.00012219	
-2.88263	0.00012219	
-2.88233	0.00012219	
-2.88202	0.00012219	
-2.88172	0.00012219	
-2.88141	0.00012219	
-2.88111	0.00012219	
-2.8808	0.00012219	
-2.88049	0.00012219	
-2.88019	0.00012219	
-2.87988	0.00012219	
-2.87958	0.00012219	
-2.87927	0.00012219	
-2.87897	0.000122562	
-2.87866	0.000122562	
-2.87836	0.000122562	
-2.87805	0.000122562	
-2.87774	0.000122562	
-2.87744	0.000122562	
-2.87713	0.000122562	
-2.87683	0.000122562	
-2.87652	0.000122562	
-2.87622	0.000122562	
-2.87591	0.000122562	
-2.87561	0.000122562	
-2.8753	0.000122562	
-2.87499	0.000122562	
-2.87469	0.000122562	
-2.87438	0.000122562	
-2.87408	0.000122562	
-2.87377	0.000122562	
-2.87347	0.000122562	
-2.87316	0.000122562	
-2.87286	0.000122562	
-2.87255	0.000122562	
-2.87224	0.000122562	
-2.87194	0.000122562	
-2.87163	0.000122562	
-2.87133	0.000122562	
-2.87102	0.000122562	
-2.87072	0.000122562	
-2.87041	0.000122562	
-2.87011	0.000122562	
-2.8698	0.000122562	
-2.86949	0.000122562	
-2.86919	0.000122935	
-2.86888	0.000122935	
-2.86858	0.000122935	
-2.86827	0.000122935	
-2.86797	0.000122935	
-2.86766	0.000122935	
-2.86736	0.000122935	
-2.86705	0.000122935	
-2.86674	0.000122935	
-2.86644	0.000122935	
-2.86613	0.000122935	
-2.86583	0.000122935	
-2.86552	0.000122935	
-2.86522	0.000122935	
-2.86491	0.000122935	
-2.86461	0.000122935	
-2.8643	0.000122935	
-2.86399	0.000122935	
-2.86369	0.000122935	
-2.86338	0.000122935	
-2.86308	0.000122935	
-2.86277	0.000122935	
-2.86247	0.000122935	
-2.86216	0.000122935	
-2.86186	0.000122935	
-2.86155	0.000122935	
-2.86124	0.000122935	
-2.86094	0.000122935	
-2.86063	0.000122935	
-2.86033	0.000122935	
-2.86002	0.000122935	
-2.85972	0.000122935	
-2.85941	0.000122935	
-2.85911	0.000123307	
-2.8588	0.000123307	
-2.85849	0.000123307	
-2.85819	0.000123307	
-2.85788	0.000123307	
-2.85758	0.000123307	
-2.85727	0.000123307	
-2.85697	0.000123307	
-2.85666	0.000123307	
-2.85636	0.000123307	
-2.85605	0.000123307	
-2.85574	0.000123307	
-2.85544	0.000123307	
-2.85513	0.000123307	
-2.85483	0.000123307	
-2.85452	0.000123307	
-2.85422	0.000123307	
-2.85391	0.000123307	
-2.85361	0.000123307	
-2.8533	0.000123307	
-2.85299	0.000123307	
-2.85269	0.000123307	
-2.85238	0.000123307	
-2.85208	0.000123307	
-2.85177	0.000123307	
-2.85147	0.000123307	
-2.85116	0.000123307	
-2.85085	0.000123307	
-2.85055	0.000123307	
-2.85024	0.000123307	
-2.84994	0.000123307	
-2.84963	0.000123307	
-2.84933	0.000123307	
-2.84902	0.00012368	
-2.84872	0.00012368	
-2.84841	0.00012368	
-2.8481	0.00012368	
-2.8478	0.00012368	
-2.84749	0.00012368	
-2.84719	0.00012368	
-2.84688	0.00012368	
-2.84658	0.00012368	
-2.84627	0.00012368	
-2.84597	0.00012368	
-2.84566	0.00012368	
-2.84535	0.00012368	
-2.84505	0.00012368	
-2.84474	0.00012368	
-2.84444	0.00012368	
-2.84413	0.00012368	
-2.84383	0.00012368	
-2.84352	0.00012368	
-2.84322	0.00012368	
-2.84291	0.00012368	
-2.8426	0.00012368	
-2.8423	0.00012368	
-2.84199	0.00012368	
-2.84169	0.00012368	
-2.84138	0.00012368	
-2.84108	0.00012368	
-2.84077	0.00012368	
-2.84047	0.00012368	
-2.84016	0.00012368	
-2.83985	0.00012368	
-2.83955	0.00012368	
-2.83924	0.000124052	
-2.83894	0.000124052	
-2.83863	0.000124052	
-2.83833	0.000124052	
-2.83802	0.000124052	
-2.83772	0.000124052	
-2.83741	0.000124052	
-2.8371	0.000124052	
-2.8368	0.000124052	
-2.83649	0.000124052	
-2.83619	0.000124052	
-2.83588	0.000124052	
-2.83558	0.000124052	
-2.83527	0.000124052	
-2.83497	0.000124052	
-2.83466	0.000124052	
-2.83435	0.000124052	
-2.83405	0.000124052	
-2.83374	0.000124052	
-2.83344	0.000124052	
-2.83313	0.000124052	
-2.83283	0.000124052	
-2.83252	0.000124052	
-2.83222	0.000124052	
-2.83191	0.000124052	
-2.8316	0.000124052	
-2.8313	0.000124052	
-2.83099	0.000124052	
-2.83069	0.000124052	
-2.83038	0.000124052	
-2.83008	0.000124052	
-2.82977	0.000124052	
-2.82947	0.000124425	
-2.82916	0.000124425	
-2.82885	0.000124425	
-2.82855	0.000124425	
-2.82824	0.000124425	
-2.82794	0.000124425	
-2.82763	0.000124425	
-2.82733	0.000124425	
-2.82702	0.000124425	
-2.82672	0.000124425	
-2.82641	0.000124425	
-2.8261	0.000124425	
-2.8258	0.000124425	
-2.82549	0.000124425	
-2.82519	0.000124425	
-2.82488	0.000124425	
-2.82458	0.000124425	
-2.82427	0.000124425	
-2.82397	0.000124425	
-2.82366	0.000124425	
-2.82335	0.000124425	
-2.82305	0.000124425	
-2.82274	0.000124425	
-2.82244	0.000124425	
-2.82213	0.000124425	
-2.82183	0.000124425	
-2.82152	0.000124425	
-2.82122	0.000124425	
-2.82091	0.000124425	
-2.8206	0.000124425	
-2.8203	0.000124425	
-2.81999	0.000124425	
-2.81969	0.000124425	
-2.81938	0.000124797	
-2.81908	0.000124797	
-2.81877	0.000124797	
-2.81846	0.000124797	
-2.81816	0.000124797	
-2.81785	0.000124797	
-2.81755	0.000124797	
-2.81724	0.000124797	
-2.81694	0.000124797	
-2.81663	0.000124797	
-2.81633	0.000124797	
-2.81602	0.000124797	
-2.81571	0.000124797	
-2.81541	0.000124797	
-2.8151	0.000124797	
-2.8148	0.000124797	
-2.81449	0.000124797	
-2.81419	0.000124797	
-2.81388	0.000124797	
-2.81358	0.000124797	
-2.81327	0.000124797	
-2.81296	0.000124797	
-2.81266	0.000124797	
-2.81235	0.000124797	
-2.81205	0.000124797	
-2.81174	0.000124797	
-2.81144	0.000124797	
-2.81113	0.000124797	
-2.81083	0.000124797	
-2.81052	0.000124797	
-2.81021	0.000124797	
-2.80991	0.000124797	
-2.8096	0.00012517	
-2.8093	0.00012517	
-2.80899	0.00012517	
-2.80869	0.00012517	
-2.80838	0.00012517	
-2.80808	0.00012517	
-2.80777	0.00012517	
-2.80746	0.00012517	
-2.80716	0.00012517	
-2.80685	0.00012517	
-2.80655	0.00012517	
-2.80624	0.00012517	
-2.80594	0.00012517	
-2.80563	0.00012517	
-2.80533	0.00012517	
-2.80502	0.00012517	
-2.80471	0.00012517	
-2.80441	0.00012517	
-2.8041	0.00012517	
-2.8038	0.00012517	
-2.80349	0.00012517	
-2.80319	0.00012517	
-2.80288	0.00012517	
-2.80258	0.00012517	
-2.80227	0.00012517	
-2.80196	0.00012517	
-2.80166	0.00012517	
-2.80135	0.00012517	
-2.80105	0.00012517	
-2.80074	0.00012517	
-2.80044	0.00012517	
-2.80013	0.000125542	
-2.79983	0.000125542	
-2.79952	0.000125542	
-2.79921	0.000125542	
-2.79891	0.000125542	
-2.7986	0.000125542	
-2.7983	0.000125542	
-2.79799	0.000125542	
-2.79769	0.000125542	
-2.79738	0.000125542	
-2.79708	0.000125542	
-2.79677	0.000125542	
-2.79646	0.000125542	
-2.79616	0.000125542	
-2.79585	0.000125542	
-2.79555	0.000125542	
-2.79524	0.000125542	
-2.79494	0.000125542	
-2.79463	0.000125542	
-2.79433	0.000125542	
-2.79402	0.000125542	
-2.79371	0.000125542	
-2.79341	0.000125542	
-2.7931	0.000125542	
-2.7928	0.000125542	
-2.79249	0.000125542	
-2.79219	0.000125542	
-2.79188	0.000125542	
-2.79158	0.000125542	
-2.79127	0.000125542	
-2.79096	0.000125542	
-2.79066	0.000125542	
-2.79035	0.000125915	
-2.79005	0.000125915	
-2.78974	0.000125915	
-2.78944	0.000125915	
-2.78913	0.000125915	
-2.78883	0.000125915	
-2.78852	0.000125915	
-2.78821	0.000125915	
-2.78791	0.000125915	
-2.7876	0.000125915	
-2.7873	0.000125915	
-2.78699	0.000125915	
-2.78669	0.000125915	
-2.78638	0.000125915	
-2.78608	0.000125915	
-2.78577	0.000125915	
-2.78546	0.000125915	
-2.78516	0.000125915	
-2.78485	0.000125915	
-2.78455	0.000125915	
-2.78424	0.000125915	
-2.78394	0.000125915	
-2.78363	0.000125915	
-2.78332	0.000125915	
-2.78302	0.000125915	
-2.78271	0.000125915	
-2.78241	0.000125915	
-2.7821	0.000125915	
-2.7818	0.000125915	
-2.78149	0.000125915	
-2.78119	0.000125915	
-2.78088	0.000125915	
-2.78057	0.000126287	
-2.78027	0.000126287	
-2.77996	0.000126287	
-2.77966	0.000126287	
-2.77935	0.000126287	
-2.77905	0.000126287	
-2.77874	0.000126287	
-2.77844	0.000126287	
-2.77813	0.000126287	
-2.77782	0.000126287	
-2.77752	0.000126287	
-2.77721	0.000126287	
-2.77691	0.000126287	
-2.7766	0.000126287	
-2.7763	0.000126287	
-2.77599	0.000126287	
-2.77569	0.000126287	
-2.77538	0.000126287	
-2.77507	0.000126287	
-2.77477	0.000126287	
-2.77446	0.000126287	
-2.77416	0.000126287	
-2.77385	0.000126287	
-2.77355	0.000126287	
-2.77324	0.000126287	
-2.77294	0.000126287	
-2.77263	0.000126287	
-2.77232	0.000126287	
-2.77202	0.000126287	
-2.77171	0.000126287	
-2.77141	0.000126287	
-2.7711	0.00012666	
-2.7708	0.00012666	
-2.77049	0.00012666	
-2.77019	0.00012666	
-2.76988	0.00012666	
-2.76957	0.00012666	
-2.76927	0.00012666	
-2.76896	0.00012666	
-2.76866	0.00012666	
-2.76835	0.00012666	
-2.76805	0.00012666	
-2.76774	0.00012666	
-2.76744	0.00012666	
-2.76713	0.00012666	
-2.76682	0.00012666	
-2.76652	0.00012666	
-2.76621	0.00012666	
-2.76591	0.00012666	
-2.7656	0.00012666	
-2.7653	0.00012666	
-2.76499	0.00012666	
-2.76469	0.00012666	
-2.76438	0.00012666	
-2.76407	0.00012666	
-2.76377	0.00012666	
-2.76346	0.00012666	
-2.76316	0.00012666	
-2.76285	0.00012666	
-2.76255	0.00012666	
-2.76224	0.00012666	
-2.76194	0.00012666	
-2.76163	0.000127032	
-2.76132	0.000127032	
-2.76102	0.000127032	
-2.76071	0.000127032	
-2.76041	0.000127032	
-2.7601	0.000127032	
-2.7598	0.000127032	
-2.75949	0.000127032	
-2.75919	0.000127032	
-2.75888	0.000127032	
-2.75857	0.000127032	
-2.75827	0.000127032	
-2.75796	0.000127032	
-2.75766	0.000127032	
-2.75735	0.000127032	
-2.75705	0.000127032	
-2.75674	0.000127032	
-2.75644	0.000127032	
-2.75613	0.000127032	
-2.75582	0.000127032	
-2.75552	0.000127032	
-2.75521	0.000127032	
-2.75491	0.000127032	
-2.7546	0.000127032	
-2.7543	0.000127032	
-2.75399	0.000127032	
-2.75369	0.000127032	
-2.75338	0.000127032	
-2.75307	0.000127032	
-2.75277	0.000127032	
-2.75246	0.000127032	
-2.75216	0.000127405	
-2.75185	0.000127405	
-2.75155	0.000127405	
-2.75124	0.000127405	
-2.75093	0.000127405	
-2.75063	0.000127405	
-2.75032	0.000127405	
-2.75002	0.000127405	
-2.74971	0.000127405	
-2.74941	0.000127405	
-2.7491	0.000127405	
-2.7488	0.000127405	
-2.74849	0.000127405	
-2.74818	0.000127405	
-2.74788	0.000127405	
-2.74757	0.000127405	
-2.74727	0.000127405	
-2.74696	0.000127405	
-2.74666	0.000127405	
-2.74635	0.000127405	
-2.74605	0.000127405	
-2.74574	0.000127405	
-2.74543	0.000127405	
-2.74513	0.000127405	
-2.74482	0.000127405	
-2.74452	0.000127405	
-2.74421	0.000127405	
-2.74391	0.000127405	
-2.7436	0.000127405	
-2.7433	0.000127405	
-2.74299	0.000127405	
-2.74268	0.000127777	
-2.74238	0.000127777	
-2.74207	0.000127777	
-2.74177	0.000127777	
-2.74146	0.000127777	
-2.74116	0.000127777	
-2.74085	0.000127777	
-2.74055	0.000127777	
-2.74024	0.000127777	
-2.73993	0.000127777	
-2.73963	0.000127777	
-2.73932	0.000127777	
-2.73902	0.000127777	
-2.73871	0.000127777	
-2.73841	0.000127777	
-2.7381	0.000127777	
-2.7378	0.000127777	
-2.73749	0.000127777	
-2.73718	0.000127777	
-2.73688	0.000127777	
-2.73657	0.000127777	
-2.73627	0.000127777	
-2.73596	0.000127777	
-2.73566	0.000127777	
-2.73535	0.000127777	
-2.73505	0.000127777	
-2.73474	0.000127777	
-2.73443	0.000127777	
-2.73413	0.000127777	
-2.73382	0.000127777	
-2.73352	0.000127777	
-2.73321	0.00012815	
-2.73291	0.00012815	
-2.7326	0.00012815	
-2.7323	0.00012815	
-2.73199	0.00012815	
-2.73168	0.00012815	
-2.73138	0.00012815	
-2.73107	0.00012815	
-2.73077	0.00012815	
-2.73046	0.00012815	
-2.73016	0.00012815	
-2.72985	0.00012815	
-2.72955	0.00012815	
-2.72924	0.00012815	
-2.72893	0.00012815	
-2.72863	0.00012815	
-2.72832	0.00012815	
-2.72802	0.00012815	
-2.72771	0.00012815	
-2.72741	0.00012815	
-2.7271	0.00012815	
-2.7268	0.00012815	
-2.72649	0.00012815	
-2.72618	0.00012815	
-2.72588	0.00012815	
-2.72557	0.00012815	
-2.72527	0.00012815	
-2.72496	0.00012815	
-2.72466	0.00012815	
-2.72435	0.00012815	
-2.72405	0.00012815	
-2.72374	0.000128523	
-2.72343	0.000128523	
-2.72313	0.000128523	
-2.72282	0.000128523	
-2.72252	0.000128523	
-2.72221	0.000128523	
-2.72191	0.000128523	
-2.7216	0.000128523	
-2.7213	0.000128523	
-2.72099	0.000128523	
-2.72068	0.000128523	
-2.72038	0.000128523	
-2.72007	0.000128523	
-2.71977	0.000128523	
-2.71946	0.000128523	
-2.71916	0.000128523	
-2.71885	0.000128523	
-2.71855	0.000128523	
-2.71824	0.000128523	
-2.71793	0.000128523	
-2.71763	0.000128523	
-2.71732	0.000128523	
-2.71702	0.000128523	
-2.71671	0.000128523	
-2.71641	0.000128523	
-2.7161	0.000128523	
-2.71579	0.000128523	
-2.71549	0.000128523	
-2.71518	0.000128523	
-2.71488	0.000128523	
-2.71457	0.000128895	
-2.71427	0.000128895	
-2.71396	0.000128895	
-2.71366	0.000128895	
-2.71335	0.000128895	
-2.71304	0.000128895	
-2.71274	0.000128895	
-2.71243	0.000128895	
-2.71213	0.000128895	
-2.71182	0.000128895	
-2.71152	0.000128895	
-2.71121	0.000128895	
-2.71091	0.000128895	
-2.7106	0.000128895	
-2.71029	0.000128895	
-2.70999	0.000128895	
-2.70968	0.000128895	
-2.70938	0.000128895	
-2.70907	0.000128895	
-2.70877	0.000128895	
-2.70846	0.000128895	
-2.70816	0.000128895	
-2.70785	0.000128895	
-2.70754	0.000128895	
-2.70724	0.000128895	
-2.70693	0.000128895	
-2.70663	0.000128895	
-2.70632	0.000128895	
-2.70602	0.000128895	
-2.70571	0.000128895	
-2.70541	0.000129268	
-2.7051	0.000129268	
-2.70479	0.000129268	
-2.70449	0.000129268	
-2.70418	0.000129268	
-2.70388	0.000129268	
-2.70357	0.000129268	
-2.70327	0.000129268	
-2.70296	0.000129268	
-2.70266	0.000129268	
-2.70235	0.000129268	
-2.70204	0.000129268	
-2.70174	0.000129268	
-2.70143	0.000129268	
-2.70113	0.000129268	
-2.70082	0.000129268	
-2.70052	0.000129268	
-2.70021	0.000129268	
-2.69991	0.000129268	
-2.6996	0.000129268	
-2.69929	0.000129268	
-2.69899	0.000129268	
-2.69868	0.000129268	
-2.69838	0.000129268	
-2.69807	0.000129268	
-2.69777	0.000129268	
-2.69746	0.000129268	
-2.69716	0.000129268	
-2.69685	0.000129268	
-2.69654	0.000129268	
-2.69624	0.000129268	
-2.69593	0.00012964	
-2.69563	0.00012964	
-2.69532	0.00012964	
-2.69502	0.00012964	
-2.69471	0.00012964	
-2.69441	0.00012964	
-2.6941	0.00012964	
-2.69379	0.00012964	
-2.69349	0.00012964	
-2.69318	0.00012964	
-2.69288	0.00012964	
-2.69257	0.00012964	
-2.69227	0.00012964	
-2.69196	0.00012964	
-2.69166	0.00012964	
-2.69135	0.00012964	
-2.69104	0.00012964	
-2.69074	0.00012964	
-2.69043	0.00012964	
-2.69013	0.00012964	
-2.68982	0.00012964	
-2.68952	0.00012964	
-2.68921	0.00012964	
-2.68891	0.00012964	
-2.6886	0.00012964	
-2.68829	0.00012964	
-2.68799	0.00012964	
-2.68768	0.00012964	
-2.68738	0.00012964	
-2.68707	0.00012964	
-2.68677	0.000130013	
-2.68646	0.000130013	
-2.68616	0.000130013	
-2.68585	0.000130013	
-2.68554	0.000130013	
-2.68524	0.000130013	
-2.68493	0.000130013	
-2.68463	0.000130013	
-2.68432	0.000130013	
-2.68402	0.000130013	
-2.68371	0.000130013	
-2.6834	0.000130013	
-2.6831	0.000130013	
-2.68279	0.000130013	
-2.68249	0.000130013	
-2.68218	0.000130013	
-2.68188	0.000130013	
-2.68157	0.000130013	
-2.68127	0.000130013	
-2.68096	0.000130013	
-2.68065	0.000130013	
-2.68035	0.000130013	
-2.68004	0.000130013	
-2.67974	0.000130013	
-2.67943	0.000130013	
-2.67913	0.000130013	
-2.67882	0.000130013	
-2.67852	0.000130013	
-2.67821	0.000130013	
-2.6779	0.000130013	
-2.6776	0.000130385	
-2.67729	0.000130385	
-2.67699	0.000130385	
-2.67668	0.000130385	
-2.67638	0.000130385	
-2.67607	0.000130385	
-2.67577	0.000130385	
-2.67546	0.000130385	
-2.67515	0.000130385	
-2.67485	0.000130385	
-2.67454	0.000130385	
-2.67424	0.000130385	
-2.67393	0.000130385	
-2.67363	0.000130385	
-2.67332	0.000130385	
-2.67302	0.000130385	
-2.67271	0.000130385	
-2.6724	0.000130385	
-2.6721	0.000130385	
-2.67179	0.000130385	
-2.67149	0.000130385	
-2.67118	0.000130385	
-2.67088	0.000130385	
-2.67057	0.000130385	
-2.67027	0.000130385	
-2.66996	0.000130385	
-2.66965	0.000130385	
-2.66935	0.000130385	
-2.66904	0.000130385	
-2.66874	0.000130758	
-2.66843	0.000130758	
-2.66813	0.000130758	
-2.66782	0.000130758	
-2.66752	0.000130758	
-2.66721	0.000130758	
-2.6669	0.000130758	
-2.6666	0.000130758	
-2.66629	0.000130758	
-2.66599	0.000130758	
-2.66568	0.000130758	
-2.66538	0.000130758	
-2.66507	0.000130758	
-2.66477	0.000130758	
-2.66446	0.000130758	
-2.66415	0.000130758	
-2.66385	0.000130758	
-2.66354	0.000130758	
-2.66324	0.000130758	
-2.66293	0.000130758	
-2.66263	0.000130758	
-2.66232	0.000130758	
-2.66202	0.000130758	
-2.66171	0.000130758	
-2.6614	0.000130758	
-2.6611	0.000130758	
-2.66079	0.000130758	
-2.66049	0.000130758	
-2.66018	0.000130758	
-2.65988	0.000130758	
-2.65957	0.00013113	
-2.65927	0.00013113	
-2.65896	0.00013113	
-2.65865	0.00013113	
-2.65835	0.00013113	
-2.65804	0.00013113	
-2.65774	0.00013113	
-2.65743	0.00013113	
-2.65713	0.00013113	
-2.65682	0.00013113	
-2.65652	0.00013113	
-2.65621	0.00013113	
-2.6559	0.00013113	
-2.6556	0.00013113	
-2.65529	0.00013113	
-2.65499	0.00013113	
-2.65468	0.00013113	
-2.65438	0.00013113	
-2.65407	0.00013113	
-2.65377	0.00013113	
-2.65346	0.00013113	
-2.65315	0.00013113	
-2.65285	0.00013113	
-2.65254	0.00013113	
-2.65224	0.00013113	
-2.65193	0.00013113	
-2.65163	0.00013113	
-2.65132	0.00013113	
-2.65102	0.00013113	
-2.65071	0.00013113	
-2.6504	0.000131503	
-2.6501	0.000131503	
-2.64979	0.000131503	
-2.64949	0.000131503	
-2.64918	0.000131503	
-2.64888	0.000131503	
-2.64857	0.000131503	
-2.64826	0.000131503	
-2.64796	0.000131503	
-2.64765	0.000131503	
-2.64735	0.000131503	
-2.64704	0.000131503	
-2.64674	0.000131503	
-2.64643	0.000131503	
-2.64613	0.000131503	
-2.64582	0.000131503	
-2.64551	0.000131503	
-2.64521	0.000131503	
-2.6449	0.000131503	
-2.6446	0.000131503	
-2.64429	0.000131503	
-2.64399	0.000131503	
-2.64368	0.000131503	
-2.64338	0.000131503	
-2.64307	0.000131503	
-2.64276	0.000131503	
-2.64246	0.000131503	
-2.64215	0.000131503	
-2.64185	0.000131503	
-2.64154	0.000131875	
-2.64124	0.000131875	
-2.64093	0.000131875	
-2.64063	0.000131875	
-2.64032	0.000131875	
-2.64001	0.000131875	
-2.63971	0.000131875	
-2.6394	0.000131875	
-2.6391	0.000131875	
-2.63879	0.000131875	
-2.63849	0.000131875	
-2.63818	0.000131875	
-2.63788	0.000131875	
-2.63757	0.000131875	
-2.63726	0.000131875	
-2.63696	0.000131875	
-2.63665	0.000131875	
-2.63635	0.000131875	
-2.63604	0.000131875	
-2.63574	0.000131875	
-2.63543	0.000131875	
-2.63513	0.000131875	
-2.63482	0.000131875	
-2.63451	0.000131875	
-2.63421	0.000131875	
-2.6339	0.000131875	
-2.6336	0.000131875	
-2.63329	0.000131875	
-2.63299	0.000131875	
-2.63268	0.000132248	
-2.63238	0.000132248	
-2.63207	0.000132248	
-2.63176	0.000132248	
-2.63146	0.000132248	
-2.63115	0.000132248	
-2.63085	0.000132248	
-2.63054	0.000132248	
-2.63024	0.000132248	
-2.62993	0.000132248	
-2.62963	0.000132248	
-2.62932	0.000132248	
-2.62901	0.000132248	
-2.62871	0.000132248	
-2.6284	0.000132248	
-2.6281	0.000132248	
-2.62779	0.000132248	
-2.62749	0.000132248	
-2.62718	0.000132248	
-2.62688	0.000132248	
-2.62657	0.000132248	
-2.62626	0.000132248	
-2.62596	0.000132248	
-2.62565	0.000132248	
-2.62535	0.000132248	
-2.62504	0.000132248	
-2.62474	0.000132248	
-2.62443	0.000132248	
-2.62413	0.000132248	
-2.62382	0.000132248	
-2.62351	0.00013262	
-2.62321	0.00013262	
-2.6229	0.00013262	
-2.6226	0.00013262	
-2.62229	0.00013262	
-2.62199	0.00013262	
-2.62168	0.00013262	
-2.62138	0.00013262	
-2.62107	0.00013262	
-2.62076	0.00013262	
-2.62046	0.00013262	
-2.62015	0.00013262	
-2.61985	0.00013262	
-2.61954	0.00013262	
-2.61924	0.00013262	
-2.61893	0.00013262	
-2.61863	0.00013262	
-2.61832	0.00013262	
-2.61801	0.00013262	
-2.61771	0.00013262	
-2.6174	0.00013262	
-2.6171	0.00013262	
-2.61679	0.00013262	
-2.61649	0.00013262	
-2.61618	0.00013262	
-2.61588	0.00013262	
-2.61557	0.00013262	
-2.61526	0.00013262	
-2.61496	0.00013262	
-2.61465	0.000132993	
-2.61435	0.000132993	
-2.61404	0.000132993	
-2.61374	0.000132993	
-2.61343	0.000132993	
-2.61312	0.000132993	
-2.61282	0.000132993	
-2.61251	0.000132993	
-2.61221	0.000132993	
-2.6119	0.000132993	
-2.6116	0.000132993	
-2.61129	0.000132993	
-2.61099	0.000132993	
-2.61068	0.000132993	
-2.61037	0.000132993	
-2.61007	0.000132993	
-2.60976	0.000132993	
-2.60946	0.000132993	
-2.60915	0.000132993	
-2.60885	0.000132993	
-2.60854	0.000132993	
-2.60824	0.000132993	
-2.60793	0.000132993	
-2.60762	0.000132993	
-2.60732	0.000132993	
-2.60701	0.000132993	
-2.60671	0.000132993	
-2.6064	0.000132993	
-2.6061	0.000133365	
-2.60579	0.000133365	
-2.60549	0.000133365	
-2.60518	0.000133365	
-2.60487	0.000133365	
-2.60457	0.000133365	
-2.60426	0.000133365	
-2.60396	0.000133365	
-2.60365	0.000133365	
-2.60335	0.000133365	
-2.60304	0.000133365	
-2.60274	0.000133365	
-2.60243	0.000133365	
-2.60212	0.000133365	
-2.60182	0.000133365	
-2.60151	0.000133365	
-2.60121	0.000133365	
-2.6009	0.000133365	
-2.6006	0.000133365	
-2.60029	0.000133365	
-2.59999	0.000133365	
-2.59968	0.000133365	
-2.59937	0.000133365	
-2.59907	0.000133365	
-2.59876	0.000133365	
-2.59846	0.000133365	
-2.59815	0.000133365	
-2.59785	0.000133365	
-2.59754	0.000133365	
-2.59724	0.000133738	
-2.59693	0.000133738	
-2.59662	0.000133738	
-2.59632	0.000133738	
-2.59601	0.000133738	
-2.59571	0.000133738	
-2.5954	0.000133738	
-2.5951	0.000133738	
-2.59479	0.000133738	
-2.59449	0.000133738	
-2.59418	0.000133738	
-2.59387	0.000133738	
-2.59357	0.000133738	
-2.59326	0.000133738	
-2.59296	0.000133738	
-2.59265	0.000133738	
-2.59235	0.000133738	
-2.59204	0.000133738	
-2.59174	0.000133738	
-2.59143	0.000133738	
-2.59112	0.000133738	
-2.59082	0.000133738	
-2.59051	0.000133738	
-2.59021	0.000133738	
-2.5899	0.000133738	
-2.5896	0.000133738	
-2.58929	0.000133738	
-2.58899	0.000133738	
-2.58868	0.000133738	
-2.58837	0.00013411	
-2.58807	0.00013411	
-2.58776	0.00013411	
-2.58746	0.00013411	
-2.58715	0.00013411	
-2.58685	0.00013411	
-2.58654	0.00013411	
-2.58624	0.00013411	
-2.58593	0.00013411	
-2.58562	0.00013411	
-2.58532	0.00013411	
-2.58501	0.00013411	
-2.58471	0.00013411	
-2.5844	0.00013411	
-2.5841	0.00013411	
-2.58379	0.00013411	
-2.58349	0.00013411	
-2.58318	0.00013411	
-2.58287	0.00013411	
-2.58257	0.00013411	
-2.58226	0.00013411	
-2.58196	0.00013411	
-2.58165	0.00013411	
-2.58135	0.00013411	
-2.58104	0.00013411	
-2.58073	0.00013411	
-2.58043	0.00013411	
-2.58012	0.00013411	
-2.57982	0.000134483	
-2.57951	0.000134483	
-2.57921	0.000134483	
-2.5789	0.000134483	
-2.5786	0.000134483	
-2.57829	0.000134483	
-2.57798	0.000134483	
-2.57768	0.000134483	
-2.57737	0.000134483	
-2.57707	0.000134483	
-2.57676	0.000134483	
-2.57646	0.000134483	
-2.57615	0.000134483	
-2.57585	0.000134483	
-2.57554	0.000134483	
-2.57523	0.000134483	
-2.57493	0.000134483	
-2.57462	0.000134483	
-2.57432	0.000134483	
-2.57401	0.000134483	
-2.57371	0.000134483	
-2.5734	0.000134483	
-2.5731	0.000134483	
-2.57279	0.000134483	
-2.57248	0.000134483	
-2.57218	0.000134483	
-2.57187	0.000134483	
-2.57157	0.000134856	
-2.57126	0.000134856	
-2.57096	0.000134856	
-2.57065	0.000134856	
-2.57035	0.000134856	
-2.57004	0.000134856	
-2.56973	0.000134856	
-2.56943	0.000134856	
-2.56912	0.000134856	
-2.56882	0.000134856	
-2.56851	0.000134856	
-2.56821	0.000134856	
-2.5679	0.000134856	
-2.5676	0.000134856	
-2.56729	0.000134856	
-2.56698	0.000134856	
-2.56668	0.000134856	
-2.56637	0.000134856	
-2.56607	0.000134856	
-2.56576	0.000134856	
-2.56546	0.000134856	
-2.56515	0.000134856	
-2.56485	0.000134856	
-2.56454	0.000134856	
-2.56423	0.000134856	
-2.56393	0.000134856	
-2.56362	0.000134856	
-2.56332	0.000134856	
-2.56301	0.000135228	
-2.56271	0.000135228	
-2.5624	0.000135228	
-2.5621	0.000135228	
-2.56179	0.000135228	
-2.56148	0.000135228	
-2.56118	0.000135228	
-2.56087	0.000135228	
-2.56057	0.000135228	
-2.56026	0.000135228	
-2.55996	0.000135228	
-2.55965	0.000135228	
-2.55935	0.000135228	
-2.55904	0.000135228	
-2.55873	0.000135228	
-2.55843	0.000135228	
-2.55812	0.000135228	
-2.55782	0.000135228	
-2.55751	0.000135228	
-2.55721	0.000135228	
-2.5569	0.000135228	
-2.5566	0.000135228	
-2.55629	0.000135228	
-2.55598	0.000135228	
-2.55568	0.000135228	
-2.55537	0.000135228	
-2.55507	0.000135228	
-2.55476	0.000135228	
-2.55446	0.000135601	
-2.55415	0.000135601	
-2.55385	0.000135601	
-2.55354	0.000135601	
-2.55323	0.000135601	
-2.55293	0.000135601	
-2.55262	0.000135601	
-2.55232	0.000135601	
-2.55201	0.000135601	
-2.55171	0.000135601	
-2.5514	0.000135601	
-2.5511	0.000135601	
-2.55079	0.000135601	
-2.55048	0.000135601	
-2.55018	0.000135601	
-2.54987	0.000135601	
-2.54957	0.000135601	
-2.54926	0.000135601	
-2.54896	0.000135601	
-2.54865	0.000135601	
-2.54835	0.000135601	
-2.54804	0.000135601	
-2.54773	0.000135601	
-2.54743	0.000135601	
-2.54712	0.000135601	
-2.54682	0.000135601	
-2.54651	0.000135601	
-2.54621	0.000135601	
-2.5459	0.000135973	
-2.54559	0.000135973	
-2.54529	0.000135973	
-2.54498	0.000135973	
-2.54468	0.000135973	
-2.54437	0.000135973	
-2.54407	0.000135973	
-2.54376	0.000135973	
-2.54346	0.000135973	
-2.54315	0.000135973	
-2.54284	0.000135973	
-2.54254	0.000135973	
-2.54223	0.000135973	
-2.54193	0.000135973	
-2.54162	0.000135973	
-2.54132	0.000135973	
-2.54101	0.000135973	
-2.54071	0.000135973	
-2.5404	0.000135973	
-2.54009	0.000135973	
-2.53979	0.000135973	
-2.53948	0.000135973	
-2.53918	0.000135973	
-2.53887	0.000135973	
-2.53857	0.000135973	
-2.53826	0.000135973	
-2.53796	0.000135973	
-2.53765	0.000135973	
-2.53734	0.000136346	
-2.53704	0.000136346	
-2.53673	0.000136346	
-2.53643	0.000136346	
-2.53612	0.000136346	
-2.53582	0.000136346	
-2.53551	0.000136346	
-2.53521	0.000136346	
-2.5349	0.000136346	
-2.53459	0.000136346	
-2.53429	0.000136346	
-2.53398	0.000136346	
-2.53368	0.000136346	
-2.53337	0.000136346	
-2.53307	0.000136346	
-2.53276	0.000136346	
-2.53246	0.000136346	
-2.53215	0.000136346	
-2.53184	0.000136346	
-2.53154	0.000136346	
-2.53123	0.000136346	
-2.53093	0.000136346	
-2.53062	0.000136346	
-2.53032	0.000136346	
-2.53001	0.000136346	
-2.52971	0.000136346	
-2.5294	0.000136346	
-2.52909	0.000136346	
-2.52879	0.000136718	
-2.52848	0.000136718	
-2.52818	0.000136718	
-2.52787	0.000136718	
-2.52757	0.000136718	
-2.52726	0.000136718	
-2.52696	0.000136718	
-2.52665	0.000136718	
-2.52634	0.000136718	
-2.52604	0.000136718	
-2.52573	0.000136718	
-2.52543	0.000136718	
-2.52512	0.000136718	
-2.52482	0.000136718	
-2.52451	0.000136718	
-2.52421	0.000136718	
-2.5239	0.000136718	
-2.52359	0.000136718	
-2.52329	0.000136718	
-2.52298	0.000136718	
-2.52268	0.000136718	
-2.52237	0.000136718	
-2.52207	0.000136718	
-2.52176	0.000136718	
-2.52146	0.000136718	
-2.52115	0.000136718	
-2.52084	0.000136718	
-2.52054	0.000136718	
-2.52023	0.000137091	
-2.51993	0.000137091	
-2.51962	0.000137091	
-2.51932	0.000137091	
-2.51901	0.000137091	
-2.51871	0.000137091	
-2.5184	0.000137091	
-2.51809	0.000137091	
-2.51779	0.000137091	
-2.51748	0.000137091	
-2.51718	0.000137091	
-2.51687	0.000137091	
-2.51657	0.000137091	
-2.51626	0.000137091	
-2.51596	0.000137091	
-2.51565	0.000137091	
-2.51534	0.000137091	
-2.51504	0.000137091	
-2.51473	0.000137091	
-2.51443	0.000137091	
-2.51412	0.000137091	
-2.51382	0.000137091	
-2.51351	0.000137091	
-2.5132	0.000137091	
-2.5129	0.000137091	
-2.51259	0.000137091	
-2.51229	0.000137091	
-2.51198	0.000137463	
-2.51168	0.000137463	
-2.51137	0.000137463	
-2.51107	0.000137463	
-2.51076	0.000137463	
-2.51045	0.000137463	
-2.51015	0.000137463	
-2.50984	0.000137463	
-2.50954	0.000137463	
-2.50923	0.000137463	
-2.50893	0.000137463	
-2.50862	0.000137463	
-2.50832	0.000137463	
-2.50801	0.000137463	
-2.5077	0.000137463	
-2.5074	0.000137463	
-2.50709	0.000137463	
-2.50679	0.000137463	
-2.50648	0.000137463	
-2.50618	0.000137463	
-2.50587	0.000137463	
-2.50557	0.000137463	
-2.50526	0.000137463	
-2.50495	0.000137463	
-2.50465	0.000137463	
-2.50434	0.000137463	
-2.50404	0.000137463	
-2.50373	0.000137836	
-2.50343	0.000137836	
-2.50312	0.000137836	
-2.50282	0.000137836	
-2.50251	0.000137836	
-2.5022	0.000137836	
-2.5019	0.000137836	
-2.50159	0.000137836	
-2.50129	0.000137836	
-2.50098	0.000137836	
-2.50068	0.000137836	
-2.50037	0.000137836	
-2.50007	0.000137836	
-2.49976	0.000137836	
-2.49945	0.000137836	
-2.49915	0.000137836	
-2.49884	0.000137836	
-2.49854	0.000137836	
-2.49823	0.000137836	
-2.49793	0.000137836	
-2.49762	0.000137836	
-2.49732	0.000137836	
-2.49701	0.000137836	
-2.4967	0.000137836	
-2.4964	0.000137836	
-2.49609	0.000137836	
-2.49579	0.000137836	
-2.49548	0.000137836	
-2.49518	0.000138208	
-2.49487	0.000138208	
-2.49457	0.000138208	
-2.49426	0.000138208	
-2.49395	0.000138208	
-2.49365	0.000138208	
-2.49334	0.000138208	
-2.49304	0.000138208	
-2.49273	0.000138208	
-2.49243	0.000138208	
-2.49212	0.000138208	
-2.49182	0.000138208	
-2.49151	0.000138208	
-2.4912	0.000138208	
-2.4909	0.000138208	
-2.49059	0.000138208	
-2.49029	0.000138208	
-2.48998	0.000138208	
-2.48968	0.000138208	
-2.48937	0.000138208	
-2.48907	0.000138208	
-2.48876	0.000138208	
-2.48845	0.000138208	
-2.48815	0.000138208	
-2.48784	0.000138208	
-2.48754	0.000138208	
-2.48723	0.000138208	
-2.48693	0.000138581	
-2.48662	0.000138581	
-2.48632	0.000138581	
-2.48601	0.000138581	
-2.4857	0.000138581	
-2.4854	0.000138581	
-2.48509	0.000138581	
-2.48479	0.000138581	
-2.48448	0.000138581	
-2.48418	0.000138581	
-2.48387	0.000138581	
-2.48357	0.000138581	
-2.48326	0.000138581	
-2.48295	0.000138581	
-2.48265	0.000138581	
-2.48234	0.000138581	
-2.48204	0.000138581	
-2.48173	0.000138581	
-2.48143	0.000138581	
-2.48112	0.000138581	
-2.48082	0.000138581	
-2.48051	0.000138581	
-2.4802	0.000138581	
-2.4799	0.000138581	
-2.47959	0.000138581	
-2.47929	0.000138581	
-2.47898	0.000138581	
-2.47868	0.000138953	
-2.47837	0.000138953	
-2.47806	0.000138953	
-2.47776	0.000138953	
-2.47745	0.000138953	
-2.47715	0.000138953	
-2.47684	0.000138953	
-2.47654	0.000138953	
-2.47623	0.000138953	
-2.47593	0.000138953	
-2.47562	0.000138953	
-2.47531	0.000138953	
-2.47501	0.000138953	
-2.4747	0.000138953	
-2.4744	0.000138953	
-2.47409	0.000138953	
-2.47379	0.000138953	
-2.47348	0.000138953	
-2.47318	0.000138953	
-2.47287	0.000138953	
-2.47256	0.000138953	
-2.47226	0.000138953	
-2.47195	0.000138953	
-2.47165	0.000138953	
-2.47134	0.000138953	
-2.47104	0.000138953	
-2.47073	0.000138953	
-2.47043	0.000139326	
-2.47012	0.000139326	
-2.46981	0.000139326	
-2.46951	0.000139326	
-2.4692	0.000139326	
-2.4689	0.000139326	
-2.46859	0.000139326	
-2.46829	0.000139326	
-2.46798	0.000139326	
-2.46768	0.000139326	
-2.46737	0.000139326	
-2.46706	0.000139326	
-2.46676	0.000139326	
-2.46645	0.000139326	
-2.46615	0.000139326	
-2.46584	0.000139326	
-2.46554	0.000139326	
-2.46523	0.000139326	
-2.46493	0.000139326	
-2.46462	0.000139326	
-2.46431	0.000139326	
-2.46401	0.000139326	
-2.4637	0.000139326	
-2.4634	0.000139326	
-2.46309	0.000139326	
-2.46279	0.000139326	
-2.46248	0.000139326	
-2.46218	0.000139698	
-2.46187	0.000139698	
-2.46156	0.000139698	
-2.46126	0.000139698	
-2.46095	0.000139698	
-2.46065	0.000139698	
-2.46034	0.000139698	
-2.46004	0.000139698	
-2.45973	0.000139698	
-2.45943	0.000139698	
-2.45912	0.000139698	
-2.45881	0.000139698	
-2.45851	0.000139698	
-2.4582	0.000139698	
-2.4579	0.000139698	
-2.45759	0.000139698	
-2.45729	0.000139698	
-2.45698	0.000139698	
-2.45668	0.000139698	
-2.45637	0.000139698	
-2.45606	0.000139698	
-2.45576	0.000139698	
-2.45545	0.000139698	
-2.45515	0.000139698	
-2.45484	0.000139698	
-2.45454	0.000139698	
-2.45423	0.000140071	
-2.45393	0.000140071	
-2.45362	0.000140071	
-2.45331	0.000140071	
-2.45301	0.000140071	
-2.4527	0.000140071	
-2.4524	0.000140071	
-2.45209	0.000140071	
-2.45179	0.000140071	
-2.45148	0.000140071	
-2.45118	0.000140071	
-2.45087	0.000140071	
-2.45056	0.000140071	
-2.45026	0.000140071	
-2.44995	0.000140071	
-2.44965	0.000140071	
-2.44934	0.000140071	
-2.44904	0.000140071	
-2.44873	0.000140071	
-2.44843	0.000140071	
-2.44812	0.000140071	
-2.44781	0.000140071	
-2.44751	0.000140071	
-2.4472	0.000140071	
-2.4469	0.000140071	
-2.44659	0.000140071	
-2.44629	0.000140071	
-2.44598	0.000140443	
-2.44568	0.000140443	
-2.44537	0.000140443	
-2.44506	0.000140443	
-2.44476	0.000140443	
-2.44445	0.000140443	
-2.44415	0.000140443	
-2.44384	0.000140443	
-2.44354	0.000140443	
-2.44323	0.000140443	
-2.44292	0.000140443	
-2.44262	0.000140443	
-2.44231	0.000140443	
-2.44201	0.000140443	
-2.4417	0.000140443	
-2.4414	0.000140443	
-2.44109	0.000140443	
-2.44079	0.000140443	
-2.44048	0.000140443	
-2.44017	0.000140443	
-2.43987	0.000140443	
-2.43956	0.000140443	
-2.43926	0.000140443	
-2.43895	0.000140443	
-2.43865	0.000140443	
-2.43834	0.000140443	
-2.43804	0.000140816	
-2.43773	0.000140816	
-2.43742	0.000140816	
-2.43712	0.000140816	
-2.43681	0.000140816	
-2.43651	0.000140816	
-2.4362	0.000140816	
-2.4359	0.000140816	
-2.43559	0.000140816	
-2.43529	0.000140816	
-2.43498	0.000140816	
-2.43467	0.000140816	
-2.43437	0.000140816	
-2.43406	0.000140816	
-2.43376	0.000140816	
-2.43345	0.000140816	
-2.43315	0.000140816	
-2.43284	0.000140816	
-2.43254	0.000140816	
-2.43223	0.000140816	
-2.43192	0.000140816	
-2.43162	0.000140816	
-2.43131	0.000140816	
-2.43101	0.000140816	
-2.4307	0.000140816	
-2.4304	0.000140816	
-2.43009	0.000140816	
-2.42979	0.000141189	
-2.42948	0.000141189	
-2.42917	0.000141189	
-2.42887	0.000141189	
-2.42856	0.000141189	
-2.42826	0.000141189	
-2.42795	0.000141189	
-2.42765	0.000141189	
-2.42734	0.000141189	
-2.42704	0.000141189	
-2.42673	0.000141189	
-2.42642	0.000141189	
-2.42612	0.000141189	
-2.42581	0.000141189	
-2.42551	0.000141189	
-2.4252	0.000141189	
-2.4249	0.000141189	
-2.42459	0.000141189	
-2.42429	0.000141189	
-2.42398	0.000141189	
-2.42367	0.000141189	
-2.42337	0.000141189	
-2.42306	0.000141189	
-2.42276	0.000141189	
-2.42245	0.000141189	
-2.42215	0.000141189	
-2.42184	0.000141561	
-2.42154	0.000141561	
-2.42123	0.000141561	
-2.42092	0.000141561	
-2.42062	0.000141561	
-2.42031	0.000141561	
-2.42001	0.000141561	
-2.4197	0.000141561	
-2.4194	0.000141561	
-2.41909	0.000141561	
-2.41879	0.000141561	
-2.41848	0.000141561	
-2.41817	0.000141561	
-2.41787	0.000141561	
-2.41756	0.000141561	
-2.41726	0.000141561	
-2.41695	0.000141561	
-2.41665	0.000141561	
-2.41634	0.000141561	
-2.41604	0.000141561	
-2.41573	0.000141561	
-2.41542	0.000141561	
-2.41512	0.000141561	
-2.41481	0.000141561	
-2.41451	0.000141561	
-2.4142	0.000141561	
-2.4139	0.000141934	
-2.41359	0.000141934	
-2.41329	0.000141934	
-2.41298	0.000141934	
-2.41267	0.000141934	
-2.41237	0.000141934	
-2.41206	0.000141934	
-2.41176	0.000141934	
-2.41145	0.000141934	
-2.41115	0.000141934	
-2.41084	0.000141934	
-2.41053	0.000141934	
-2.41023	0.000141934	
-2.40992	0.000141934	
-2.40962	0.000141934	
-2.40931	0.000141934	
-2.40901	0.000141934	
-2.4087	0.000141934	
-2.4084	0.000141934	
-2.40809	0.000141934	
-2.40778	0.000141934	
-2.40748	0.000141934	
-2.40717	0.000141934	
-2.40687	0.000141934	
-2.40656	0.000141934	
-2.40626	0.000141934	
-2.40595	0.000142306	
-2.40565	0.000142306	
-2.40534	0.000142306	
-2.40503	0.000142306	
-2.40473	0.000142306	
-2.40442	0.000142306	
-2.40412	0.000142306	
-2.40381	0.000142306	
-2.40351	0.000142306	
-2.4032	0.000142306	
-2.4029	0.000142306	
-2.40259	0.000142306	
-2.40228	0.000142306	
-2.40198	0.000142306	
-2.40167	0.000142306	
-2.40137	0.000142306	
-2.40106	0.000142306	
-2.40076	0.000142306	
-2.40045	0.000142306	
-2.40015	0.000142306	
-2.39984	0.000142306	
-2.39953	0.000142306	
-2.39923	0.000142306	
-2.39892	0.000142306	
-2.39862	0.000142306	
-2.39831	0.000142306	
-2.39801	0.000142679	
-2.3977	0.000142679	
-2.3974	0.000142679	
-2.39709	0.000142679	
-2.39678	0.000142679	
-2.39648	0.000142679	
-2.39617	0.000142679	
-2.39587	0.000142679	
-2.39556	0.000142679	
-2.39526	0.000142679	
-2.39495	0.000142679	
-2.39465	0.000142679	
-2.39434	0.000142679	
-2.39403	0.000142679	
-2.39373	0.000142679	
-2.39342	0.000142679	
-2.39312	0.000142679	
-2.39281	0.000142679	
-2.39251	0.000142679	
-2.3922	0.000142679	
-2.3919	0.000142679	
-2.39159	0.000142679	
-2.39128	0.000142679	
-2.39098	0.000142679	
-2.39067	0.000142679	
-2.39037	0.000142679	
-2.39006	0.000143051	
-2.38976	0.000143051	
-2.38945	0.000143051	
-2.38915	0.000143051	
-2.38884	0.000143051	
-2.38853	0.000143051	
-2.38823	0.000143051	
-2.38792	0.000143051	
-2.38762	0.000143051	
-2.38731	0.000143051	
-2.38701	0.000143051	
-2.3867	0.000143051	
-2.3864	0.000143051	
-2.38609	0.000143051	
-2.38578	0.000143051	
-2.38548	0.000143051	
-2.38517	0.000143051	
-2.38487	0.000143051	
-2.38456	0.000143051	
-2.38426	0.000143051	
-2.38395	0.000143051	
-2.38365	0.000143051	
-2.38334	0.000143051	
-2.38303	0.000143051	
-2.38273	0.000143051	
-2.38242	0.000143424	
-2.38212	0.000143424	
-2.38181	0.000143424	
-2.38151	0.000143424	
-2.3812	0.000143424	
-2.3809	0.000143424	
-2.38059	0.000143424	
-2.38028	0.000143424	
-2.37998	0.000143424	
-2.37967	0.000143424	
-2.37937	0.000143424	
-2.37906	0.000143424	
-2.37876	0.000143424	
-2.37845	0.000143424	
-2.37815	0.000143424	
-2.37784	0.000143424	
-2.37753	0.000143424	
-2.37723	0.000143424	
-2.37692	0.000143424	
-2.37662	0.000143424	
-2.37631	0.000143424	
-2.37601	0.000143424	
-2.3757	0.000143424	
-2.37539	0.000143424	
-2.37509	0.000143424	
-2.37478	0.000143424	
-2.37448	0.000143796	
-2.37417	0.000143796	
-2.37387	0.000143796	
-2.37356	0.000143796	
-2.37326	0.000143796	
-2.37295	0.000143796	
-2.37264	0.000143796	
-2.37234	0.000143796	
-2.37203	0.000143796	
-2.37173	0.000143796	
-2.37142	0.000143796	
-2.37112	0.000143796	
-2.37081	0.000143796	
-2.37051	0.000143796	
-2.3702	0.000143796	
-2.36989	0.000143796	
-2.36959	0.000143796	
-2.36928	0.000143796	
-2.36898	0.000143796	
-2.36867	0.000143796	
-2.36837	0.000143796	
-2.36806	0.000143796	
-2.36776	0.000143796	
-2.36745	0.000143796	
-2.36714	0.000143796	
-2.36684	0.000144169	
-2.36653	0.000144169	
-2.36623	0.000144169	
-2.36592	0.000144169	
-2.36562	0.000144169	
-2.36531	0.000144169	
-2.36501	0.000144169	
-2.3647	0.000144169	
-2.36439	0.000144169	
-2.36409	0.000144169	
-2.36378	0.000144169	
-2.36348	0.000144169	
-2.36317	0.000144169	
-2.36287	0.000144169	
-2.36256	0.000144169	
-2.36226	0.000144169	
-2.36195	0.000144169	
-2.36164	0.000144169	
-2.36134	0.000144169	
-2.36103	0.000144169	
-2.36073	0.000144169	
-2.36042	0.000144169	
-2.36012	0.000144169	
-2.35981	0.000144169	
-2.35951	0.000144169	
-2.3592	0.000144169	
-2.35889	0.000144541	
-2.35859	0.000144541	
-2.35828	0.000144541	
-2.35798	0.000144541	
-2.35767	0.000144541	
-2.35737	0.000144541	
-2.35706	0.000144541	
-2.35676	0.000144541	
-2.35645	0.000144541	
-2.35614	0.000144541	
-2.35584	0.000144541	
-2.35553	0.000144541	
-2.35523	0.000144541	
-2.35492	0.000144541	
-2.35462	0.000144541	
-2.35431	0.000144541	
-2.35401	0.000144541	
-2.3537	0.000144541	
-2.35339	0.000144541	
-2.35309	0.000144541	
-2.35278	0.000144541	
-2.35248	0.000144541	
-2.35217	0.000144541	
-2.35187	0.000144541	
-2.35156	0.000144541	
-2.35126	0.000144914	
-2.35095	0.000144914	
-2.35064	0.000144914	
-2.35034	0.000144914	
-2.35003	0.000144914	
-2.34973	0.000144914	
-2.34942	0.000144914	
-2.34912	0.000144914	
-2.34881	0.000144914	
-2.34851	0.000144914	
-2.3482	0.000144914	
-2.34789	0.000144914	
-2.34759	0.000144914	
-2.34728	0.000144914	
-2.34698	0.000144914	
-2.34667	0.000144914	
-2.34637	0.000144914	
-2.34606	0.000144914	
-2.34576	0.000144914	
-2.34545	0.000144914	
-2.34514	0.000144914	
-2.34484	0.000144914	
-2.34453	0.000144914	
-2.34423	0.000144914	
-2.34392	0.000144914	
-2.34362	0.000145286	
-2.34331	0.000145286	
-2.343	0.000145286	
-2.3427	0.000145286	
-2.34239	0.000145286	
-2.34209	0.000145286	
-2.34178	0.000145286	
-2.34148	0.000145286	
-2.34117	0.000145286	
-2.34087	0.000145286	
-2.34056	0.000145286	
-2.34025	0.000145286	
-2.33995	0.000145286	
-2.33964	0.000145286	
-2.33934	0.000145286	
-2.33903	0.000145286	
-2.33873	0.000145286	
-2.33842	0.000145286	
-2.33812	0.000145286	
-2.33781	0.000145286	
-2.3375	0.000145286	
-2.3372	0.000145286	
-2.33689	0.000145286	
-2.33659	0.000145286	
-2.33628	0.000145286	
-2.33598	0.000145659	
-2.33567	0.000145659	
-2.33537	0.000145659	
-2.33506	0.000145659	
-2.33475	0.000145659	
-2.33445	0.000145659	
-2.33414	0.000145659	
-2.33384	0.000145659	
-2.33353	0.000145659	
-2.33323	0.000145659	
-2.33292	0.000145659	
-2.33262	0.000145659	
-2.33231	0.000145659	
-2.332	0.000145659	
-2.3317	0.000145659	
-2.33139	0.000145659	
-2.33109	0.000145659	
-2.33078	0.000145659	
-2.33048	0.000145659	
-2.33017	0.000145659	
-2.32987	0.000145659	
-2.32956	0.000145659	
-2.32925	0.000145659	
-2.32895	0.000145659	
-2.32864	0.000145659	
-2.32834	0.000146031	
-2.32803	0.000146031	
-2.32773	0.000146031	
-2.32742	0.000146031	
-2.32712	0.000146031	
-2.32681	0.000146031	
-2.3265	0.000146031	
-2.3262	0.000146031	
-2.32589	0.000146031	
-2.32559	0.000146031	
-2.32528	0.000146031	
-2.32498	0.000146031	
-2.32467	0.000146031	
-2.32437	0.000146031	
-2.32406	0.000146031	
-2.32375	0.000146031	
-2.32345	0.000146031	
-2.32314	0.000146031	
-2.32284	0.000146031	
-2.32253	0.000146031	
-2.32223	0.000146031	
-2.32192	0.000146031	
-2.32162	0.000146031	
-2.32131	0.000146031	
-2.321	0.000146031	
-2.3207	0.000146404	
-2.32039	0.000146404	
-2.32009	0.000146404	
-2.31978	0.000146404	
-2.31948	0.000146404	
-2.31917	0.000146404	
-2.31887	0.000146404	
-2.31856	0.000146404	
-2.31825	0.000146404	
-2.31795	0.000146404	
-2.31764	0.000146404	
-2.31734	0.000146404	
-2.31703	0.000146404	
-2.31673	0.000146404	
-2.31642	0.000146404	
-2.31612	0.000146404	
-2.31581	0.000146404	
-2.3155	0.000146404	
-2.3152	0.000146404	
-2.31489	0.000146404	
-2.31459	0.000146404	
-2.31428	0.000146404	
-2.31398	0.000146404	
-2.31367	0.000146404	
-2.31337	0.000146404	
-2.31306	0.000146776	
-2.31275	0.000146776	
-2.31245	0.000146776	
-2.31214	0.000146776	
-2.31184	0.000146776	
-2.31153	0.000146776	
-2.31123	0.000146776	
-2.31092	0.000146776	
-2.31062	0.000146776	
-2.31031	0.000146776	
-2.31	0.000146776	
-2.3097	0.000146776	
-2.30939	0.000146776	
-2.30909	0.000146776	
-2.30878	0.000146776	
-2.30848	0.000146776	
-2.30817	0.000146776	
-2.30786	0.000146776	
-2.30756	0.000146776	
-2.30725	0.000146776	
-2.30695	0.000146776	
-2.30664	0.000146776	
-2.30634	0.000146776	
-2.30603	0.000146776	
-2.30573	0.000147149	
-2.30542	0.000147149	
-2.30511	0.000147149	
-2.30481	0.000147149	
-2.3045	0.000147149	
-2.3042	0.000147149	
-2.30389	0.000147149	
-2.30359	0.000147149	
-2.30328	0.000147149	
-2.30298	0.000147149	
-2.30267	0.000147149	
-2.30236	0.000147149	
-2.30206	0.000147149	
-2.30175	0.000147149	
-2.30145	0.000147149	
-2.30114	0.000147149	
-2.30084	0.000147149	
-2.30053	0.000147149	
-2.30023	0.000147149	
-2.29992	0.000147149	
-2.29961	0.000147149	
-2.29931	0.000147149	
-2.299	0.000147149	
-2.2987	0.000147149	
-2.29839	0.000147149	
-2.29809	0.000147521	
-2.29778	0.000147521	
-2.29748	0.000147521	
-2.29717	0.000147521	
-2.29686	0.000147521	
-2.29656	0.000147521	
-2.29625	0.000147521	
-2.29595	0.000147521	
-2.29564	0.000147521	
-2.29534	0.000147521	
-2.29503	0.000147521	
-2.29473	0.000147521	
-2.29442	0.000147521	
-2.29411	0.000147521	
-2.29381	0.000147521	
-2.2935	0.000147521	
-2.2932	0.000147521	
-2.29289	0.000147521	
-2.29259	0.000147521	
-2.29228	0.000147521	
-2.29198	0.000147521	
-2.29167	0.000147521	
-2.29136	0.000147521	
-2.29106	0.000147521	
-2.29075	0.000147894	
-2.29045	0.000147894	
-2.29014	0.000147894	
-2.28984	0.000147894	
-2.28953	0.000147894	
-2.28923	0.000147894	
-2.28892	0.000147894	
-2.28861	0.000147894	
-2.28831	0.000147894	
-2.288	0.000147894	
-2.2877	0.000147894	
-2.28739	0.000147894	
-2.28709	0.000147894	
-2.28678	0.000147894	
-2.28648	0.000147894	
-2.28617	0.000147894	
-2.28586	0.000147894	
-2.28556	0.000147894	
-2.28525	0.000147894	
-2.28495	0.000147894	
-2.28464	0.000147894	
-2.28434	0.000147894	
-2.28403	0.000147894	
-2.28373	0.000147894	
-2.28342	0.000147894	
-2.28311	0.000148267	
-2.28281	0.000148267	
-2.2825	0.000148267	
-2.2822	0.000148267	
-2.28189	0.000148267	
-2.28159	0.000148267	
-2.28128	0.000148267	
-2.28098	0.000148267	
-2.28067	0.000148267	
-2.28036	0.000148267	
-2.28006	0.000148267	
-2.27975	0.000148267	
-2.27945	0.000148267	
-2.27914	0.000148267	
-2.27884	0.000148267	
-2.27853	0.000148267	
-2.27823	0.000148267	
-2.27792	0.000148267	
-2.27761	0.000148267	
-2.27731	0.000148267	
-2.277	0.000148267	
-2.2767	0.000148267	
-2.27639	0.000148267	
-2.27609	0.000148267	
-2.27578	0.000148639	
-2.27548	0.000148639	
-2.27517	0.000148639	
-2.27486	0.000148639	
-2.27456	0.000148639	
-2.27425	0.000148639	
-2.27395	0.000148639	
-2.27364	0.000148639	
-2.27334	0.000148639	
-2.27303	0.000148639	
-2.27272	0.000148639	
-2.27242	0.000148639	
-2.27211	0.000148639	
-2.27181	0.000148639	
-2.2715	0.000148639	
-2.2712	0.000148639	
-2.27089	0.000148639	
-2.27059	0.000148639	
-2.27028	0.000148639	
-2.26997	0.000148639	
-2.26967	0.000148639	
-2.26936	0.000148639	
-2.26906	0.000148639	
-2.26875	0.000148639	
-2.26845	0.000149012	
-2.26814	0.000149012	
-2.26784	0.000149012	
-2.26753	0.000149012	
-2.26722	0.000149012	
-2.26692	0.000149012	
-2.26661	0.000149012	
-2.26631	0.000149012	
-2.266	0.000149012	
-2.2657	0.000149012	
-2.26539	0.000149012	
-2.26509	0.000149012	
-2.26478	0.000149012	
-2.26447	0.000149012	
-2.26417	0.000149012	
-2.26386	0.000149012	
-2.26356	0.000149012	
-2.26325	0.000149012	
-2.26295	0.000149012	
-2.26264	0.000149012	
-2.26234	0.000149012	
-2.26203	0.000149012	
-2.26172	0.000149012	
-2.26142	0.000149012	
-2.26111	0.000149384	
-2.26081	0.000149384	
-2.2605	0.000149384	
-2.2602	0.000149384	
-2.25989	0.000149384	
-2.25959	0.000149384	
-2.25928	0.000149384	
-2.25897	0.000149384	
-2.25867	0.000149384	
-2.25836	0.000149384	
-2.25806	0.000149384	
-2.25775	0.000149384	
-2.25745	0.000149384	
-2.25714	0.000149384	
-2.25684	0.000149384	
-2.25653	0.000149384	
-2.25622	0.000149384	
-2.25592	0.000149384	
-2.25561	0.000149384	
-2.25531	0.000149384	
-2.255	0.000149384	
-2.2547	0.000149384	
-2.25439	0.000149384	
-2.25409	0.000149384	
-2.25378	0.000149757	
-2.25347	0.000149757	
-2.25317	0.000149757	
-2.25286	0.000149757	
-2.25256	0.000149757	
-2.25225	0.000149757	
-2.25195	0.000149757	
-2.25164	0.000149757	
-2.25134	0.000149757	
-2.25103	0.000149757	
-2.25072	0.000149757	
-2.25042	0.000149757	
-2.25011	0.000149757	
-2.24981	0.000149757	
-2.2495	0.000149757	
-2.2492	0.000149757	
-2.24889	0.000149757	
-2.24859	0.000149757	
-2.24828	0.000149757	
-2.24797	0.000149757	
-2.24767	0.000149757	
-2.24736	0.000149757	
-2.24706	0.000149757	
-2.24675	0.000149757	
-2.24645	0.000150129	
-2.24614	0.000150129	
-2.24584	0.000150129	
-2.24553	0.000150129	
-2.24522	0.000150129	
-2.24492	0.000150129	
-2.24461	0.000150129	
-2.24431	0.000150129	
-2.244	0.000150129	
-2.2437	0.000150129	
-2.24339	0.000150129	
-2.24309	0.000150129	
-2.24278	0.000150129	
-2.24247	0.000150129	
-2.24217	0.000150129	
-2.24186	0.000150129	
-2.24156	0.000150129	
-2.24125	0.000150129	
-2.24095	0.000150129	
-2.24064	0.000150129	
-2.24033	0.000150129	
-2.24003	0.000150129	
-2.23972	0.000150129	
-2.23942	0.000150129	
-2.23911	0.000150502	
-2.23881	0.000150502	
-2.2385	0.000150502	
-2.2382	0.000150502	
-2.23789	0.000150502	
-2.23758	0.000150502	
-2.23728	0.000150502	
-2.23697	0.000150502	
-2.23667	0.000150502	
-2.23636	0.000150502	
-2.23606	0.000150502	
-2.23575	0.000150502	
-2.23545	0.000150502	
-2.23514	0.000150502	
-2.23483	0.000150502	
-2.23453	0.000150502	
-2.23422	0.000150502	
-2.23392	0.000150502	
-2.23361	0.000150502	
-2.23331	0.000150502	
-2.233	0.000150502	
-2.2327	0.000150502	
-2.23239	0.000150502	
-2.23208	0.000150874	
-2.23178	0.000150874	
-2.23147	0.000150874	
-2.23117	0.000150874	
-2.23086	0.000150874	
-2.23056	0.000150874	
-2.23025	0.000150874	
-2.22995	0.000150874	
-2.22964	0.000150874	
-2.22933	0.000150874	
-2.22903	0.000150874	
-2.22872	0.000150874	
-2.22842	0.000150874	
-2.22811	0.000150874	
-2.22781	0.000150874	
-2.2275	0.000150874	
-2.2272	0.000150874	
-2.22689	0.000150874	
-2.22658	0.000150874	
-2.22628	0.000150874	
-2.22597	0.000150874	
-2.22567	0.000150874	
-2.22536	0.000150874	
-2.22506	0.000150874	
-2.22475	0.000151247	
-2.22445	0.000151247	
-2.22414	0.000151247	
-2.22383	0.000151247	
-2.22353	0.000151247	
-2.22322	0.000151247	
-2.22292	0.000151247	
-2.22261	0.000151247	
-2.22231	0.000151247	
-2.222	0.000151247	
-2.2217	0.000151247	
-2.22139	0.000151247	
-2.22108	0.000151247	
-2.22078	0.000151247	
-2.22047	0.000151247	
-2.22017	0.000151247	
-2.21986	0.000151247	
-2.21956	0.000151247	
-2.21925	0.000151247	
-2.21895	0.000151247	
-2.21864	0.000151247	
-2.21833	0.000151247	
-2.21803	0.000151247	
-2.21772	0.000151619	
-2.21742	0.000151619	
-2.21711	0.000151619	
-2.21681	0.000151619	
-2.2165	0.000151619	
-2.2162	0.000151619	
-2.21589	0.000151619	
-2.21558	0.000151619	
-2.21528	0.000151619	
-2.21497	0.000151619	
-2.21467	0.000151619	
-2.21436	0.000151619	
-2.21406	0.000151619	
-2.21375	0.000151619	
-2.21345	0.000151619	
-2.21314	0.000151619	
-2.21283	0.000151619	
-2.21253	0.000151619	
-2.21222	0.000151619	
-2.21192	0.000151619	
-2.21161	0.000151619	
-2.21131	0.000151619	
-2.211	0.000151619	
-2.2107	0.000151619	
-2.21039	0.000151992	
-2.21008	0.000151992	
-2.20978	0.000151992	
-2.20947	0.000151992	
-2.20917	0.000151992	
-2.20886	0.000151992	
-2.20856	0.000151992	
-2.20825	0.000151992	
-2.20795	0.000151992	
-2.20764	0.000151992	
-2.20733	0.000151992	
-2.20703	0.000151992	
-2.20672	0.000151992	
-2.20642	0.000151992	
-2.20611	0.000151992	
-2.20581	0.000151992	
-2.2055	0.000151992	
-2.20519	0.000151992	
-2.20489	0.000151992	
-2.20458	0.000151992	
-2.20428	0.000151992	
-2.20397	0.000151992	
-2.20367	0.000151992	
-2.20336	0.000152364	
-2.20306	0.000152364	
-2.20275	0.000152364	
-2.20244	0.000152364	
-2.20214	0.000152364	
-2.20183	0.000152364	
-2.20153	0.000152364	
-2.20122	0.000152364	
-2.20092	0.000152364	
-2.20061	0.000152364	
-2.20031	0.000152364	
-2.2	0.000152364	
-2.19969	0.000152364	
-2.19939	0.000152364	
-2.19908	0.000152364	
-2.19878	0.000152364	
-2.19847	0.000152364	
-2.19817	0.000152364	
-2.19786	0.000152364	
-2.19756	0.000152364	
-2.19725	0.000152364	
-2.19694	0.000152364	
-2.19664	0.000152364	
-2.19633	0.000152737	
-2.19603	0.000152737	
-2.19572	0.000152737	
-2.19542	0.000152737	
-2.19511	0.000152737	
-2.19481	0.000152737	
-2.1945	0.000152737	
-2.19419	0.000152737	
-2.19389	0.000152737	
-2.19358	0.000152737	
-2.19328	0.000152737	
-2.19297	0.000152737	
-2.19267	0.000152737	
-2.19236	0.000152737	
-2.19206	0.000152737	
-2.19175	0.000152737	
-2.19144	0.000152737	
-2.19114	0.000152737	
-2.19083	0.000152737	
-2.19053	0.000152737	
-2.19022	0.000152737	
-2.18992	0.000152737	
-2.18961	0.000152737	
-2.18931	0.000153109	
-2.189	0.000153109	
-2.18869	0.000153109	
-2.18839	0.000153109	
-2.18808	0.000153109	
-2.18778	0.000153109	
-2.18747	0.000153109	
-2.18717	0.000153109	
-2.18686	0.000153109	
-2.18656	0.000153109	
-2.18625	0.000153109	
-2.18594	0.000153109	
-2.18564	0.000153109	
-2.18533	0.000153109	
-2.18503	0.000153109	
-2.18472	0.000153109	
-2.18442	0.000153109	
-2.18411	0.000153109	
-2.18381	0.000153109	
-2.1835	0.000153109	
-2.18319	0.000153109	
-2.18289	0.000153109	
-2.18258	0.000153109	
-2.18228	0.000153482	
-2.18197	0.000153482	
-2.18167	0.000153482	
-2.18136	0.000153482	
-2.18106	0.000153482	
-2.18075	0.000153482	
-2.18044	0.000153482	
-2.18014	0.000153482	
-2.17983	0.000153482	
-2.17953	0.000153482	
-2.17922	0.000153482	
-2.17892	0.000153482	
-2.17861	0.000153482	
-2.17831	0.000153482	
-2.178	0.000153482	
-2.17769	0.000153482	
-2.17739	0.000153482	
-2.17708	0.000153482	
-2.17678	0.000153482	
-2.17647	0.000153482	
-2.17617	0.000153482	
-2.17586	0.000153482	
-2.17556	0.000153482	
-2.17525	0.000153854	
-2.17494	0.000153854	
-2.17464	0.000153854	
-2.17433	0.000153854	
-2.17403	0.000153854	
-2.17372	0.000153854	
-2.17342	0.000153854	
-2.17311	0.000153854	
-2.1728	0.000153854	
-2.1725	0.000153854	
-2.17219	0.000153854	
-2.17189	0.000153854	
-2.17158	0.000153854	
-2.17128	0.000153854	
-2.17097	0.000153854	
-2.17067	0.000153854	
-2.17036	0.000153854	
-2.17005	0.000153854	
-2.16975	0.000153854	
-2.16944	0.000153854	
-2.16914	0.000153854	
-2.16883	0.000153854	
-2.16853	0.000153854	
-2.16822	0.000154227	
-2.16792	0.000154227	
-2.16761	0.000154227	
-2.1673	0.000154227	
-2.167	0.000154227	
-2.16669	0.000154227	
-2.16639	0.000154227	
-2.16608	0.000154227	
-2.16578	0.000154227	
-2.16547	0.000154227	
-2.16517	0.000154227	
-2.16486	0.000154227	
-2.16455	0.000154227	
-2.16425	0.000154227	
-2.16394	0.000154227	
-2.16364	0.000154227	
-2.16333	0.000154227	
-2.16303	0.000154227	
-2.16272	0.000154227	
-2.16242	0.000154227	
-2.16211	0.000154227	
-2.1618	0.000154227	
-2.1615	0.000154227	
-2.16119	0.0001546	
-2.16089	0.0001546	
-2.16058	0.0001546	
-2.16028	0.0001546	
-2.15997	0.0001546	
-2.15967	0.0001546	
-2.15936	0.0001546	
-2.15905	0.0001546	
-2.15875	0.0001546	
-2.15844	0.0001546	
-2.15814	0.0001546	
-2.15783	0.0001546	
-2.15753	0.0001546	
-2.15722	0.0001546	
-2.15692	0.0001546	
-2.15661	0.0001546	
-2.1563	0.0001546	
-2.156	0.0001546	
-2.15569	0.0001546	
-2.15539	0.0001546	
-2.15508	0.0001546	
-2.15478	0.0001546	
-2.15447	0.000154972	
-2.15417	0.000154972	
-2.15386	0.000154972	
-2.15355	0.000154972	
-2.15325	0.000154972	
-2.15294	0.000154972	
-2.15264	0.000154972	
-2.15233	0.000154972	
-2.15203	0.000154972	
-2.15172	0.000154972	
-2.15142	0.000154972	
-2.15111	0.000154972	
-2.1508	0.000154972	
-2.1505	0.000154972	
-2.15019	0.000154972	
-2.14989	0.000154972	
-2.14958	0.000154972	
-2.14928	0.000154972	
-2.14897	0.000154972	
-2.14867	0.000154972	
-2.14836	0.000154972	
-2.14805	0.000154972	
-2.14775	0.000154972	
-2.14744	0.000155345	
-2.14714	0.000155345	
-2.14683	0.000155345	
-2.14653	0.000155345	
-2.14622	0.000155345	
-2.14592	0.000155345	
-2.14561	0.000155345	
-2.1453	0.000155345	
-2.145	0.000155345	
-2.14469	0.000155345	
-2.14439	0.000155345	
-2.14408	0.000155345	
-2.14378	0.000155345	
-2.14347	0.000155345	
-2.14317	0.000155345	
-2.14286	0.000155345	
-2.14255	0.000155345	
-2.14225	0.000155345	
-2.14194	0.000155345	
-2.14164	0.000155345	
-2.14133	0.000155345	
-2.14103	0.000155345	
-2.14072	0.000155717	
-2.14042	0.000155717	
-2.14011	0.000155717	
-2.1398	0.000155717	
-2.1395	0.000155717	
-2.13919	0.000155717	
-2.13889	0.000155717	
-2.13858	0.000155717	
-2.13828	0.000155717	
-2.13797	0.000155717	
-2.13766	0.000155717	
-2.13736	0.000155717	
-2.13705	0.000155717	
-2.13675	0.000155717	
-2.13644	0.000155717	
-2.13614	0.000155717	
-2.13583	0.000155717	
-2.13553	0.000155717	
-2.13522	0.000155717	
-2.13491	0.000155717	
-2.13461	0.000155717	
-2.1343	0.000155717	
-2.134	0.000155717	
-2.13369	0.00015609	
-2.13339	0.00015609	
-2.13308	0.00015609	
-2.13278	0.00015609	
-2.13247	0.00015609	
-2.13216	0.00015609	
-2.13186	0.00015609	
-2.13155	0.00015609	
-2.13125	0.00015609	
-2.13094	0.00015609	
-2.13064	0.00015609	
-2.13033	0.00015609	
-2.13003	0.00015609	
-2.12972	0.00015609	
-2.12941	0.00015609	
-2.12911	0.00015609	
-2.1288	0.00015609	
-2.1285	0.00015609	
-2.12819	0.00015609	
-2.12789	0.00015609	
-2.12758	0.00015609	
-2.12728	0.00015609	
-2.12697	0.000156462	
-2.12666	0.000156462	
-2.12636	0.000156462	
-2.12605	0.000156462	
-2.12575	0.000156462	
-2.12544	0.000156462	
-2.12514	0.000156462	
-2.12483	0.000156462	
-2.12453	0.000156462	
-2.12422	0.000156462	
-2.12391	0.000156462	
-2.12361	0.000156462	
-2.1233	0.000156462	
-2.123	0.000156462	
-2.12269	0.000156462	
-2.12239	0.000156462	
-2.12208	0.000156462	
-2.12178	0.000156462	
-2.12147	0.000156462	
-2.12116	0.000156462	
-2.12086	0.000156462	
-2.12055	0.000156462	
-2.12025	0.000156835	
-2.11994	0.000156835	
-2.11964	0.000156835	
-2.11933	0.000156835	
-2.11903	0.000156835	
-2.11872	0.000156835	
-2.11841	0.000156835	
-2.11811	0.000156835	
-2.1178	0.000156835	
-2.1175	0.000156835	
-2.11719	0.000156835	
-2.11689	0.000156835	
-2.11658	0.000156835	
-2.11628	0.000156835	
-2.11597	0.000156835	
-2.11566	0.000156835	
-2.11536	0.000156835	
-2.11505	0.000156835	
-2.11475	0.000156835	
-2.11444	0.000156835	
-2.11414	0.000156835	
-2.11383	0.000156835	
-2.11353	0.000157207	
-2.11322	0.000157207	
-2.11291	0.000157207	
-2.11261	0.000157207	
-2.1123	0.000157207	
-2.112	0.000157207	
-2.11169	0.000157207	
-2.11139	0.000157207	
-2.11108	0.000157207	
-2.11078	0.000157207	
-2.11047	0.000157207	
-2.11016	0.000157207	
-2.10986	0.000157207	
-2.10955	0.000157207	
-2.10925	0.000157207	
-2.10894	0.000157207	
-2.10864	0.000157207	
-2.10833	0.000157207	
-2.10803	0.000157207	
-2.10772	0.000157207	
-2.10741	0.000157207	
-2.10711	0.000157207	
-2.1068	0.00015758	
-2.1065	0.00015758	
-2.10619	0.00015758	
-2.10589	0.00015758	
-2.10558	0.00015758	
-2.10528	0.00015758	
-2.10497	0.00015758	
-2.10466	0.00015758	
-2.10436	0.00015758	
-2.10405	0.00015758	
-2.10375	0.00015758	
-2.10344	0.00015758	
-2.10314	0.00015758	
-2.10283	0.00015758	
-2.10252	0.00015758	
-2.10222	0.00015758	
-2.10191	0.00015758	
-2.10161	0.00015758	
-2.1013	0.00015758	
-2.101	0.00015758	
-2.10069	0.00015758	
-2.10039	0.000157952	
-2.10008	0.000157952	
-2.09977	0.000157952	
-2.09947	0.000157952	
-2.09916	0.000157952	
-2.09886	0.000157952	
-2.09855	0.000157952	
-2.09825	0.000157952	
-2.09794	0.000157952	
-2.09764	0.000157952	
-2.09733	0.000157952	
-2.09702	0.000157952	
-2.09672	0.000157952	
-2.09641	0.000157952	
-2.09611	0.000157952	
-2.0958	0.000157952	
-2.0955	0.000157952	
-2.09519	0.000157952	
-2.09489	0.000157952	
-2.09458	0.000157952	
-2.09427	0.000157952	
-2.09397	0.000157952	
-2.09366	0.000158325	
-2.09336	0.000158325	
-2.09305	0.000158325	
-2.09275	0.000158325	
-2.09244	0.000158325	
-2.09214	0.000158325	
-2.09183	0.000158325	
-2.09152	0.000158325	
-2.09122	0.000158325	
-2.09091	0.000158325	
-2.09061	0.000158325	
-2.0903	0.000158325	
-2.09	0.000158325	
-2.08969	0.000158325	
-2.08939	0.000158325	
-2.08908	0.000158325	
-2.08877	0.000158325	
-2.08847	0.000158325	
-2.08816	0.000158325	
-2.08786	0.000158325	
-2.08755	0.000158325	
-2.08725	0.000158325	
-2.08694	0.000158697	
-2.08664	0.000158697	
-2.08633	0.000158697	
-2.08602	0.000158697	
-2.08572	0.000158697	
-2.08541	0.000158697	
-2.08511	0.000158697	
-2.0848	0.000158697	
-2.0845	0.000158697	
-2.08419	0.000158697	
-2.08389	0.000158697	
-2.08358	0.000158697	
-2.08327	0.000158697	
-2.08297	0.000158697	
-2.08266	0.000158697	
-2.08236	0.000158697	
-2.08205	0.000158697	
-2.08175	0.000158697	
-2.08144	0.000158697	
-2.08114	0.000158697	
-2.08083	0.000158697	
-2.08052	0.000158697	
-2.08022	0.00015907	
-2.07991	0.00015907	
-2.07961	0.00015907	
-2.0793	0.00015907	
-2.079	0.00015907	
-2.07869	0.00015907	
-2.07839	0.00015907	
-2.07808	0.00015907	
-2.07777	0.00015907	
-2.07747	0.00015907	
-2.07716	0.00015907	
-2.07686	0.00015907	
-2.07655	0.00015907	
-2.07625	0.00015907	
-2.07594	0.00015907	
-2.07564	0.00015907	
-2.07533	0.00015907	
-2.07502	0.00015907	
-2.07472	0.00015907	
-2.07441	0.00015907	
-2.07411	0.00015907	
-2.0738	0.000159442	
-2.0735	0.000159442	
-2.07319	0.000159442	
-2.07289	0.000159442	
-2.07258	0.000159442	
-2.07227	0.000159442	
-2.07197	0.000159442	
-2.07166	0.000159442	
-2.07136	0.000159442	
-2.07105	0.000159442	
-2.07075	0.000159442	
-2.07044	0.000159442	
-2.07013	0.000159442	
-2.06983	0.000159442	
-2.06952	0.000159442	
-2.06922	0.000159442	
-2.06891	0.000159442	
-2.06861	0.000159442	
-2.0683	0.000159442	
-2.068	0.000159442	
-2.06769	0.000159442	
-2.06738	0.000159442	
-2.06708	0.000159815	
-2.06677	0.000159815	
-2.06647	0.000159815	
-2.06616	0.000159815	
-2.06586	0.000159815	
-2.06555	0.000159815	
-2.06525	0.000159815	
-2.06494	0.000159815	
-2.06463	0.000159815	
-2.06433	0.000159815	
-2.06402	0.000159815	
-2.06372	0.000159815	
-2.06341	0.000159815	
-2.06311	0.000159815	
-2.0628	0.000159815	
-2.0625	0.000159815	
-2.06219	0.000159815	
-2.06188	0.000159815	
-2.06158	0.000159815	
-2.06127	0.000159815	
-2.06097	0.000159815	
-2.06066	0.000160187	
-2.06036	0.000160187	
-2.06005	0.000160187	
-2.05975	0.000160187	
-2.05944	0.000160187	
-2.05913	0.000160187	
-2.05883	0.000160187	
-2.05852	0.000160187	
-2.05822	0.000160187	
-2.05791	0.000160187	
-2.05761	0.000160187	
-2.0573	0.000160187	
-2.057	0.000160187	
-2.05669	0.000160187	
-2.05638	0.000160187	
-2.05608	0.000160187	
-2.05577	0.000160187	
-2.05547	0.000160187	
-2.05516	0.000160187	
-2.05486	0.000160187	
-2.05455	0.000160187	
-2.05425	0.000160187	
-2.05394	0.00016056	
-2.05363	0.00016056	
-2.05333	0.00016056	
-2.05302	0.00016056	
-2.05272	0.00016056	
-2.05241	0.00016056	
-2.05211	0.00016056	
-2.0518	0.00016056	
-2.0515	0.00016056	
-2.05119	0.00016056	
-2.05088	0.00016056	
-2.05058	0.00016056	
-2.05027	0.00016056	
-2.04997	0.00016056	
-2.04966	0.00016056	
-2.04936	0.00016056	
-2.04905	0.00016056	
-2.04875	0.00016056	
-2.04844	0.00016056	
-2.04813	0.00016056	
-2.04783	0.00016056	
-2.04752	0.000160933	
-2.04722	0.000160933	
-2.04691	0.000160933	
-2.04661	0.000160933	
-2.0463	0.000160933	
-2.046	0.000160933	
-2.04569	0.000160933	
-2.04538	0.000160933	
-2.04508	0.000160933	
-2.04477	0.000160933	
-2.04447	0.000160933	
-2.04416	0.000160933	
-2.04386	0.000160933	
-2.04355	0.000160933	
-2.04325	0.000160933	
-2.04294	0.000160933	
-2.04263	0.000160933	
-2.04233	0.000160933	
-2.04202	0.000160933	
-2.04172	0.000160933	
-2.04141	0.000160933	
-2.04111	0.000161305	
-2.0408	0.000161305	
-2.0405	0.000161305	
-2.04019	0.000161305	
-2.03988	0.000161305	
-2.03958	0.000161305	
-2.03927	0.000161305	
-2.03897	0.000161305	
-2.03866	0.000161305	
-2.03836	0.000161305	
-2.03805	0.000161305	
-2.03775	0.000161305	
-2.03744	0.000161305	
-2.03713	0.000161305	
-2.03683	0.000161305	
-2.03652	0.000161305	
-2.03622	0.000161305	
-2.03591	0.000161305	
-2.03561	0.000161305	
-2.0353	0.000161305	
-2.03499	0.000161305	
-2.03469	0.000161678	
-2.03438	0.000161678	
-2.03408	0.000161678	
-2.03377	0.000161678	
-2.03347	0.000161678	
-2.03316	0.000161678	
-2.03286	0.000161678	
-2.03255	0.000161678	
-2.03224	0.000161678	
-2.03194	0.000161678	
-2.03163	0.000161678	
-2.03133	0.000161678	
-2.03102	0.000161678	
-2.03072	0.000161678	
-2.03041	0.000161678	
-2.03011	0.000161678	
-2.0298	0.000161678	
-2.02949	0.000161678	
-2.02919	0.000161678	
-2.02888	0.000161678	
-2.02858	0.000161678	
-2.02827	0.00016205	
-2.02797	0.00016205	
-2.02766	0.00016205	
-2.02736	0.00016205	
-2.02705	0.00016205	
-2.02674	0.00016205	
-2.02644	0.00016205	
-2.02613	0.00016205	
-2.02583	0.00016205	
-2.02552	0.00016205	
-2.02522	0.00016205	
-2.02491	0.00016205	
-2.02461	0.00016205	
-2.0243	0.00016205	
-2.02399	0.00016205	
-2.02369	0.00016205	
-2.02338	0.00016205	
-2.02308	0.00016205	
-2.02277	0.00016205	
-2.02247	0.00016205	
-2.02216	0.00016205	
-2.02186	0.000162423	
-2.02155	0.000162423	
-2.02124	0.000162423	
-2.02094	0.000162423	
-2.02063	0.000162423	
-2.02033	0.000162423	
-2.02002	0.000162423	
-2.01972	0.000162423	
-2.01941	0.000162423	
-2.01911	0.000162423	
-2.0188	0.000162423	
-2.01849	0.000162423	
-2.01819	0.000162423	
-2.01788	0.000162423	
-2.01758	0.000162423	
-2.01727	0.000162423	
-2.01697	0.000162423	
-2.01666	0.000162423	
-2.01636	0.000162795	
-2.01605	0.000162795	
-2.01574	0.000162795	
-2.01544	0.000162795	
-2.01513	0.000162795	
-2.01483	0.000162795	
-2.01452	0.000162795	
-2.01422	0.000162795	
-2.01391	0.000162795	
-2.01361	0.000162795	
-2.0133	0.000162795	
-2.01299	0.000162795	
-2.01269	0.000162795	
-2.01238	0.000162795	
-2.01208	0.000162795	
-2.01177	0.000162795	
-2.01147	0.000162795	
-2.01116	0.000162795	
-2.01086	0.000162795	
-2.01055	0.000162795	
-2.01024	0.000163168	
-2.00994	0.000163168	
-2.00963	0.000163168	
-2.00933	0.000163168	
-2.00902	0.000163168	
-2.00872	0.000163168	
-2.00841	0.000163168	
-2.00811	0.000163168	
-2.0078	0.000163168	
-2.00749	0.000163168	
-2.00719	0.000163168	
-2.00688	0.000163168	
-2.00658	0.000163168	
-2.00627	0.000163168	
-2.00597	0.000163168	
-2.00566	0.000163168	
-2.00536	0.000163168	
-2.00505	0.000163168	
-2.00474	0.000163168	
-2.00444	0.000163168	
-2.00413	0.000163168	
-2.00383	0.00016354	
-2.00352	0.00016354	
-2.00322	0.00016354	
-2.00291	0.00016354	
-2.0026	0.00016354	
-2.0023	0.00016354	
-2.00199	0.00016354	
-2.00169	0.00016354	
-2.00138	0.00016354	
-2.00108	0.00016354	
-2.00077	0.00016354	
-2.00047	0.00016354	
-2.00016	0.00016354	
-1.99985	0.00016354	
-1.99955	0.00016354	
-1.99924	0.00016354	
-1.99894	0.00016354	
-1.99863	0.00016354	
-1.99833	0.00016354	
-1.99802	0.00016354	
-1.99772	0.000163913	
-1.99741	0.000163913	
-1.9971	0.000163913	
-1.9968	0.000163913	
-1.99649	0.000163913	
-1.99619	0.000163913	
-1.99588	0.000163913	
-1.99558	0.000163913	
-1.99527	0.000163913	
-1.99497	0.000163913	
-1.99466	0.000163913	
-1.99435	0.000163913	
-1.99405	0.000163913	
-1.99374	0.000163913	
-1.99344	0.000163913	
-1.99313	0.000163913	
-1.99283	0.000163913	
-1.99252	0.000163913	
-1.99222	0.000163913	
-1.99191	0.000163913	
-1.9916	0.000163913	
-1.9913	0.000164285	
-1.99099	0.000164285	
-1.99069	0.000164285	
-1.99038	0.000164285	
-1.99008	0.000164285	
-1.98977	0.000164285	
-1.98947	0.000164285	
-1.98916	0.000164285	
-1.98885	0.000164285	
-1.98855	0.000164285	
-1.98824	0.000164285	
-1.98794	0.000164285	
-1.98763	0.000164285	
-1.98733	0.000164285	
-1.98702	0.000164285	
-1.98672	0.000164285	
-1.98641	0.000164285	
-1.9861	0.000164285	
-1.9858	0.000164285	
-1.98549	0.000164285	
-1.98519	0.000164658	
-1.98488	0.000164658	
-1.98458	0.000164658	
-1.98427	0.000164658	
-1.98397	0.000164658	
-1.98366	0.000164658	
-1.98335	0.000164658	
-1.98305	0.000164658	
-1.98274	0.000164658	
-1.98244	0.000164658	
-1.98213	0.000164658	
-1.98183	0.000164658	
-1.98152	0.000164658	
-1.98122	0.000164658	
-1.98091	0.000164658	
-1.9806	0.000164658	
-1.9803	0.000164658	
-1.97999	0.000164658	
-1.97969	0.000164658	
-1.97938	0.000164658	
-1.97908	0.000164658	
-1.97877	0.00016503	
-1.97847	0.00016503	
-1.97816	0.00016503	
-1.97785	0.00016503	
-1.97755	0.00016503	
-1.97724	0.00016503	
-1.97694	0.00016503	
-1.97663	0.00016503	
-1.97633	0.00016503	
-1.97602	0.00016503	
-1.97572	0.00016503	
-1.97541	0.00016503	
-1.9751	0.00016503	
-1.9748	0.00016503	
-1.97449	0.00016503	
-1.97419	0.00016503	
-1.97388	0.00016503	
-1.97358	0.00016503	
-1.97327	0.00016503	
-1.97297	0.00016503	
-1.97266	0.000165403	
-1.97235	0.000165403	
-1.97205	0.000165403	
-1.97174	0.000165403	
-1.97144	0.000165403	
-1.97113	0.000165403	
-1.97083	0.000165403	
-1.97052	0.000165403	
-1.97022	0.000165403	
-1.96991	0.000165403	
-1.9696	0.000165403	
-1.9693	0.000165403	
-1.96899	0.000165403	
-1.96869	0.000165403	
-1.96838	0.000165403	
-1.96808	0.000165403	
-1.96777	0.000165403	
-1.96746	0.000165403	
-1.96716	0.000165403	
-1.96685	0.000165403	
-1.96655	0.000165403	
-1.96624	0.000165775	
-1.96594	0.000165775	
-1.96563	0.000165775	
-1.96533	0.000165775	
-1.96502	0.000165775	
-1.96471	0.000165775	
-1.96441	0.000165775	
-1.9641	0.000165775	
-1.9638	0.000165775	
-1.96349	0.000165775	
-1.96319	0.000165775	
-1.96288	0.000165775	
-1.96258	0.000165775	
-1.96227	0.000165775	
-1.96196	0.000165775	
-1.96166	0.000165775	
-1.96135	0.000165775	
-1.96105	0.000165775	
-1.96074	0.000165775	
-1.96044	0.000165775	
-1.96013	0.000166148	
-1.95983	0.000166148	
-1.95952	0.000166148	
-1.95921	0.000166148	
-1.95891	0.000166148	
-1.9586	0.000166148	
-1.9583	0.000166148	
-1.95799	0.000166148	
-1.95769	0.000166148	
-1.95738	0.000166148	
-1.95708	0.000166148	
-1.95677	0.000166148	
-1.95646	0.000166148	
-1.95616	0.000166148	
-1.95585	0.000166148	
-1.95555	0.000166148	
-1.95524	0.000166148	
-1.95494	0.000166148	
-1.95463	0.000166148	
-1.95433	0.000166148	
-1.95402	0.00016652	
-1.95371	0.00016652	
-1.95341	0.00016652	
-1.9531	0.00016652	
-1.9528	0.00016652	
-1.95249	0.00016652	
-1.95219	0.00016652	
-1.95188	0.00016652	
-1.95158	0.00016652	
-1.95127	0.00016652	
-1.95096	0.00016652	
-1.95066	0.00016652	
-1.95035	0.00016652	
-1.95005	0.00016652	
-1.94974	0.00016652	
-1.94944	0.00016652	
-1.94913	0.00016652	
-1.94883	0.00016652	
-1.94852	0.00016652	
-1.94821	0.000166893	
-1.94791	0.000166893	
-1.9476	0.000166893	
-1.9473	0.000166893	
-1.94699	0.000166893	
-1.94669	0.000166893	
-1.94638	0.000166893	
-1.94608	0.000166893	
-1.94577	0.000166893	
-1.94546	0.000166893	
-1.94516	0.000166893	
-1.94485	0.000166893	
-1.94455	0.000166893	
-1.94424	0.000166893	
-1.94394	0.000166893	
-1.94363	0.000166893	
-1.94333	0.000166893	
-1.94302	0.000166893	
-1.94271	0.000166893	
-1.94241	0.000166893	
-1.9421	0.000167266	
-1.9418	0.000167266	
-1.94149	0.000167266	
-1.94119	0.000167266	
-1.94088	0.000167266	
-1.94058	0.000167266	
-1.94027	0.000167266	
-1.93996	0.000167266	
-1.93966	0.000167266	
-1.93935	0.000167266	
-1.93905	0.000167266	
-1.93874	0.000167266	
-1.93844	0.000167266	
-1.93813	0.000167266	
-1.93783	0.000167266	
-1.93752	0.000167266	
-1.93721	0.000167266	
-1.93691	0.000167266	
-1.9366	0.000167266	
-1.9363	0.000167266	
-1.93599	0.000167638	
-1.93569	0.000167638	
-1.93538	0.000167638	
-1.93508	0.000167638	
-1.93477	0.000167638	
-1.93446	0.000167638	
-1.93416	0.000167638	
-1.93385	0.000167638	
-1.93355	0.000167638	
-1.93324	0.000167638	
-1.93294	0.000167638	
-1.93263	0.000167638	
-1.93232	0.000167638	
-1.93202	0.000167638	
-1.93171	0.000167638	
-1.93141	0.000167638	
-1.9311	0.000167638	
-1.9308	0.000167638	
-1.93049	0.000167638	
-1.93019	0.000168011	
-1.92988	0.000168011	
-1.92957	0.000168011	
-1.92927	0.000168011	
-1.92896	0.000168011	
-1.92866	0.000168011	
-1.92835	0.000168011	
-1.92805	0.000168011	
-1.92774	0.000168011	
-1.92744	0.000168011	
-1.92713	0.000168011	
-1.92682	0.000168011	
-1.92652	0.000168011	
-1.92621	0.000168011	
-1.92591	0.000168011	
-1.9256	0.000168011	
-1.9253	0.000168011	
-1.92499	0.000168011	
-1.92469	0.000168011	
-1.92438	0.000168011	
-1.92407	0.000168383	
-1.92377	0.000168383	
-1.92346	0.000168383	
-1.92316	0.000168383	
-1.92285	0.000168383	
-1.92255	0.000168383	
-1.92224	0.000168383	
-1.92194	0.000168383	
-1.92163	0.000168383	
-1.92132	0.000168383	
-1.92102	0.000168383	
-1.92071	0.000168383	
-1.92041	0.000168383	
-1.9201	0.000168383	
-1.9198	0.000168383	
-1.91949	0.000168383	
-1.91919	0.000168383	
-1.91888	0.000168383	
-1.91857	0.000168383	
-1.91827	0.000168383	
-1.91796	0.000168756	
-1.91766	0.000168756	
-1.91735	0.000168756	
-1.91705	0.000168756	
-1.91674	0.000168756	
-1.91644	0.000168756	
-1.91613	0.000168756	
-1.91582	0.000168756	
-1.91552	0.000168756	
-1.91521	0.000168756	
-1.91491	0.000168756	
-1.9146	0.000168756	
-1.9143	0.000168756	
-1.91399	0.000168756	
-1.91369	0.000168756	
-1.91338	0.000168756	
-1.91307	0.000168756	
-1.91277	0.000168756	
-1.91246	0.000168756	
-1.91216	0.000169128	
-1.91185	0.000169128	
-1.91155	0.000169128	
-1.91124	0.000169128	
-1.91094	0.000169128	
-1.91063	0.000169128	
-1.91032	0.000169128	
-1.91002	0.000169128	
-1.90971	0.000169128	
-1.90941	0.000169128	
-1.9091	0.000169128	
-1.9088	0.000169128	
-1.90849	0.000169128	
-1.90819	0.000169128	
-1.90788	0.000169128	
-1.90757	0.000169128	
-1.90727	0.000169128	
-1.90696	0.000169128	
-1.90666	0.000169128	
-1.90635	0.000169128	
-1.90605	0.000169501	
-1.90574	0.000169501	
-1.90544	0.000169501	
-1.90513	0.000169501	
-1.90482	0.000169501	
-1.90452	0.000169501	
-1.90421	0.000169501	
-1.90391	0.000169501	
-1.9036	0.000169501	
-1.9033	0.000169501	
-1.90299	0.000169501	
-1.90269	0.000169501	
-1.90238	0.000169501	
-1.90207	0.000169501	
-1.90177	0.000169501	
-1.90146	0.000169501	
-1.90116	0.000169501	
-1.90085	0.000169501	
-1.90055	0.000169501	
-1.90024	0.000169501	
-1.89993	0.000169873	
-1.89963	0.000169873	
-1.89932	0.000169873	
-1.89902	0.000169873	
-1.89871	0.000169873	
-1.89841	0.000169873	
-1.8981	0.000169873	
-1.8978	0.000169873	
-1.89749	0.000169873	
-1.89718	0.000169873	
-1.89688	0.000169873	
-1.89657	0.000169873	
-1.89627	0.000169873	
-1.89596	0.000169873	
-1.89566	0.000169873	
-1.89535	0.000169873	
-1.89505	0.000169873	
-1.89474	0.000169873	
-1.89443	0.000170246	
-1.89413	0.000170246	
-1.89382	0.000170246	
-1.89352	0.000170246	
-1.89321	0.000170246	
-1.89291	0.000170246	
-1.8926	0.000170246	
-1.8923	0.000170246	
-1.89199	0.000170246	
-1.89168	0.000170246	
-1.89138	0.000170246	
-1.89107	0.000170246	
-1.89077	0.000170246	
-1.89046	0.000170246	
-1.89016	0.000170246	
-1.88985	0.000170246	
-1.88955	0.000170246	
-1.88924	0.000170246	
-1.88893	0.000170246	
-1.88863	0.000170246	
-1.88832	0.000170618	
-1.88802	0.000170618	
-1.88771	0.000170618	
-1.88741	0.000170618	
-1.8871	0.000170618	
-1.8868	0.000170618	
-1.88649	0.000170618	
-1.88618	0.000170618	
-1.88588	0.000170618	
-1.88557	0.000170618	
-1.88527	0.000170618	
-1.88496	0.000170618	
-1.88466	0.000170618	
-1.88435	0.000170618	
-1.88405	0.000170618	
-1.88374	0.000170618	
-1.88343	0.000170618	
-1.88313	0.000170618	
-1.88282	0.000170618	
-1.88252	0.000170991	
-1.88221	0.000170991	
-1.88191	0.000170991	
-1.8816	0.000170991	
-1.8813	0.000170991	
-1.88099	0.000170991	
-1.88068	0.000170991	
-1.88038	0.000170991	
-1.88007	0.000170991	
-1.87977	0.000170991	
-1.87946	0.000170991	
-1.87916	0.000170991	
-1.87885	0.000170991	
-1.87855	0.000170991	
-1.87824	0.000170991	
-1.87793	0.000170991	
-1.87763	0.000170991	
-1.87732	0.000170991	
-1.87702	0.000170991	
-1.87671	0.000171363	
-1.87641	0.000171363	
-1.8761	0.000171363	
-1.8758	0.000171363	
-1.87549	0.000171363	
-1.87518	0.000171363	
-1.87488	0.000171363	
-1.87457	0.000171363	
-1.87427	0.000171363	
-1.87396	0.000171363	
-1.87366	0.000171363	
-1.87335	0.000171363	
-1.87305	0.000171363	
-1.87274	0.000171363	
-1.87243	0.000171363	
-1.87213	0.000171363	
-1.87182	0.000171363	
-1.87152	0.000171363	
-1.87121	0.000171363	
-1.87091	0.000171736	
-1.8706	0.000171736	
-1.8703	0.000171736	
-1.86999	0.000171736	
-1.86968	0.000171736	
-1.86938	0.000171736	
-1.86907	0.000171736	
-1.86877	0.000171736	
-1.86846	0.000171736	
-1.86816	0.000171736	
-1.86785	0.000171736	
-1.86755	0.000171736	
-1.86724	0.000171736	
-1.86693	0.000171736	
-1.86663	0.000171736	
-1.86632	0.000171736	
-1.86602	0.000171736	
-1.86571	0.000171736	
-1.86541	0.000171736	
-1.8651	0.000172108	
-1.86479	0.000172108	
-1.86449	0.000172108	
-1.86418	0.000172108	
-1.86388	0.000172108	
-1.86357	0.000172108	
-1.86327	0.000172108	
-1.86296	0.000172108	
-1.86266	0.000172108	
-1.86235	0.000172108	
-1.86204	0.000172108	
-1.86174	0.000172108	
-1.86143	0.000172108	
-1.86113	0.000172108	
-1.86082	0.000172108	
-1.86052	0.000172108	
-1.86021	0.000172108	
-1.85991	0.000172108	
-1.8596	0.000172108	
-1.85929	0.000172481	
-1.85899	0.000172481	
-1.85868	0.000172481	
-1.85838	0.000172481	
-1.85807	0.000172481	
-1.85777	0.000172481	
-1.85746	0.000172481	
-1.85716	0.000172481	
-1.85685	0.000172481	
-1.85654	0.000172481	
-1.85624	0.000172481	
-1.85593	0.000172481	
-1.85563	0.000172481	
-1.85532	0.000172481	
-1.85502	0.000172481	
-1.85471	0.000172481	
-1.85441	0.000172481	
-1.8541	0.000172481	
-1.85379	0.000172481	
-1.85349	0.000172853	
-1.85318	0.000172853	
-1.85288	0.000172853	
-1.85257	0.000172853	
-1.85227	0.000172853	
-1.85196	0.000172853	
-1.85166	0.000172853	
-1.85135	0.000172853	
-1.85104	0.000172853	
-1.85074	0.000172853	
-1.85043	0.000172853	
-1.85013	0.000172853	
-1.84982	0.000172853	
-1.84952	0.000172853	
-1.84921	0.000172853	
-1.84891	0.000172853	
-1.8486	0.000172853	
-1.84829	0.000172853	
-1.84799	0.000172853	
-1.84768	0.000173226	
-1.84738	0.000173226	
-1.84707	0.000173226	
-1.84677	0.000173226	
-1.84646	0.000173226	
-1.84616	0.000173226	
-1.84585	0.000173226	
-1.84554	0.000173226	
-1.84524	0.000173226	
-1.84493	0.000173226	
-1.84463	0.000173226	
-1.84432	0.000173226	
-1.84402	0.000173226	
-1.84371	0.000173226	
-1.84341	0.000173226	
-1.8431	0.000173226	
-1.84279	0.000173226	
-1.84249	0.000173226	
-1.84218	0.000173226	
-1.84188	0.000173599	
-1.84157	0.000173599	
-1.84127	0.000173599	
-1.84096	0.000173599	
-1.84066	0.000173599	
-1.84035	0.000173599	
-1.84004	0.000173599	
-1.83974	0.000173599	
-1.83943	0.000173599	
-1.83913	0.000173599	
-1.83882	0.000173599	
-1.83852	0.000173599	
-1.83821	0.000173599	
-1.83791	0.000173599	
-1.8376	0.000173599	
-1.83729	0.000173599	
-1.83699	0.000173599	
-1.83668	0.000173599	
-1.83638	0.000173599	
-1.83607	0.000173971	
-1.83577	0.000173971	
-1.83546	0.000173971	
-1.83516	0.000173971	
-1.83485	0.000173971	
-1.83454	0.000173971	
-1.83424	0.000173971	
-1.83393	0.000173971	
-1.83363	0.000173971	
-1.83332	0.000173971	
-1.83302	0.000173971	
-1.83271	0.000173971	
-1.8324	0.000173971	
-1.8321	0.000173971	
-1.83179	0.000173971	
-1.83149	0.000173971	
-1.83118	0.000173971	
-1.83088	0.000174344	
-1.83057	0.000174344	
-1.83027	0.000174344	
-1.82996	0.000174344	
-1.82965	0.000174344	
-1.82935	0.000174344	
-1.82904	0.000174344	
-1.82874	0.000174344	
-1.82843	0.000174344	
-1.82813	0.000174344	
-1.82782	0.000174344	
-1.82752	0.000174344	
-1.82721	0.000174344	
-1.8269	0.000174344	
-1.8266	0.000174344	
-1.82629	0.000174344	
-1.82599	0.000174344	
-1.82568	0.000174344	
-1.82538	0.000174344	
-1.82507	0.000174716	
-1.82477	0.000174716	
-1.82446	0.000174716	
-1.82415	0.000174716	
-1.82385	0.000174716	
-1.82354	0.000174716	
-1.82324	0.000174716	
-1.82293	0.000174716	
-1.82263	0.000174716	
-1.82232	0.000174716	
-1.82202	0.000174716	
-1.82171	0.000174716	
-1.8214	0.000174716	
-1.8211	0.000174716	
-1.82079	0.000174716	
-1.82049	0.000174716	
-1.82018	0.000174716	
-1.81988	0.000174716	
-1.81957	0.000175089	
-1.81927	0.000175089	
-1.81896	0.000175089	
-1.81865	0.000175089	
-1.81835	0.000175089	
-1.81804	0.000175089	
-1.81774	0.000175089	
-1.81743	0.000175089	
-1.81713	0.000175089	
-1.81682	0.000175089	
-1.81652	0.000175089	
-1.81621	0.000175089	
-1.8159	0.000175089	
-1.8156	0.000175089	
-1.81529	0.000175089	
-1.81499	0.000175089	
-1.81468	0.000175089	
-1.81438	0.000175089	
-1.81407	0.000175089	
-1.81377	0.000175461	
-1.81346	0.000175461	
-1.81315	0.000175461	
-1.81285	0.000175461	
-1.81254	0.000175461	
-1.81224	0.000175461	
-1.81193	0.000175461	
-1.81163	0.000175461	
-1.81132	0.000175461	
-1.81102	0.000175461	
-1.81071	0.000175461	
-1.8104	0.000175461	
-1.8101	0.000175461	
-1.80979	0.000175461	
-1.80949	0.000175461	
-1.80918	0.000175461	
-1.80888	0.000175461	
-1.80857	0.000175461	
-1.80827	0.000175834	
-1.80796	0.000175834	
-1.80765	0.000175834	
-1.80735	0.000175834	
-1.80704	0.000175834	
-1.80674	0.000175834	
-1.80643	0.000175834	
-1.80613	0.000175834	
-1.80582	0.000175834	
-1.80552	0.000175834	
-1.80521	0.000175834	
-1.8049	0.000175834	
-1.8046	0.000175834	
-1.80429	0.000175834	
-1.80399	0.000175834	
-1.80368	0.000175834	
-1.80338	0.000175834	
-1.80307	0.000175834	
-1.80277	0.000175834	
-1.80246	0.000176206	
-1.80215	0.000176206	
-1.80185	0.000176206	
-1.80154	0.000176206	
-1.80124	0.000176206	
-1.80093	0.000176206	
-1.80063	0.000176206	
-1.80032	0.000176206	
-1.80002	0.000176206	
-1.79971	0.000176206	
-1.7994	0.000176206	
-1.7991	0.000176206	
-1.79879	0.000176206	
-1.79849	0.000176206	
-1.79818	0.000176206	
-1.79788	0.000176206	
-1.79757	0.000176206	
-1.79726	0.000176206	
-1.79696	0.000176579	
-1.79665	0.000176579	
-1.79635	0.000176579	
-1.79604	0.000176579	
-1.79574	0.000176579	
-1.79543	0.000176579	
-1.79513	0.000176579	
-1.79482	0.000176579	
-1.79451	0.000176579	
-1.79421	0.000176579	
-1.7939	0.000176579	
-1.7936	0.000176579	
-1.79329	0.000176579	
-1.79299	0.000176579	
-1.79268	0.000176579	
-1.79238	0.000176579	
-1.79207	0.000176579	
-1.79176	0.000176579	
-1.79146	0.000176951	
-1.79115	0.000176951	
-1.79085	0.000176951	
-1.79054	0.000176951	
-1.79024	0.000176951	
-1.78993	0.000176951	
-1.78963	0.000176951	
-1.78932	0.000176951	
-1.78901	0.000176951	
-1.78871	0.000176951	
-1.7884	0.000176951	
-1.7881	0.000176951	
-1.78779	0.000176951	
-1.78749	0.000176951	
-1.78718	0.000176951	
-1.78688	0.000176951	
-1.78657	0.000176951	
-1.78626	0.000176951	
-1.78596	0.000177324	
-1.78565	0.000177324	
-1.78535	0.000177324	
-1.78504	0.000177324	
-1.78474	0.000177324	
-1.78443	0.000177324	
-1.78413	0.000177324	
-1.78382	0.000177324	
-1.78351	0.000177324	
-1.78321	0.000177324	
-1.7829	0.000177324	
-1.7826	0.000177324	
-1.78229	0.000177324	
-1.78199	0.000177324	
-1.78168	0.000177324	
-1.78138	0.000177324	
-1.78107	0.000177324	
-1.78076	0.000177324	
-1.78046	0.000177696	
-1.78015	0.000177696	
-1.77985	0.000177696	
-1.77954	0.000177696	
-1.77924	0.000177696	
-1.77893	0.000177696	
-1.77863	0.000177696	
-1.77832	0.000177696	
-1.77801	0.000177696	
-1.77771	0.000177696	
-1.7774	0.000177696	
-1.7771	0.000177696	
-1.77679	0.000177696	
-1.77649	0.000177696	
-1.77618	0.000177696	
-1.77588	0.000177696	
-1.77557	0.000177696	
-1.77526	0.000177696	
-1.77496	0.000178069	
-1.77465	0.000178069	
-1.77435	0.000178069	
-1.77404	0.000178069	
-1.77374	0.000178069	
-1.77343	0.000178069	
-1.77313	0.000178069	
-1.77282	0.000178069	
-1.77251	0.000178069	
-1.77221	0.000178069	
-1.7719	0.000178069	
-1.7716	0.000178069	
-1.77129	0.000178069	
-1.77099	0.000178069	
-1.77068	0.000178069	
-1.77038	0.000178069	
-1.77007	0.000178069	
-1.76976	0.000178069	
-1.76946	0.000178441	
-1.76915	0.000178441	
-1.76885	0.000178441	
-1.76854	0.000178441	
-1.76824	0.000178441	
-1.76793	0.000178441	
-1.76763	0.000178441	
-1.76732	0.000178441	
-1.76701	0.000178441	
-1.76671	0.000178441	
-1.7664	0.000178441	
-1.7661	0.000178441	
-1.76579	0.000178441	
-1.76549	0.000178441	
-1.76518	0.000178441	
-1.76488	0.000178441	
-1.76457	0.000178441	
-1.76426	0.000178441	
-1.76396	0.000178814	
-1.76365	0.000178814	
-1.76335	0.000178814	
-1.76304	0.000178814	
-1.76274	0.000178814	
-1.76243	0.000178814	
-1.76212	0.000178814	
-1.76182	0.000178814	
-1.76151	0.000178814	
-1.76121	0.000178814	
-1.7609	0.000178814	
-1.7606	0.000178814	
-1.76029	0.000178814	
-1.75999	0.000178814	
-1.75968	0.000178814	
-1.75937	0.000178814	
-1.75907	0.000178814	
-1.75876	0.000178814	
-1.75846	0.000179186	
-1.75815	0.000179186	
-1.75785	0.000179186	
-1.75754	0.000179186	
-1.75724	0.000179186	
-1.75693	0.000179186	
-1.75662	0.000179186	
-1.75632	0.000179186	
-1.75601	0.000179186	
-1.75571	0.000179186	
-1.7554	0.000179186	
-1.7551	0.000179186	
-1.75479	0.000179186	
-1.75449	0.000179186	
-1.75418	0.000179186	
-1.75387	0.000179186	
-1.75357	0.000179186	
-1.75326	0.000179186	
-1.75296	0.000179559	
-1.75265	0.000179559	
-1.75235	0.000179559	
-1.75204	0.000179559	
-1.75174	0.000179559	
-1.75143	0.000179559	
-1.75112	0.000179559	
-1.75082	0.000179559	
-1.75051	0.000179559	
-1.75021	0.000179559	
-1.7499	0.000179559	
-1.7496	0.000179559	
-1.74929	0.000179559	
-1.74899	0.000179559	
-1.74868	0.000179559	
-1.74837	0.000179559	
-1.74807	0.000179559	
-1.74776	0.000179559	
-1.74746	0.000179932	
-1.74715	0.000179932	
-1.74685	0.000179932	
-1.74654	0.000179932	
-1.74624	0.000179932	
-1.74593	0.000179932	
-1.74562	0.000179932	
-1.74532	0.000179932	
-1.74501	0.000179932	
-1.74471	0.000179932	
-1.7444	0.000179932	
-1.7441	0.000179932	
-1.74379	0.000179932	
-1.74349	0.000179932	
-1.74318	0.000179932	
-1.74287	0.000179932	
-1.74257	0.000179932	
-1.74226	0.000180304	
-1.74196	0.000180304	
-1.74165	0.000180304	
-1.74135	0.000180304	
-1.74104	0.000180304	
-1.74074	0.000180304	
-1.74043	0.000180304	
-1.74012	0.000180304	
-1.73982	0.000180304	
-1.73951	0.000180304	
-1.73921	0.000180304	
-1.7389	0.000180304	
-1.7386	0.000180304	
-1.73829	0.000180304	
-1.73799	0.000180304	
-1.73768	0.000180304	
-1.73737	0.000180304	
-1.73707	0.000180304	
-1.73676	0.000180677	
-1.73646	0.000180677	
-1.73615	0.000180677	
-1.73585	0.000180677	
-1.73554	0.000180677	
-1.73524	0.000180677	
-1.73493	0.000180677	
-1.73462	0.000180677	
-1.73432	0.000180677	
-1.73401	0.000180677	
-1.73371	0.000180677	
-1.7334	0.000180677	
-1.7331	0.000180677	
-1.73279	0.000180677	
-1.73249	0.000180677	
-1.73218	0.000180677	
-1.73187	0.000180677	
-1.73157	0.000181049	
-1.73126	0.000181049	
-1.73096	0.000181049	
-1.73065	0.000181049	
-1.73035	0.000181049	
-1.73004	0.000181049	
-1.72973	0.000181049	
-1.72943	0.000181049	
-1.72912	0.000181049	
-1.72882	0.000181049	
-1.72851	0.000181049	
-1.72821	0.000181049	
-1.7279	0.000181049	
-1.7276	0.000181049	
-1.72729	0.000181049	
-1.72698	0.000181049	
-1.72668	0.000181049	
-1.72637	0.000181049	
-1.72607	0.000181422	
-1.72576	0.000181422	
-1.72546	0.000181422	
-1.72515	0.000181422	
-1.72485	0.000181422	
-1.72454	0.000181422	
-1.72423	0.000181422	
-1.72393	0.000181422	
-1.72362	0.000181422	
-1.72332	0.000181422	
-1.72301	0.000181422	
-1.72271	0.000181422	
-1.7224	0.000181422	
-1.7221	0.000181422	
-1.72179	0.000181422	
-1.72148	0.000181422	
-1.72118	0.000181422	
-1.72087	0.000181794	
-1.72057	0.000181794	
-1.72026	0.000181794	
-1.71996	0.000181794	
-1.71965	0.000181794	
-1.71935	0.000181794	
-1.71904	0.000181794	
-1.71873	0.000181794	
-1.71843	0.000181794	
-1.71812	0.000181794	
-1.71782	0.000181794	
-1.71751	0.000181794	
-1.71721	0.000181794	
-1.7169	0.000181794	
-1.7166	0.000181794	
-1.71629	0.000181794	
-1.71598	0.000181794	
-1.71568	0.000181794	
-1.71537	0.000182167	
-1.71507	0.000182167	
-1.71476	0.000182167	
-1.71446	0.000182167	
-1.71415	0.000182167	
-1.71385	0.000182167	
-1.71354	0.000182167	
-1.71323	0.000182167	
-1.71293	0.000182167	
-1.71262	0.000182167	
-1.71232	0.000182167	
-1.71201	0.000182167	
-1.71171	0.000182167	
-1.7114	0.000182167	
-1.7111	0.000182167	
-1.71079	0.000182167	
-1.71048	0.000182167	
-1.71018	0.000182539	
-1.70987	0.000182539	
-1.70957	0.000182539	
-1.70926	0.000182539	
-1.70896	0.000182539	
-1.70865	0.000182539	
-1.70835	0.000182539	
-1.70804	0.000182539	
-1.70773	0.000182539	
-1.70743	0.000182539	
-1.70712	0.000182539	
-1.70682	0.000182539	
-1.70651	0.000182539	
-1.70621	0.000182539	
-1.7059	0.000182539	
-1.7056	0.000182539	
-1.70529	0.000182539	
-1.70498	0.000182912	
-1.70468	0.000182912	
-1.70437	0.000182912	
-1.70407	0.000182912	
-1.70376	0.000182912	
-1.70346	0.000182912	
-1.70315	0.000182912	
-1.70285	0.000182912	
-1.70254	0.000182912	
-1.70223	0.000182912	
-1.70193	0.000182912	
-1.70162	0.000182912	
-1.70132	0.000182912	
-1.70101	0.000182912	
-1.70071	0.000182912	
-1.7004	0.000182912	
-1.7001	0.000182912	
-1.69979	0.000183284	
-1.69948	0.000183284	
-1.69918	0.000183284	
-1.69887	0.000183284	
-1.69857	0.000183284	
-1.69826	0.000183284	
-1.69796	0.000183284	
-1.69765	0.000183284	
-1.69735	0.000183284	
-1.69704	0.000183284	
-1.69673	0.000183284	
-1.69643	0.000183284	
-1.69612	0.000183284	
-1.69582	0.000183284	
-1.69551	0.000183284	
-1.69521	0.000183284	
-1.6949	0.000183284	
-1.69459	0.000183657	
-1.69429	0.000183657	
-1.69398	0.000183657	
-1.69368	0.000183657	
-1.69337	0.000183657	
-1.69307	0.000183657	
-1.69276	0.000183657	
-1.69246	0.000183657	
-1.69215	0.000183657	
-1.69184	0.000183657	
-1.69154	0.000183657	
-1.69123	0.000183657	
-1.69093	0.000183657	
-1.69062	0.000183657	
-1.69032	0.000183657	
-1.69001	0.000183657	
-1.68971	0.000183657	
-1.6894	0.000183657	
-1.68909	0.000184029	
-1.68879	0.000184029	
-1.68848	0.000184029	
-1.68818	0.000184029	
-1.68787	0.000184029	
-1.68757	0.000184029	
-1.68726	0.000184029	
-1.68696	0.000184029	
-1.68665	0.000184029	
-1.68634	0.000184029	
-1.68604	0.000184029	
-1.68573	0.000184029	
-1.68543	0.000184029	
-1.68512	0.000184029	
-1.68482	0.000184029	
-1.68451	0.000184029	
-1.68421	0.000184029	
-1.6839	0.000184402	
-1.68359	0.000184402	
-1.68329	0.000184402	
-1.68298	0.000184402	
-1.68268	0.000184402	
-1.68237	0.000184402	
-1.68207	0.000184402	
-1.68176	0.000184402	
-1.68146	0.000184402	
-1.68115	0.000184402	
-1.68084	0.000184402	
-1.68054	0.000184402	
-1.68023	0.000184402	
-1.67993	0.000184402	
-1.67962	0.000184402	
-1.67932	0.000184402	
-1.67901	0.000184774	
-1.67871	0.000184774	
-1.6784	0.000184774	
-1.67809	0.000184774	
-1.67779	0.000184774	
-1.67748	0.000184774	
-1.67718	0.000184774	
-1.67687	0.000184774	
-1.67657	0.000184774	
-1.67626	0.000184774	
-1.67596	0.000184774	
-1.67565	0.000184774	
-1.67534	0.000184774	
-1.67504	0.000184774	
-1.67473	0.000184774	
-1.67443	0.000184774	
-1.67412	0.000184774	
-1.67382	0.000185147	
-1.67351	0.000185147	
-1.67321	0.000185147	
-1.6729	0.000185147	
-1.67259	0.000185147	
-1.67229	0.000185147	
-1.67198	0.000185147	
-1.67168	0.000185147	
-1.67137	0.000185147	
-1.67107	0.000185147	
-1.67076	0.000185147	
-1.67046	0.000185147	
-1.67015	0.000185147	
-1.66984	0.000185147	
-1.66954	0.000185147	
-1.66923	0.000185147	
-1.66893	0.000185147	
-1.66862	0.000185519	
-1.66832	0.000185519	
-1.66801	0.000185519	
-1.66771	0.000185519	
-1.6674	0.000185519	
-1.66709	0.000185519	
-1.66679	0.000185519	
-1.66648	0.000185519	
-1.66618	0.000185519	
-1.66587	0.000185519	
-1.66557	0.000185519	
-1.66526	0.000185519	
-1.66496	0.000185519	
-1.66465	0.000185519	
-1.66434	0.000185519	
-1.66404	0.000185519	
-1.66373	0.000185519	
-1.66343	0.000185892	
-1.66312	0.000185892	
-1.66282	0.000185892	
-1.66251	0.000185892	
-1.6622	0.000185892	
-1.6619	0.000185892	
-1.66159	0.000185892	
-1.66129	0.000185892	
-1.66098	0.000185892	
-1.66068	0.000185892	
-1.66037	0.000185892	
-1.66007	0.000185892	
-1.65976	0.000185892	
-1.65945	0.000185892	
-1.65915	0.000185892	
-1.65884	0.000185892	
-1.65854	0.000185892	
-1.65823	0.000186265	
-1.65793	0.000186265	
-1.65762	0.000186265	
-1.65732	0.000186265	
-1.65701	0.000186265	
-1.6567	0.000186265	
-1.6564	0.000186265	
-1.65609	0.000186265	
-1.65579	0.000186265	
-1.65548	0.000186265	
-1.65518	0.000186265	
-1.65487	0.000186265	
-1.65457	0.000186265	
-1.65426	0.000186265	
-1.65395	0.000186265	
-1.65365	0.000186265	
-1.65334	0.000186637	
-1.65304	0.000186637	
-1.65273	0.000186637	
-1.65243	0.000186637	
-1.65212	0.000186637	
-1.65182	0.000186637	
-1.65151	0.000186637	
-1.6512	0.000186637	
-1.6509	0.000186637	
-1.65059	0.000186637	
-1.65029	0.000186637	
-1.64998	0.000186637	
-1.64968	0.000186637	
-1.64937	0.000186637	
-1.64907	0.000186637	
-1.64876	0.000186637	
-1.64845	0.000186637	
-1.64815	0.00018701	
-1.64784	0.00018701	
-1.64754	0.00018701	
-1.64723	0.00018701	
-1.64693	0.00018701	
-1.64662	0.00018701	
-1.64632	0.00018701	
-1.64601	0.00018701	
-1.6457	0.00018701	
-1.6454	0.00018701	
-1.64509	0.00018701	
-1.64479	0.00018701	
-1.64448	0.00018701	
-1.64418	0.00018701	
-1.64387	0.00018701	
-1.64357	0.00018701	
-1.64326	0.00018701	
-1.64295	0.000187382	
-1.64265	0.000187382	
-1.64234	0.000187382	
-1.64204	0.000187382	
-1.64173	0.000187382	
-1.64143	0.000187382	
-1.64112	0.000187382	
-1.64082	0.000187382	
-1.64051	0.000187382	
-1.6402	0.000187382	
-1.6399	0.000187382	
-1.63959	0.000187382	
-1.63929	0.000187382	
-1.63898	0.000187382	
-1.63868	0.000187382	
-1.63837	0.000187382	
-1.63807	0.000187755	
-1.63776	0.000187755	
-1.63745	0.000187755	
-1.63715	0.000187755	
-1.63684	0.000187755	
-1.63654	0.000187755	
-1.63623	0.000187755	
-1.63593	0.000187755	
-1.63562	0.000187755	
-1.63532	0.000187755	
-1.63501	0.000187755	
-1.6347	0.000187755	
-1.6344	0.000187755	
-1.63409	0.000187755	
-1.63379	0.000187755	
-1.63348	0.000187755	
-1.63318	0.000187755	
-1.63287	0.000188127	
-1.63257	0.000188127	
-1.63226	0.000188127	
-1.63195	0.000188127	
-1.63165	0.000188127	
-1.63134	0.000188127	
-1.63104	0.000188127	
-1.63073	0.000188127	
-1.63043	0.000188127	
-1.63012	0.000188127	
-1.62982	0.000188127	
-1.62951	0.000188127	
-1.6292	0.000188127	
-1.6289	0.000188127	
-1.62859	0.000188127	
-1.62829	0.000188127	
-1.62798	0.0001885	
-1.62768	0.0001885	
-1.62737	0.0001885	
-1.62706	0.0001885	
-1.62676	0.0001885	
-1.62645	0.0001885	
-1.62615	0.0001885	
-1.62584	0.0001885	
-1.62554	0.0001885	
-1.62523	0.0001885	
-1.62493	0.0001885	
-1.62462	0.0001885	
-1.62431	0.0001885	
-1.62401	0.0001885	
-1.6237	0.0001885	
-1.6234	0.0001885	
-1.62309	0.000188872	
-1.62279	0.000188872	
-1.62248	0.000188872	
-1.62218	0.000188872	
-1.62187	0.000188872	
-1.62156	0.000188872	
-1.62126	0.000188872	
-1.62095	0.000188872	
-1.62065	0.000188872	
-1.62034	0.000188872	
-1.62004	0.000188872	
-1.61973	0.000188872	
-1.61943	0.000188872	
-1.61912	0.000188872	
-1.61881	0.000188872	
-1.61851	0.000188872	
-1.6182	0.000188872	
-1.6179	0.000189245	
-1.61759	0.000189245	
-1.61729	0.000189245	
-1.61698	0.000189245	
-1.61668	0.000189245	
-1.61637	0.000189245	
-1.61606	0.000189245	
-1.61576	0.000189245	
-1.61545	0.000189245	
-1.61515	0.000189245	
-1.61484	0.000189245	
-1.61454	0.000189245	
-1.61423	0.000189245	
-1.61393	0.000189245	
-1.61362	0.000189245	
-1.61331	0.000189245	
-1.61301	0.000189617	
-1.6127	0.000189617	
-1.6124	0.000189617	
-1.61209	0.000189617	
-1.61179	0.000189617	
-1.61148	0.000189617	
-1.61118	0.000189617	
-1.61087	0.000189617	
-1.61056	0.000189617	
-1.61026	0.000189617	
-1.60995	0.000189617	
-1.60965	0.000189617	
-1.60934	0.000189617	
-1.60904	0.000189617	
-1.60873	0.000189617	
-1.60843	0.000189617	
-1.60812	0.00018999	
-1.60781	0.00018999	
-1.60751	0.00018999	
-1.6072	0.00018999	
-1.6069	0.00018999	
-1.60659	0.00018999	
-1.60629	0.00018999	
-1.60598	0.00018999	
-1.60568	0.00018999	
-1.60537	0.00018999	
-1.60506	0.00018999	
-1.60476	0.00018999	
-1.60445	0.00018999	
-1.60415	0.00018999	
-1.60384	0.00018999	
-1.60354	0.00018999	
-1.60323	0.000190362	
-1.60293	0.000190362	
-1.60262	0.000190362	
-1.60231	0.000190362	
-1.60201	0.000190362	
-1.6017	0.000190362	
-1.6014	0.000190362	
-1.60109	0.000190362	
-1.60079	0.000190362	
-1.60048	0.000190362	
-1.60018	0.000190362	
-1.59987	0.000190362	
-1.59956	0.000190362	
-1.59926	0.000190362	
-1.59895	0.000190362	
-1.59865	0.000190362	
-1.59834	0.000190735	
-1.59804	0.000190735	
-1.59773	0.000190735	
-1.59743	0.000190735	
-1.59712	0.000190735	
-1.59681	0.000190735	
-1.59651	0.000190735	
-1.5962	0.000190735	
-1.5959	0.000190735	
-1.59559	0.000190735	
-1.59529	0.000190735	
-1.59498	0.000190735	
-1.59468	0.000190735	
-1.59437	0.000190735	
-1.59406	0.000190735	
-1.59376	0.000190735	
-1.59345	0.000191107	
-1.59315	0.000191107	
-1.59284	0.000191107	
-1.59254	0.000191107	
-1.59223	0.000191107	
-1.59192	0.000191107	
-1.59162	0.000191107	
-1.59131	0.000191107	
-1.59101	0.000191107	
-1.5907	0.000191107	
-1.5904	0.000191107	
-1.59009	0.000191107	
-1.58979	0.000191107	
-1.58948	0.000191107	
-1.58917	0.000191107	
-1.58887	0.000191107	
-1.58856	0.00019148	
-1.58826	0.00019148	
-1.58795	0.00019148	
-1.58765	0.00019148	
-1.58734	0.00019148	
-1.58704	0.00019148	
-1.58673	0.00019148	
-1.58642	0.00019148	
-1.58612	0.00019148	
-1.58581	0.00019148	
-1.58551	0.00019148	
-1.5852	0.00019148	
-1.5849	0.00019148	
-1.58459	0.00019148	
-1.58429	0.00019148	
-1.58398	0.00019148	
-1.58367	0.000191852	
-1.58337	0.000191852	
-1.58306	0.000191852	
-1.58276	0.000191852	
-1.58245	0.000191852	
-1.58215	0.000191852	
-1.58184	0.000191852	
-1.58154	0.000191852	
-1.58123	0.000191852	
-1.58092	0.000191852	
-1.58062	0.000191852	
-1.58031	0.000191852	
-1.58001	0.000191852	
-1.5797	0.000191852	
-1.5794	0.000191852	
-1.57909	0.000191852	
-1.57879	0.000192225	
-1.57848	0.000192225	
-1.57817	0.000192225	
-1.57787	0.000192225	
-1.57756	0.000192225	
-1.57726	0.000192225	
-1.57695	0.000192225	
-1.57665	0.000192225	
-1.57634	0.000192225	
-1.57604	0.000192225	
-1.57573	0.000192225	
-1.57542	0.000192225	
-1.57512	0.000192225	
-1.57481	0.000192225	
-1.57451	0.000192225	
-1.5742	0.000192225	
-1.5739	0.000192598	
-1.57359	0.000192598	
-1.57329	0.000192598	
-1.57298	0.000192598	
-1.57267	0.000192598	
-1.57237	0.000192598	
-1.57206	0.000192598	
-1.57176	0.000192598	
-1.57145	0.000192598	
-1.57115	0.000192598	
-1.57084	0.000192598	
-1.57054	0.000192598	
-1.57023	0.000192598	
-1.56992	0.000192598	
-1.56962	0.000192598	
-1.56931	0.000192598	
-1.56901	0.00019297	
-1.5687	0.00019297	
-1.5684	0.00019297	
-1.56809	0.00019297	
-1.56779	0.00019297	
-1.56748	0.00019297	
-1.56717	0.00019297	
-1.56687	0.00019297	
-1.56656	0.00019297	
-1.56626	0.00019297	
-1.56595	0.00019297	
-1.56565	0.00019297	
-1.56534	0.00019297	
-1.56504	0.00019297	
-1.56473	0.00019297	
-1.56442	0.000193343	
-1.56412	0.000193343	
-1.56381	0.000193343	
-1.56351	0.000193343	
-1.5632	0.000193343	
-1.5629	0.000193343	
-1.56259	0.000193343	
-1.56229	0.000193343	
-1.56198	0.000193343	
-1.56167	0.000193343	
-1.56137	0.000193343	
-1.56106	0.000193343	
-1.56076	0.000193343	
-1.56045	0.000193343	
-1.56015	0.000193343	
-1.55984	0.000193343	
-1.55953	0.000193715	
-1.55923	0.000193715	
-1.55892	0.000193715	
-1.55862	0.000193715	
-1.55831	0.000193715	
-1.55801	0.000193715	
-1.5577	0.000193715	
-1.5574	0.000193715	
-1.55709	0.000193715	
-1.55678	0.000193715	
-1.55648	0.000193715	
-1.55617	0.000193715	
-1.55587	0.000193715	
-1.55556	0.000194088	
-1.55526	0.000194088	
-1.55495	0.000194088	
-1.55465	0.000194088	
-1.55434	0.000194088	
-1.55403	0.000194088	
-1.55373	0.000194088	
-1.55342	0.000194088	
-1.55312	0.000194088	
-1.55281	0.000194088	
-1.55251	0.000194088	
-1.5522	0.000194088	
-1.5519	0.000194088	
-1.55159	0.000194088	
-1.55128	0.000194088	
-1.55098	0.000194088	
-1.55067	0.00019446	
-1.55037	0.00019446	
-1.55006	0.00019446	
-1.54976	0.00019446	
-1.54945	0.00019446	
-1.54915	0.00019446	
-1.54884	0.00019446	
-1.54853	0.00019446	
-1.54823	0.00019446	
-1.54792	0.00019446	
-1.54762	0.00019446	
-1.54731	0.00019446	
-1.54701	0.00019446	
-1.5467	0.00019446	
-1.5464	0.00019446	
-1.54609	0.000194833	
-1.54578	0.000194833	
-1.54548	0.000194833	
-1.54517	0.000194833	
-1.54487	0.000194833	
-1.54456	0.000194833	
-1.54426	0.000194833	
-1.54395	0.000194833	
-1.54365	0.000194833	
-1.54334	0.000194833	
-1.54303	0.000194833	
-1.54273	0.000194833	
-1.54242	0.000194833	
-1.54212	0.000194833	
-1.54181	0.000194833	
-1.54151	0.000194833	
-1.5412	0.000195205	
-1.5409	0.000195205	
-1.54059	0.000195205	
-1.54028	0.000195205	
-1.53998	0.000195205	
-1.53967	0.000195205	
-1.53937	0.000195205	
-1.53906	0.000195205	
-1.53876	0.000195205	
-1.53845	0.000195205	
-1.53815	0.000195205	
-1.53784	0.000195205	
-1.53753	0.000195205	
-1.53723	0.000195205	
-1.53692	0.000195205	
-1.53662	0.000195578	
-1.53631	0.000195578	
-1.53601	0.000195578	
-1.5357	0.000195578	
-1.5354	0.000195578	
-1.53509	0.000195578	
-1.53478	0.000195578	
-1.53448	0.000195578	
-1.53417	0.000195578	
-1.53387	0.000195578	
-1.53356	0.000195578	
-1.53326	0.000195578	
-1.53295	0.000195578	
-1.53265	0.000195578	
-1.53234	0.000195578	
-1.53203	0.000195578	
-1.53173	0.00019595	
-1.53142	0.00019595	
-1.53112	0.00019595	
-1.53081	0.00019595	
-1.53051	0.00019595	
-1.5302	0.00019595	
-1.5299	0.00019595	
-1.52959	0.00019595	
-1.52928	0.00019595	
-1.52898	0.00019595	
-1.52867	0.00019595	
-1.52837	0.00019595	
-1.52806	0.00019595	
-1.52776	0.00019595	
-1.52745	0.00019595	
-1.52715	0.000196323	
-1.52684	0.000196323	
-1.52653	0.000196323	
-1.52623	0.000196323	
-1.52592	0.000196323	
-1.52562	0.000196323	
-1.52531	0.000196323	
-1.52501	0.000196323	
-1.5247	0.000196323	
-1.52439	0.000196323	
-1.52409	0.000196323	
-1.52378	0.000196323	
-1.52348	0.000196323	
-1.52317	0.000196323	
-1.52287	0.000196323	
-1.52256	0.000196695	
-1.52226	0.000196695	
-1.52195	0.000196695	
-1.52164	0.000196695	
-1.52134	0.000196695	
-1.52103	0.000196695	
-1.52073	0.000196695	
-1.52042	0.000196695	
-1.52012	0.000196695	
-1.51981	0.000196695	
-1.51951	0.000196695	
-1.5192	0.000196695	
-1.51889	0.000196695	
-1.51859	0.000196695	
-1.51828	0.000196695	
-1.51798	0.000197068	
-1.51767	0.000197068	
-1.51737	0.000197068	
-1.51706	0.000197068	
-1.51676	0.000197068	
-1.51645	0.000197068	
-1.51614	0.000197068	
-1.51584	0.000197068	
-1.51553	0.000197068	
-1.51523	0.000197068	
-1.51492	0.000197068	
-1.51462	0.000197068	
-1.51431	0.000197068	
-1.51401	0.000197068	
-1.5137	0.000197068	
-1.51339	0.000197068	
-1.51309	0.00019744	
-1.51278	0.00019744	
-1.51248	0.00019744	
-1.51217	0.00019744	
-1.51187	0.00019744	
-1.51156	0.00019744	
-1.51126	0.00019744	
-1.51095	0.00019744	
-1.51064	0.00019744	
-1.51034	0.00019744	
-1.51003	0.00019744	
-1.50973	0.00019744	
-1.50942	0.00019744	
-1.50912	0.00019744	
-1.50881	0.00019744	
-1.50851	0.000197813	
-1.5082	0.000197813	
-1.50789	0.000197813	
-1.50759	0.000197813	
-1.50728	0.000197813	
-1.50698	0.000197813	
-1.50667	0.000197813	
-1.50637	0.000197813	
-1.50606	0.000197813	
-1.50576	0.000197813	
-1.50545	0.000197813	
-1.50514	0.000197813	
-1.50484	0.000197813	
-1.50453	0.000197813	
-1.50423	0.000197813	
-1.50392	0.000198185	
-1.50362	0.000198185	
-1.50331	0.000198185	
-1.50301	0.000198185	
-1.5027	0.000198185	
-1.50239	0.000198185	
-1.50209	0.000198185	
-1.50178	0.000198185	
-1.50148	0.000198185	
-1.50117	0.000198185	
-1.50087	0.000198185	
-1.50056	0.000198185	
-1.50026	0.000198185	
-1.49995	0.000198185	
-1.49964	0.000198185	
-1.49934	0.000198558	
-1.49903	0.000198558	
-1.49873	0.000198558	
-1.49842	0.000198558	
-1.49812	0.000198558	
-1.49781	0.000198558	
-1.49751	0.000198558	
-1.4972	0.000198558	
-1.49689	0.000198558	
-1.49659	0.000198558	
-1.49628	0.000198558	
-1.49598	0.000198558	
-1.49567	0.000198558	
-1.49537	0.000198558	
-1.49506	0.000198558	
-1.49476	0.000198931	
-1.49445	0.000198931	
-1.49414	0.000198931	
-1.49384	0.000198931	
-1.49353	0.000198931	
-1.49323	0.000198931	
-1.49292	0.000198931	
-1.49262	0.000198931	
-1.49231	0.000198931	
-1.492	0.000198931	
-1.4917	0.000198931	
-1.49139	0.000198931	
-1.49109	0.000198931	
-1.49078	0.000198931	
-1.49048	0.000198931	
-1.49017	0.000199303	
-1.48987	0.000199303	
-1.48956	0.000199303	
-1.48925	0.000199303	
-1.48895	0.000199303	
-1.48864	0.000199303	
-1.48834	0.000199303	
-1.48803	0.000199303	
-1.48773	0.000199303	
-1.48742	0.000199303	
-1.48712	0.000199303	
-1.48681	0.000199303	
-1.4865	0.000199303	
-1.4862	0.000199303	
-1.48589	0.000199303	
-1.48559	0.000199676	
-1.48528	0.000199676	
-1.48498	0.000199676	
-1.48467	0.000199676	
-1.48437	0.000199676	
-1.48406	0.000199676	
-1.48375	0.000199676	
-1.48345	0.000199676	
-1.48314	0.000199676	
-1.48284	0.000199676	
-1.48253	0.000199676	
-1.48223	0.000199676	
-1.48192	0.000199676	
-1.48162	0.000199676	
-1.48131	0.000199676	
-1.481	0.000200048	
-1.4807	0.000200048	
-1.48039	0.000200048	
-1.48009	0.000200048	
-1.47978	0.000200048	
-1.47948	0.000200048	
-1.47917	0.000200048	
-1.47887	0.000200048	
-1.47856	0.000200048	
-1.47825	0.000200048	
-1.47795	0.000200048	
-1.47764	0.000200048	
-1.47734	0.000200048	
-1.47703	0.000200048	
-1.47673	0.000200421	
-1.47642	0.000200421	
-1.47612	0.000200421	
-1.47581	0.000200421	
-1.4755	0.000200421	
-1.4752	0.000200421	
-1.47489	0.000200421	
-1.47459	0.000200421	
-1.47428	0.000200421	
-1.47398	0.000200421	
-1.47367	0.000200421	
-1.47337	0.000200421	
-1.47306	0.000200421	
-1.47275	0.000200421	
-1.47245	0.000200421	
-1.47214	0.000200793	
-1.47184	0.000200793	
-1.47153	0.000200793	
-1.47123	0.000200793	
-1.47092	0.000200793	
-1.47062	0.000200793	
-1.47031	0.000200793	
-1.47	0.000200793	
-1.4697	0.000200793	
-1.46939	0.000200793	
-1.46909	0.000200793	
-1.46878	0.000200793	
-1.46848	0.000200793	
-1.46817	0.000200793	
-1.46787	0.000200793	
-1.46756	0.000201166	
-1.46725	0.000201166	
-1.46695	0.000201166	
-1.46664	0.000201166	
-1.46634	0.000201166	
-1.46603	0.000201166	
-1.46573	0.000201166	
-1.46542	0.000201166	
-1.46512	0.000201166	
-1.46481	0.000201166	
-1.4645	0.000201166	
-1.4642	0.000201166	
-1.46389	0.000201166	
-1.46359	0.000201166	
-1.46328	0.000201538	
-1.46298	0.000201538	
-1.46267	0.000201538	
-1.46237	0.000201538	
-1.46206	0.000201538	
-1.46175	0.000201538	
-1.46145	0.000201538	
-1.46114	0.000201538	
-1.46084	0.000201538	
-1.46053	0.000201538	
-1.46023	0.000201538	
-1.45992	0.000201538	
-1.45962	0.000201538	
-1.45931	0.000201538	
-1.459	0.000201538	
-1.4587	0.000201911	
-1.45839	0.000201911	
-1.45809	0.000201911	
-1.45778	0.000201911	
-1.45748	0.000201911	
-1.45717	0.000201911	
-1.45686	0.000201911	
-1.45656	0.000201911	
-1.45625	0.000201911	
-1.45595	0.000201911	
-1.45564	0.000201911	
-1.45534	0.000201911	
-1.45503	0.000201911	
-1.45473	0.000201911	
-1.45442	0.000201911	
-1.45411	0.000202283	
-1.45381	0.000202283	
-1.4535	0.000202283	
-1.4532	0.000202283	
-1.45289	0.000202283	
-1.45259	0.000202283	
-1.45228	0.000202283	
-1.45198	0.000202283	
-1.45167	0.000202283	
-1.45136	0.000202283	
-1.45106	0.000202283	
-1.45075	0.000202283	
-1.45045	0.000202283	
-1.45014	0.000202283	
-1.44984	0.000202656	
-1.44953	0.000202656	
-1.44923	0.000202656	
-1.44892	0.000202656	
-1.44861	0.000202656	
-1.44831	0.000202656	
-1.448	0.000202656	
-1.4477	0.000202656	
-1.44739	0.000202656	
-1.44709	0.000202656	
-1.44678	0.000202656	
-1.44648	0.000202656	
-1.44617	0.000202656	
-1.44586	0.000202656	
-1.44556	0.000202656	
-1.44525	0.000203028	
-1.44495	0.000203028	
-1.44464	0.000203028	
-1.44434	0.000203028	
-1.44403	0.000203028	
-1.44373	0.000203028	
-1.44342	0.000203028	
-1.44311	0.000203028	
-1.44281	0.000203028	
-1.4425	0.000203028	
-1.4422	0.000203028	
-1.44189	0.000203028	
-1.44159	0.000203028	
-1.44128	0.000203028	
-1.44098	0.000203401	
-1.44067	0.000203401	
-1.44036	0.000203401	
-1.44006	0.000203401	
-1.43975	0.000203401	
-1.43945	0.000203401	
-1.43914	0.000203401	
-1.43884	0.000203401	
-1.43853	0.000203401	
-1.43823	0.000203401	
-1.43792	0.000203401	
-1.43761	0.000203401	
-1.43731	0.000203401	
-1.437	0.000203401	
-1.4367	0.000203773	
-1.43639	0.000203773	
-1.43609	0.000203773	
-1.43578	0.000203773	
-1.43548	0.000203773	
-1.43517	0.000203773	
-1.43486	0.000203773	
-1.43456	0.000203773	
-1.43425	0.000203773	
-1.43395	0.000203773	
-1.43364	0.000203773	
-1.43334	0.000203773	
-1.43303	0.000203773	
-1.43273	0.000203773	
-1.43242	0.000203773	
-1.43211	0.000204146	
-1.43181	0.000204146	
-1.4315	0.000204146	
-1.4312	0.000204146	
-1.43089	0.000204146	
-1.43059	0.000204146	
-1.43028	0.000204146	
-1.42998	0.000204146	
-1.42967	0.000204146	
-1.42936	0.000204146	
-1.42906	0.000204146	
-1.42875	0.000204146	
-1.42845	0.000204146	
-1.42814	0.000204146	
-1.42784	0.000204518	
-1.42753	0.000204518	
-1.42723	0.000204518	
-1.42692	0.000204518	
-1.42661	0.000204518	
-1.42631	0.000204518	
-1.426	0.000204518	
-1.4257	0.000204518	
-1.42539	0.000204518	
-1.42509	0.000204518	
-1.42478	0.000204518	
-1.42448	0.000204518	
-1.42417	0.000204518	
-1.42386	0.000204518	
-1.42356	0.000204891	
-1.42325	0.000204891	
-1.42295	0.000204891	
-1.42264	0.000204891	
-1.42234	0.000204891	
-1.42203	0.000204891	
-1.42172	0.000204891	
-1.42142	0.000204891	
-1.42111	0.000204891	
-1.42081	0.000204891	
-1.4205	0.000204891	
-1.4202	0.000204891	
-1.41989	0.000204891	
-1.41959	0.000204891	
-1.41928	0.000204891	
-1.41897	0.000205263	
-1.41867	0.000205263	
-1.41836	0.000205263	
-1.41806	0.000205263	
-1.41775	0.000205263	
-1.41745	0.000205263	
-1.41714	0.000205263	
-1.41684	0.000205263	
-1.41653	0.000205263	
-1.41622	0.000205263	
-1.41592	0.000205263	
-1.41561	0.000205263	
-1.41531	0.000205263	
-1.415	0.000205263	
-1.4147	0.000205636	
-1.41439	0.000205636	
-1.41409	0.000205636	
-1.41378	0.000205636	
-1.41347	0.000205636	
-1.41317	0.000205636	
-1.41286	0.000205636	
-1.41256	0.000205636	
-1.41225	0.000205636	
-1.41195	0.000205636	
-1.41164	0.000205636	
-1.41134	0.000205636	
-1.41103	0.000205636	
-1.41072	0.000205636	
-1.41042	0.000206009	
-1.41011	0.000206009	
-1.40981	0.000206009	
-1.4095	0.000206009	
-1.4092	0.000206009	
-1.40889	0.000206009	
-1.40859	0.000206009	
-1.40828	0.000206009	
-1.40797	0.000206009	
-1.40767	0.000206009	
-1.40736	0.000206009	
-1.40706	0.000206009	
-1.40675	0.000206009	
-1.40645	0.000206009	
-1.40614	0.000206381	
-1.40584	0.000206381	
-1.40553	0.000206381	
-1.40522	0.000206381	
-1.40492	0.000206381	
-1.40461	0.000206381	
-1.40431	0.000206381	
-1.404	0.000206381	
-1.4037	0.000206381	
-1.40339	0.000206381	
-1.40309	0.000206381	
-1.40278	0.000206381	
-1.40247	0.000206381	
-1.40217	0.000206381	
-1.40186	0.000206754	
-1.40156	0.000206754	
-1.40125	0.000206754	
-1.40095	0.000206754	
-1.40064	0.000206754	
-1.40034	0.000206754	
-1.40003	0.000206754	
-1.39972	0.000206754	
-1.39942	0.000206754	
-1.39911	0.000206754	
-1.39881	0.000206754	
-1.3985	0.000206754	
-1.3982	0.000206754	
-1.39789	0.000206754	
-1.39759	0.000207126	
-1.39728	0.000207126	
-1.39697	0.000207126	
-1.39667	0.000207126	
-1.39636	0.000207126	
-1.39606	0.000207126	
-1.39575	0.000207126	
-1.39545	0.000207126	
-1.39514	0.000207126	
-1.39484	0.000207126	
-1.39453	0.000207126	
-1.39422	0.000207126	
-1.39392	0.000207126	
-1.39361	0.000207126	
-1.39331	0.000207499	
-1.393	0.000207499	
-1.3927	0.000207499	
-1.39239	0.000207499	
-1.39209	0.000207499	
-1.39178	0.000207499	
-1.39147	0.000207499	
-1.39117	0.000207499	
-1.39086	0.000207499	
-1.39056	0.000207499	
-1.39025	0.000207499	
-1.38995	0.000207499	
-1.38964	0.000207499	
-1.38933	0.000207499	
-1.38903	0.000207871	
-1.38872	0.000207871	
-1.38842	0.000207871	
-1.38811	0.000207871	
-1.38781	0.000207871	
-1.3875	0.000207871	
-1.3872	0.000207871	
-1.38689	0.000207871	
-1.38658	0.000207871	
-1.38628	0.000207871	
-1.38597	0.000207871	
-1.38567	0.000207871	
-1.38536	0.000207871	
-1.38506	0.000207871	
-1.38475	0.000208244	
-1.38445	0.000208244	
-1.38414	0.000208244	
-1.38383	0.000208244	
-1.38353	0.000208244	
-1.38322	0.000208244	
-1.38292	0.000208244	
-1.38261	0.000208244	
-1.38231	0.000208244	
-1.382	0.000208244	
-1.3817	0.000208244	
-1.38139	0.000208244	
-1.38108	0.000208244	
-1.38078	0.000208244	
-1.38047	0.000208616	
-1.38017	0.000208616	
-1.37986	0.000208616	
-1.37956	0.000208616	
-1.37925	0.000208616	
-1.37895	0.000208616	
-1.37864	0.000208616	
-1.37833	0.000208616	
-1.37803	0.000208616	
-1.37772	0.000208616	
-1.37742	0.000208616	
-1.37711	0.000208616	
-1.37681	0.000208616	
-1.3765	0.000208989	
-1.3762	0.000208989	
-1.37589	0.000208989	
-1.37558	0.000208989	
-1.37528	0.000208989	
-1.37497	0.000208989	
-1.37467	0.000208989	
-1.37436	0.000208989	
-1.37406	0.000208989	
-1.37375	0.000208989	
-1.37345	0.000208989	
-1.37314	0.000208989	
-1.37283	0.000208989	
-1.37253	0.000208989	
-1.37222	0.000209361	
-1.37192	0.000209361	
-1.37161	0.000209361	
-1.37131	0.000209361	
-1.371	0.000209361	
-1.3707	0.000209361	
-1.37039	0.000209361	
-1.37008	0.000209361	
-1.36978	0.000209361	
-1.36947	0.000209361	
-1.36917	0.000209361	
-1.36886	0.000209361	
-1.36856	0.000209361	
-1.36825	0.000209361	
-1.36795	0.000209734	
-1.36764	0.000209734	
-1.36733	0.000209734	
-1.36703	0.000209734	
-1.36672	0.000209734	
-1.36642	0.000209734	
-1.36611	0.000209734	
-1.36581	0.000209734	
-1.3655	0.000209734	
-1.3652	0.000209734	
-1.36489	0.000209734	
-1.36458	0.000209734	
-1.36428	0.000209734	
-1.36397	0.000210106	
-1.36367	0.000210106	
-1.36336	0.000210106	
-1.36306	0.000210106	
-1.36275	0.000210106	
-1.36245	0.000210106	
-1.36214	0.000210106	
-1.36183	0.000210106	
-1.36153	0.000210106	
-1.36122	0.000210106	
-1.36092	0.000210106	
-1.36061	0.000210106	
-1.36031	0.000210106	
-1.36	0.000210106	
-1.3597	0.000210479	
-1.35939	0.000210479	
-1.35908	0.000210479	
-1.35878	0.000210479	
-1.35847	0.000210479	
-1.35817	0.000210479	
-1.35786	0.000210479	
-1.35756	0.000210479	
-1.35725	0.000210479	
-1.35695	0.000210479	
-1.35664	0.000210479	
-1.35633	0.000210479	
-1.35603	0.000210479	
-1.35572	0.000210479	
-1.35542	0.000210851	
-1.35511	0.000210851	
-1.35481	0.000210851	
-1.3545	0.000210851	
-1.35419	0.000210851	
-1.35389	0.000210851	
-1.35358	0.000210851	
-1.35328	0.000210851	
-1.35297	0.000210851	
-1.35267	0.000210851	
-1.35236	0.000210851	
-1.35206	0.000210851	
-1.35175	0.000210851	
-1.35144	0.000211224	
-1.35114	0.000211224	
-1.35083	0.000211224	
-1.35053	0.000211224	
-1.35022	0.000211224	
-1.34992	0.000211224	
-1.34961	0.000211224	
-1.34931	0.000211224	
-1.349	0.000211224	
-1.34869	0.000211224	
-1.34839	0.000211224	
-1.34808	0.000211224	
-1.34778	0.000211224	
-1.34747	0.000211224	
-1.34717	0.000211596	
-1.34686	0.000211596	
-1.34656	0.000211596	
-1.34625	0.000211596	
-1.34594	0.000211596	
-1.34564	0.000211596	
-1.34533	0.000211596	
-1.34503	0.000211596	
-1.34472	0.000211596	
-1.34442	0.000211596	
-1.34411	0.000211596	
-1.34381	0.000211596	
-1.3435	0.000211596	
-1.34319	0.000211969	
-1.34289	0.000211969	
-1.34258	0.000211969	
-1.34228	0.000211969	
-1.34197	0.000211969	
-1.34167	0.000211969	
-1.34136	0.000211969	
-1.34106	0.000211969	
-1.34075	0.000211969	
-1.34044	0.000211969	
-1.34014	0.000211969	
-1.33983	0.000211969	
-1.33953	0.000211969	
-1.33922	0.000211969	
-1.33892	0.000212342	
-1.33861	0.000212342	
-1.33831	0.000212342	
-1.338	0.000212342	
-1.33769	0.000212342	
-1.33739	0.000212342	
-1.33708	0.000212342	
-1.33678	0.000212342	
-1.33647	0.000212342	
-1.33617	0.000212342	
-1.33586	0.000212342	
-1.33556	0.000212342	
-1.33525	0.000212342	
-1.33494	0.000212714	
-1.33464	0.000212714	
-1.33433	0.000212714	
-1.33403	0.000212714	
-1.33372	0.000212714	
-1.33342	0.000212714	
-1.33311	0.000212714	
-1.33281	0.000212714	
-1.3325	0.000212714	
-1.33219	0.000212714	
-1.33189	0.000212714	
-1.33158	0.000212714	
-1.33128	0.000212714	
-1.33097	0.000213087	
-1.33067	0.000213087	
-1.33036	0.000213087	
-1.33006	0.000213087	
-1.32975	0.000213087	
-1.32944	0.000213087	
-1.32914	0.000213087	
-1.32883	0.000213087	
-1.32853	0.000213087	
-1.32822	0.000213087	
-1.32792	0.000213087	
-1.32761	0.000213087	
-1.32731	0.000213087	
-1.327	0.000213087	
-1.32669	0.000213459	
-1.32639	0.000213459	
-1.32608	0.000213459	
-1.32578	0.000213459	
-1.32547	0.000213459	
-1.32517	0.000213459	
-1.32486	0.000213459	
-1.32456	0.000213459	
-1.32425	0.000213459	
-1.32394	0.000213459	
-1.32364	0.000213459	
-1.32333	0.000213459	
-1.32303	0.000213459	
-1.32272	0.000213832	
-1.32242	0.000213832	
-1.32211	0.000213832	
-1.3218	0.000213832	
-1.3215	0.000213832	
-1.32119	0.000213832	
-1.32089	0.000213832	
-1.32058	0.000213832	
-1.32028	0.000213832	
-1.31997	0.000213832	
-1.31967	0.000213832	
-1.31936	0.000213832	
-1.31905	0.000213832	
-1.31875	0.000214204	
-1.31844	0.000214204	
-1.31814	0.000214204	
-1.31783	0.000214204	
-1.31753	0.000214204	
-1.31722	0.000214204	
-1.31692	0.000214204	
-1.31661	0.000214204	
-1.3163	0.000214204	
-1.316	0.000214204	
-1.31569	0.000214204	
-1.31539	0.000214204	
-1.31508	0.000214204	
-1.31478	0.000214577	
-1.31447	0.000214577	
-1.31417	0.000214577	
-1.31386	0.000214577	
-1.31355	0.000214577	
-1.31325	0.000214577	
-1.31294	0.000214577	
-1.31264	0.000214577	
-1.31233	0.000214577	
-1.31203	0.000214577	
-1.31172	0.000214577	
-1.31142	0.000214577	
-1.31111	0.000214577	
-1.3108	0.000214949	
-1.3105	0.000214949	
-1.31019	0.000214949	
-1.30989	0.000214949	
-1.30958	0.000214949	
-1.30928	0.000214949	
-1.30897	0.000214949	
-1.30867	0.000214949	
-1.30836	0.000214949	
-1.30805	0.000214949	
-1.30775	0.000214949	
-1.30744	0.000214949	
-1.30714	0.000214949	
-1.30683	0.000214949	
-1.30653	0.000215322	
-1.30622	0.000215322	
-1.30592	0.000215322	
-1.30561	0.000215322	
-1.3053	0.000215322	
-1.305	0.000215322	
-1.30469	0.000215322	
-1.30439	0.000215322	
-1.30408	0.000215322	
-1.30378	0.000215322	
-1.30347	0.000215322	
-1.30317	0.000215322	
-1.30286	0.000215322	
-1.30255	0.000215694	
-1.30225	0.000215694	
-1.30194	0.000215694	
-1.30164	0.000215694	
-1.30133	0.000215694	
-1.30103	0.000215694	
-1.30072	0.000215694	
-1.30042	0.000215694	
-1.30011	0.000215694	
-1.2998	0.000215694	
-1.2995	0.000215694	
-1.29919	0.000215694	
-1.29889	0.000215694	
-1.29858	0.000216067	
-1.29828	0.000216067	
-1.29797	0.000216067	
-1.29767	0.000216067	
-1.29736	0.000216067	
-1.29705	0.000216067	
-1.29675	0.000216067	
-1.29644	0.000216067	
-1.29614	0.000216067	
-1.29583	0.000216067	
-1.29553	0.000216067	
-1.29522	0.000216067	
-1.29492	0.000216067	
-1.29461	0.000216439	
-1.2943	0.000216439	
-1.294	0.000216439	
-1.29369	0.000216439	
-1.29339	0.000216439	
-1.29308	0.000216439	
-1.29278	0.000216439	
-1.29247	0.000216439	
-1.29217	0.000216439	
-1.29186	0.000216439	
-1.29155	0.000216439	
-1.29125	0.000216439	
-1.29094	0.000216439	
-1.29064	0.000216812	
-1.29033	0.000216812	
-1.29003	0.000216812	
-1.28972	0.000216812	
-1.28942	0.000216812	
-1.28911	0.000216812	
-1.2888	0.000216812	
-1.2885	0.000216812	
-1.28819	0.000216812	
-1.28789	0.000216812	
-1.28758	0.000216812	
-1.28728	0.000216812	
-1.28697	0.000216812	
-1.28666	0.000217184	
-1.28636	0.000217184	
-1.28605	0.000217184	
-1.28575	0.000217184	
-1.28544	0.000217184	
-1.28514	0.000217184	
-1.28483	0.000217184	
-1.28453	0.000217184	
-1.28422	0.000217184	
-1.28391	0.000217184	
-1.28361	0.000217184	
-1.2833	0.000217184	
-1.283	0.000217557	
-1.28269	0.000217557	
-1.28239	0.000217557	
-1.28208	0.000217557	
-1.28178	0.000217557	
-1.28147	0.000217557	
-1.28116	0.000217557	
-1.28086	0.000217557	
-1.28055	0.000217557	
-1.28025	0.000217557	
-1.27994	0.000217557	
-1.27964	0.000217557	
-1.27933	0.000217557	
-1.27903	0.000217929	
-1.27872	0.000217929	
-1.27841	0.000217929	
-1.27811	0.000217929	
-1.2778	0.000217929	
-1.2775	0.000217929	
-1.27719	0.000217929	
-1.27689	0.000217929	
-1.27658	0.000217929	
-1.27628	0.000217929	
-1.27597	0.000217929	
-1.27566	0.000217929	
-1.27536	0.000217929	
-1.27505	0.000218302	
-1.27475	0.000218302	
-1.27444	0.000218302	
-1.27414	0.000218302	
-1.27383	0.000218302	
-1.27353	0.000218302	
-1.27322	0.000218302	
-1.27291	0.000218302	
-1.27261	0.000218302	
-1.2723	0.000218302	
-1.272	0.000218302	
-1.27169	0.000218302	
-1.27139	0.000218302	
-1.27108	0.000218675	
-1.27078	0.000218675	
-1.27047	0.000218675	
-1.27016	0.000218675	
-1.26986	0.000218675	
-1.26955	0.000218675	
-1.26925	0.000218675	
-1.26894	0.000218675	
-1.26864	0.000218675	
-1.26833	0.000218675	
-1.26803	0.000218675	
-1.26772	0.000218675	
-1.26741	0.000218675	
-1.26711	0.000219047	
-1.2668	0.000219047	
-1.2665	0.000219047	
-1.26619	0.000219047	
-1.26589	0.000219047	
-1.26558	0.000219047	
-1.26528	0.000219047	
-1.26497	0.000219047	
-1.26466	0.000219047	
-1.26436	0.000219047	
-1.26405	0.000219047	
-1.26375	0.000219047	
-1.26344	0.00021942	
-1.26314	0.00021942	
-1.26283	0.00021942	
-1.26253	0.00021942	
-1.26222	0.00021942	
-1.26191	0.00021942	
-1.26161	0.00021942	
-1.2613	0.00021942	
-1.261	0.00021942	
-1.26069	0.00021942	
-1.26039	0.00021942	
-1.26008	0.00021942	
-1.25978	0.00021942	
-1.25947	0.000219792	
-1.25916	0.000219792	
-1.25886	0.000219792	
-1.25855	0.000219792	
-1.25825	0.000219792	
-1.25794	0.000219792	
-1.25764	0.000219792	
-1.25733	0.000219792	
-1.25703	0.000219792	
-1.25672	0.000219792	
-1.25641	0.000219792	
-1.25611	0.000219792	
-1.2558	0.000220165	
-1.2555	0.000220165	
-1.25519	0.000220165	
-1.25489	0.000220165	
-1.25458	0.000220165	
-1.25428	0.000220165	
-1.25397	0.000220165	
-1.25366	0.000220165	
-1.25336	0.000220165	
-1.25305	0.000220165	
-1.25275	0.000220165	
-1.25244	0.000220165	
-1.25214	0.000220165	
-1.25183	0.000220537	
-1.25152	0.000220537	
-1.25122	0.000220537	
-1.25091	0.000220537	
-1.25061	0.000220537	
-1.2503	0.000220537	
-1.25	0.000220537	
-1.24969	0.000220537	
-1.24939	0.000220537	
-1.24908	0.000220537	
-1.24877	0.000220537	
-1.24847	0.000220537	
-1.24816	0.00022091	
-1.24786	0.00022091	
-1.24755	0.00022091	
-1.24725	0.00022091	
-1.24694	0.00022091	
-1.24664	0.00022091	
-1.24633	0.00022091	
-1.24602	0.00022091	
-1.24572	0.00022091	
-1.24541	0.00022091	
-1.24511	0.00022091	
-1.2448	0.00022091	
-1.2445	0.000221282	
-1.24419	0.000221282	
-1.24389	0.000221282	
-1.24358	0.000221282	
-1.24327	0.000221282	
-1.24297	0.000221282	
-1.24266	0.000221282	
-1.24236	0.000221282	
-1.24205	0.000221282	
-1.24175	0.000221282	
-1.24144	0.000221282	
-1.24114	0.000221282	
-1.24083	0.000221282	
-1.24052	0.000221655	
-1.24022	0.000221655	
-1.23991	0.000221655	
-1.23961	0.000221655	
-1.2393	0.000221655	
-1.239	0.000221655	
-1.23869	0.000221655	
-1.23839	0.000221655	
-1.23808	0.000221655	
-1.23777	0.000221655	
-1.23747	0.000221655	
-1.23716	0.000221655	
-1.23686	0.000222027	
-1.23655	0.000222027	
-1.23625	0.000222027	
-1.23594	0.000222027	
-1.23564	0.000222027	
-1.23533	0.000222027	
-1.23502	0.000222027	
-1.23472	0.000222027	
-1.23441	0.000222027	
-1.23411	0.000222027	
-1.2338	0.000222027	
-1.2335	0.000222027	
-1.23319	0.000222027	
-1.23289	0.0002224	
-1.23258	0.0002224	
-1.23227	0.0002224	
-1.23197	0.0002224	
-1.23166	0.0002224	
-1.23136	0.0002224	
-1.23105	0.0002224	
-1.23075	0.0002224	
-1.23044	0.0002224	
-1.23014	0.0002224	
-1.22983	0.0002224	
-1.22952	0.0002224	
-1.22922	0.000222772	
-1.22891	0.000222772	
-1.22861	0.000222772	
-1.2283	0.000222772	
-1.228	0.000222772	
-1.22769	0.000222772	
-1.22739	0.000222772	
-1.22708	0.000222772	
-1.22677	0.000222772	
-1.22647	0.000222772	
-1.22616	0.000222772	
-1.22586	0.000222772	
-1.22555	0.000223145	
-1.22525	0.000223145	
-1.22494	0.000223145	
-1.22464	0.000223145	
-1.22433	0.000223145	
-1.22402	0.000223145	
-1.22372	0.000223145	
-1.22341	0.000223145	
-1.22311	0.000223145	
-1.2228	0.000223145	
-1.2225	0.000223145	
-1.22219	0.000223145	
-1.22189	0.000223145	
-1.22158	0.000223517	
-1.22127	0.000223517	
-1.22097	0.000223517	
-1.22066	0.000223517	
-1.22036	0.000223517	
-1.22005	0.000223517	
-1.21975	0.000223517	
-1.21944	0.000223517	
-1.21913	0.000223517	
-1.21883	0.000223517	
-1.21852	0.000223517	
-1.21822	0.00022389	
-1.21791	0.00022389	
-1.21761	0.00022389	
-1.2173	0.00022389	
-1.217	0.00022389	
-1.21669	0.00022389	
-1.21638	0.00022389	
-1.21608	0.00022389	
-1.21577	0.00022389	
-1.21547	0.00022389	
-1.21516	0.00022389	
-1.21486	0.00022389	
-1.21455	0.00022389	
-1.21425	0.000224262	
-1.21394	0.000224262	
-1.21363	0.000224262	
-1.21333	0.000224262	
-1.21302	0.000224262	
-1.21272	0.000224262	
-1.21241	0.000224262	
-1.21211	0.000224262	
-1.2118	0.000224262	
-1.2115	0.000224262	
-1.21119	0.000224262	
-1.21088	0.000224262	
-1.21058	0.000224635	
-1.21027	0.000224635	
-1.20997	0.000224635	
-1.20966	0.000224635	
-1.20936	0.000224635	
-1.20905	0.000224635	
-1.20875	0.000224635	
-1.20844	0.000224635	
-1.20813	0.000224635	
-1.20783	0.000224635	
-1.20752	0.000224635	
-1.20722	0.000224635	
-1.20691	0.000225008	
-1.20661	0.000225008	
-1.2063	0.000225008	
-1.206	0.000225008	
-1.20569	0.000225008	
-1.20538	0.000225008	
-1.20508	0.000225008	
-1.20477	0.000225008	
-1.20447	0.000225008	
-1.20416	0.000225008	
-1.20386	0.000225008	
-1.20355	0.000225008	
-1.20325	0.00022538	
-1.20294	0.00022538	
-1.20263	0.00022538	
-1.20233	0.00022538	
-1.20202	0.00022538	
-1.20172	0.00022538	
-1.20141	0.00022538	
-1.20111	0.00022538	
-1.2008	0.00022538	
-1.2005	0.00022538	
-1.20019	0.00022538	
-1.19988	0.00022538	
-1.19958	0.000225753	
-1.19927	0.000225753	
-1.19897	0.000225753	
-1.19866	0.000225753	
-1.19836	0.000225753	
-1.19805	0.000225753	
-1.19775	0.000225753	
-1.19744	0.000225753	
-1.19713	0.000225753	
-1.19683	0.000225753	
-1.19652	0.000225753	
-1.19622	0.000225753	
-1.19591	0.000226125	
-1.19561	0.000226125	
-1.1953	0.000226125	
-1.195	0.000226125	
-1.19469	0.000226125	
-1.19438	0.000226125	
-1.19408	0.000226125	
-1.19377	0.000226125	
-1.19347	0.000226125	
-1.19316	0.000226125	
-1.19286	0.000226125	
-1.19255	0.000226125	
-1.19225	0.000226498	
-1.19194	0.000226498	
-1.19163	0.000226498	
-1.19133	0.000226498	
-1.19102	0.000226498	
-1.19072	0.000226498	
-1.19041	0.000226498	
-1.19011	0.000226498	
-1.1898	0.000226498	
-1.1895	0.000226498	
-1.18919	0.000226498	
-1.18888	0.000226498	
-1.18858	0.00022687	
-1.18827	0.00022687	
-1.18797	0.00022687	
-1.18766	0.00022687	
-1.18736	0.00022687	
-1.18705	0.00022687	
-1.18675	0.00022687	
-1.18644	0.00022687	
-1.18613	0.00022687	
-1.18583	0.00022687	
-1.18552	0.00022687	
-1.18522	0.00022687	
-1.18491	0.000227243	
-1.18461	0.000227243	
-1.1843	0.000227243	
-1.18399	0.000227243	
-1.18369	0.000227243	
-1.18338	0.000227243	
-1.18308	0.000227243	
-1.18277	0.000227243	
-1.18247	0.000227243	
-1.18216	0.000227243	
-1.18186	0.000227243	
-1.18155	0.000227243	
-1.18124	0.000227615	
-1.18094	0.000227615	
-1.18063	0.000227615	
-1.18033	0.000227615	
-1.18002	0.000227615	
-1.17972	0.000227615	
-1.17941	0.000227615	
-1.17911	0.000227615	
-1.1788	0.000227615	
-1.17849	0.000227615	
-1.17819	0.000227615	
-1.17788	0.000227615	
-1.17758	0.000227988	
-1.17727	0.000227988	
-1.17697	0.000227988	
-1.17666	0.000227988	
-1.17636	0.000227988	
-1.17605	0.000227988	
-1.17574	0.000227988	
-1.17544	0.000227988	
-1.17513	0.000227988	
-1.17483	0.000227988	
-1.17452	0.000227988	
-1.17422	0.000227988	
-1.17391	0.00022836	
-1.17361	0.00022836	
-1.1733	0.00022836	
-1.17299	0.00022836	
-1.17269	0.00022836	
-1.17238	0.00022836	
-1.17208	0.00022836	
-1.17177	0.00022836	
-1.17147	0.00022836	
-1.17116	0.00022836	
-1.17086	0.00022836	
-1.17055	0.00022836	
-1.17024	0.000228733	
-1.16994	0.000228733	
-1.16963	0.000228733	
-1.16933	0.000228733	
-1.16902	0.000228733	
-1.16872	0.000228733	
-1.16841	0.000228733	
-1.16811	0.000228733	
-1.1678	0.000228733	
-1.16749	0.000228733	
-1.16719	0.000228733	
-1.16688	0.000229105	
-1.16658	0.000229105	
-1.16627	0.000229105	
-1.16597	0.000229105	
-1.16566	0.000229105	
-1.16536	0.000229105	
-1.16505	0.000229105	
-1.16474	0.000229105	
-1.16444	0.000229105	
-1.16413	0.000229105	
-1.16383	0.000229105	
-1.16352	0.000229105	
-1.16322	0.000229478	
-1.16291	0.000229478	
-1.16261	0.000229478	
-1.1623	0.000229478	
-1.16199	0.000229478	
-1.16169	0.000229478	
-1.16138	0.000229478	
-1.16108	0.000229478	
-1.16077	0.000229478	
-1.16047	0.000229478	
-1.16016	0.000229478	
-1.15986	0.000229478	
-1.15955	0.00022985	
-1.15924	0.00022985	
-1.15894	0.00022985	
-1.15863	0.00022985	
-1.15833	0.00022985	
-1.15802	0.00022985	
-1.15772	0.00022985	
-1.15741	0.00022985	
-1.15711	0.00022985	
-1.1568	0.00022985	
-1.15649	0.00022985	
-1.15619	0.00022985	
-1.15588	0.000230223	
-1.15558	0.000230223	
-1.15527	0.000230223	
-1.15497	0.000230223	
-1.15466	0.000230223	
-1.15436	0.000230223	
-1.15405	0.000230223	
-1.15374	0.000230223	
-1.15344	0.000230223	
-1.15313	0.000230223	
-1.15283	0.000230223	
-1.15252	0.000230595	
-1.15222	0.000230595	
-1.15191	0.000230595	
-1.1516	0.000230595	
-1.1513	0.000230595	
-1.15099	0.000230595	
-1.15069	0.000230595	
-1.15038	0.000230595	
-1.15008	0.000230595	
-1.14977	0.000230595	
-1.14947	0.000230595	
-1.14916	0.000230595	
-1.14885	0.000230968	
-1.14855	0.000230968	
-1.14824	0.000230968	
-1.14794	0.000230968	
-1.14763	0.000230968	
-1.14733	0.000230968	
-1.14702	0.000230968	
-1.14672	0.000230968	
-1.14641	0.000230968	
-1.1461	0.000230968	
-1.1458	0.000230968	
-1.14549	0.000231341	
-1.14519	0.000231341	
-1.14488	0.000231341	
-1.14458	0.000231341	
-1.14427	0.000231341	
-1.14397	0.000231341	
-1.14366	0.000231341	
-1.14335	0.000231341	
-1.14305	0.000231341	
-1.14274	0.000231341	
-1.14244	0.000231341	
-1.14213	0.000231341	
-1.14183	0.000231713	
-1.14152	0.000231713	
-1.14122	0.000231713	
-1.14091	0.000231713	
-1.1406	0.000231713	
-1.1403	0.000231713	
-1.13999	0.000231713	
-1.13969	0.000231713	
-1.13938	0.000231713	
-1.13908	0.000231713	
-1.13877	0.000231713	
-1.13847	0.000232086	
-1.13816	0.000232086	
-1.13785	0.000232086	
-1.13755	0.000232086	
-1.13724	0.000232086	
-1.13694	0.000232086	
-1.13663	0.000232086	
-1.13633	0.000232086	
-1.13602	0.000232086	
-1.13572	0.000232086	
-1.13541	0.000232086	
-1.1351	0.000232086	
-1.1348	0.000232458	
-1.13449	0.000232458	
-1.13419	0.000232458	
-1.13388	0.000232458	
-1.13358	0.000232458	
-1.13327	0.000232458	
-1.13297	0.000232458	
-1.13266	0.000232458	
-1.13235	0.000232458	
-1.13205	0.000232458	
-1.13174	0.000232458	
-1.13144	0.000232831	
-1.13113	0.000232831	
-1.13083	0.000232831	
-1.13052	0.000232831	
-1.13022	0.000232831	
-1.12991	0.000232831	
-1.1296	0.000232831	
-1.1293	0.000232831	
-1.12899	0.000232831	
-1.12869	0.000232831	
-1.12838	0.000232831	
-1.12808	0.000232831	
-1.12777	0.000233203	
-1.12747	0.000233203	
-1.12716	0.000233203	
-1.12685	0.000233203	
-1.12655	0.000233203	
-1.12624	0.000233203	
-1.12594	0.000233203	
-1.12563	0.000233203	
-1.12533	0.000233203	
-1.12502	0.000233203	
-1.12472	0.000233203	
-1.12441	0.000233576	
-1.1241	0.000233576	
-1.1238	0.000233576	
-1.12349	0.000233576	
-1.12319	0.000233576	
-1.12288	0.000233576	
-1.12258	0.000233576	
-1.12227	0.000233576	
-1.12197	0.000233576	
-1.12166	0.000233576	
-1.12135	0.000233576	
-1.12105	0.000233576	
-1.12074	0.000233948	
-1.12044	0.000233948	
-1.12013	0.000233948	
-1.11983	0.000233948	
-1.11952	0.000233948	
-1.11922	0.000233948	
-1.11891	0.000233948	
-1.1186	0.000233948	
-1.1183	0.000233948	
-1.11799	0.000233948	
-1.11769	0.000233948	
-1.11738	0.000234321	
-1.11708	0.000234321	
-1.11677	0.000234321	
-1.11646	0.000234321	
-1.11616	0.000234321	
-1.11585	0.000234321	
-1.11555	0.000234321	
-1.11524	0.000234321	
-1.11494	0.000234321	
-1.11463	0.000234321	
-1.11433	0.000234321	
-1.11402	0.000234693	
-1.11371	0.000234693	
-1.11341	0.000234693	
-1.1131	0.000234693	
-1.1128	0.000234693	
-1.11249	0.000234693	
-1.11219	0.000234693	
-1.11188	0.000234693	
-1.11158	0.000234693	
-1.11127	0.000234693	
-1.11096	0.000234693	
-1.11066	0.000234693	
-1.11035	0.000235066	
-1.11005	0.000235066	
-1.10974	0.000235066	
-1.10944	0.000235066	
-1.10913	0.000235066	
-1.10883	0.000235066	
-1.10852	0.000235066	
-1.10821	0.000235066	
-1.10791	0.000235066	
-1.1076	0.000235066	
-1.1073	0.000235066	
-1.10699	0.000235438	
-1.10669	0.000235438	
-1.10638	0.000235438	
-1.10608	0.000235438	
-1.10577	0.000235438	
-1.10546	0.000235438	
-1.10516	0.000235438	
-1.10485	0.000235438	
-1.10455	0.000235438	
-1.10424	0.000235438	
-1.10394	0.000235438	
-1.10363	0.000235811	
-1.10333	0.000235811	
-1.10302	0.000235811	
-1.10271	0.000235811	
-1.10241	0.000235811	
-1.1021	0.000235811	
-1.1018	0.000235811	
-1.10149	0.000235811	
-1.10119	0.000235811	
-1.10088	0.000235811	
-1.10058	0.000235811	
-1.10027	0.000236183	
-1.09996	0.000236183	
-1.09966	0.000236183	
-1.09935	0.000236183	
-1.09905	0.000236183	
-1.09874	0.000236183	
-1.09844	0.000236183	
-1.09813	0.000236183	
-1.09783	0.000236183	
-1.09752	0.000236183	
-1.09721	0.000236183	
-1.09691	0.000236556	
-1.0966	0.000236556	
-1.0963	0.000236556	
-1.09599	0.000236556	
-1.09569	0.000236556	
-1.09538	0.000236556	
-1.09508	0.000236556	
-1.09477	0.000236556	
-1.09446	0.000236556	
-1.09416	0.000236556	
-1.09385	0.000236556	
-1.09355	0.000236928	
-1.09324	0.000236928	
-1.09294	0.000236928	
-1.09263	0.000236928	
-1.09233	0.000236928	
-1.09202	0.000236928	
-1.09171	0.000236928	
-1.09141	0.000236928	
-1.0911	0.000236928	
-1.0908	0.000236928	
-1.09049	0.000237301	
-1.09019	0.000237301	
-1.08988	0.000237301	
-1.08958	0.000237301	
-1.08927	0.000237301	
-1.08896	0.000237301	
-1.08866	0.000237301	
-1.08835	0.000237301	
-1.08805	0.000237301	
-1.08774	0.000237301	
-1.08744	0.000237301	
-1.08713	0.000237674	
-1.08683	0.000237674	
-1.08652	0.000237674	
-1.08621	0.000237674	
-1.08591	0.000237674	
-1.0856	0.000237674	
-1.0853	0.000237674	
-1.08499	0.000237674	
-1.08469	0.000237674	
-1.08438	0.000237674	
-1.08407	0.000237674	
-1.08377	0.000238046	
-1.08346	0.000238046	
-1.08316	0.000238046	
-1.08285	0.000238046	
-1.08255	0.000238046	
-1.08224	0.000238046	
-1.08194	0.000238046	
-1.08163	0.000238046	
-1.08132	0.000238046	
-1.08102	0.000238046	
-1.08071	0.000238046	
-1.08041	0.000238419	
-1.0801	0.000238419	
-1.0798	0.000238419	
-1.07949	0.000238419	
-1.07919	0.000238419	
-1.07888	0.000238419	
-1.07857	0.000238419	
-1.07827	0.000238419	
-1.07796	0.000238419	
-1.07766	0.000238419	
-1.07735	0.000238419	
-1.07705	0.000238791	
-1.07674	0.000238791	
-1.07644	0.000238791	
-1.07613	0.000238791	
-1.07582	0.000238791	
-1.07552	0.000238791	
-1.07521	0.000238791	
-1.07491	0.000238791	
-1.0746	0.000238791	
-1.0743	0.000238791	
-1.07399	0.000238791	
-1.07369	0.000239164	
-1.07338	0.000239164	
-1.07307	0.000239164	
-1.07277	0.000239164	
-1.07246	0.000239164	
-1.07216	0.000239164	
-1.07185	0.000239164	
-1.07155	0.000239164	
-1.07124	0.000239164	
-1.07094	0.000239164	
-1.07063	0.000239164	
-1.07032	0.000239536	
-1.07002	0.000239536	
-1.06971	0.000239536	
-1.06941	0.000239536	
-1.0691	0.000239536	
-1.0688	0.000239536	
-1.06849	0.000239536	
-1.06819	0.000239536	
-1.06788	0.000239536	
-1.06757	0.000239536	
-1.06727	0.000239536	
-1.06696	0.000239909	
-1.06666	0.000239909	
-1.06635	0.000239909	
-1.06605	0.000239909	
-1.06574	0.000239909	
-1.06544	0.000239909	
-1.06513	0.000239909	
-1.06482	0.000239909	
-1.06452	0.000239909	
-1.06421	0.000239909	
-1.06391	0.000239909	
-1.0636	0.000240281	
-1.0633	0.000240281	
-1.06299	0.000240281	
-1.06269	0.000240281	
-1.06238	0.000240281	
-1.06207	0.000240281	
-1.06177	0.000240281	
-1.06146	0.000240281	
-1.06116	0.000240281	
-1.06085	0.000240281	
-1.06055	0.000240281	
-1.06024	0.000240654	
-1.05994	0.000240654	
-1.05963	0.000240654	
-1.05932	0.000240654	
-1.05902	0.000240654	
-1.05871	0.000240654	
-1.05841	0.000240654	
-1.0581	0.000240654	
-1.0578	0.000240654	
-1.05749	0.000240654	
-1.05719	0.000240654	
-1.05688	0.000241026	
-1.05657	0.000241026	
-1.05627	0.000241026	
-1.05596	0.000241026	
-1.05566	0.000241026	
-1.05535	0.000241026	
-1.05505	0.000241026	
-1.05474	0.000241026	
-1.05444	0.000241026	
-1.05413	0.000241026	
-1.05382	0.000241399	
-1.05352	0.000241399	
-1.05321	0.000241399	
-1.05291	0.000241399	
-1.0526	0.000241399	
-1.0523	0.000241399	
-1.05199	0.000241399	
-1.05169	0.000241399	
-1.05138	0.000241399	
-1.05107	0.000241399	
-1.05077	0.000241399	
-1.05046	0.000241771	
-1.05016	0.000241771	
-1.04985	0.000241771	
-1.04955	0.000241771	
-1.04924	0.000241771	
-1.04893	0.000241771	
-1.04863	0.000241771	
-1.04832	0.000241771	
-1.04802	0.000241771	
-1.04771	0.000241771	
-1.04741	0.000241771	
-1.0471	0.000242144	
-1.0468	0.000242144	
-1.04649	0.000242144	
-1.04618	0.000242144	
-1.04588	0.000242144	
-1.04557	0.000242144	
-1.04527	0.000242144	
-1.04496	0.000242144	
-1.04466	0.000242144	
-1.04435	0.000242144	
-1.04405	0.000242516	
-1.04374	0.000242516	
-1.04343	0.000242516	
-1.04313	0.000242516	
-1.04282	0.000242516	
-1.04252	0.000242516	
-1.04221	0.000242516	
-1.04191	0.000242516	
-1.0416	0.000242516	
-1.0413	0.000242516	
-1.04099	0.000242516	
-1.04068	0.000242889	
-1.04038	0.000242889	
-1.04007	0.000242889	
-1.03977	0.000242889	
-1.03946	0.000242889	
-1.03916	0.000242889	
-1.03885	0.000242889	
-1.03855	0.000242889	
-1.03824	0.000242889	
-1.03793	0.000242889	
-1.03763	0.000242889	
-1.03732	0.000243261	
-1.03702	0.000243261	
-1.03671	0.000243261	
-1.03641	0.000243261	
-1.0361	0.000243261	
-1.0358	0.000243261	
-1.03549	0.000243261	
-1.03518	0.000243261	
-1.03488	0.000243261	
-1.03457	0.000243261	
-1.03427	0.000243634	
-1.03396	0.000243634	
-1.03366	0.000243634	
-1.03335	0.000243634	
-1.03305	0.000243634	
-1.03274	0.000243634	
-1.03243	0.000243634	
-1.03213	0.000243634	
-1.03182	0.000243634	
-1.03152	0.000243634	
-1.03121	0.000243634	
-1.03091	0.000244007	
-1.0306	0.000244007	
-1.0303	0.000244007	
-1.02999	0.000244007	
-1.02968	0.000244007	
-1.02938	0.000244007	
-1.02907	0.000244007	
-1.02877	0.000244007	
-1.02846	0.000244007	
-1.02816	0.000244007	
-1.02785	0.000244379	
-1.02755	0.000244379	
-1.02724	0.000244379	
-1.02693	0.000244379	
-1.02663	0.000244379	
-1.02632	0.000244379	
-1.02602	0.000244379	
-1.02571	0.000244379	
-1.02541	0.000244379	
-1.0251	0.000244379	
-1.0248	0.000244379	
-1.02449	0.000244752	
-1.02418	0.000244752	
-1.02388	0.000244752	
-1.02357	0.000244752	
-1.02327	0.000244752	
-1.02296	0.000244752	
-1.02266	0.000244752	
-1.02235	0.000244752	
-1.02205	0.000244752	
-1.02174	0.000244752	
-1.02143	0.000245124	
-1.02113	0.000245124	
-1.02082	0.000245124	
-1.02052	0.000245124	
-1.02021	0.000245124	
-1.01991	0.000245124	
-1.0196	0.000245124	
-1.0193	0.000245124	
-1.01899	0.000245124	
-1.01868	0.000245124	
-1.01838	0.000245124	
-1.01807	0.000245497	
-1.01777	0.000245497	
-1.01746	0.000245497	
-1.01716	0.000245497	
-1.01685	0.000245497	
-1.01655	0.000245497	
-1.01624	0.000245497	
-1.01593	0.000245497	
-1.01563	0.000245497	
-1.01532	0.000245497	
-1.01502	0.000245869	
-1.01471	0.000245869	
-1.01441	0.000245869	
-1.0141	0.000245869	
-1.01379	0.000245869	
-1.01349	0.000245869	
-1.01318	0.000245869	
-1.01288	0.000245869	
-1.01257	0.000245869	
-1.01227	0.000245869	
-1.01196	0.000245869	
-1.01166	0.000246242	
-1.01135	0.000246242	
-1.01104	0.000246242	
-1.01074	0.000246242	
-1.01043	0.000246242	
-1.01013	0.000246242	
-1.00982	0.000246242	
-1.00952	0.000246242	
-1.00921	0.000246242	
-1.00891	0.000246242	
-1.0086	0.000246614	
-1.00829	0.000246614	
-1.00799	0.000246614	
-1.00768	0.000246614	
-1.00738	0.000246614	
-1.00707	0.000246614	
-1.00677	0.000246614	
-1.00646	0.000246614	
-1.00616	0.000246614	
-1.00585	0.000246614	
-1.00554	0.000246987	
-1.00524	0.000246987	
-1.00493	0.000246987	
-1.00463	0.000246987	
-1.00432	0.000246987	
-1.00402	0.000246987	
-1.00371	0.000246987	
-1.00341	0.000246987	
-1.0031	0.000246987	
-1.00279	0.000246987	
-1.00249	0.000246987	
-1.00218	0.000247359	
-1.00188	0.000247359	
-1.00157	0.000247359	
-1.00127	0.000247359	
-1.00096	0.000247359	
-1.00066	0.000247359	
-1.00035	0.000247359	
-1.00004	0.000247359	
-0.999739	0.000247359	
-0.999433	0.000247359	
-0.999128	0.000247732	
-0.998822	0.000247732	
-0.998517	0.000247732	
-0.998211	0.000247732	
-0.997906	0.000247732	
-0.9976	0.000247732	
-0.997294	0.000247732	
-0.996989	0.000247732	
-0.996683	0.000247732	
-0.996378	0.000247732	
-0.996072	0.000248104	
-0.995767	0.000248104	
-0.995461	0.000248104	
-0.995155	0.000248104	
-0.99485	0.000248104	
-0.994544	0.000248104	
-0.994239	0.000248104	
-0.993933	0.000248104	
-0.993628	0.000248104	
-0.993322	0.000248104	
-0.993016	0.000248477	
-0.992711	0.000248477	
-0.992405	0.000248477	
-0.9921	0.000248477	
-0.991794	0.000248477	
-0.991489	0.000248477	
-0.991183	0.000248477	
-0.990878	0.000248477	
-0.990572	0.000248477	
-0.990266	0.000248477	
-0.989961	0.000248477	
-0.989655	0.000248849	
-0.98935	0.000248849	
-0.989044	0.000248849	
-0.988739	0.000248849	
-0.988433	0.000248849	
-0.988127	0.000248849	
-0.987822	0.000248849	
-0.987516	0.000248849	
-0.987211	0.000248849	
-0.986905	0.000248849	
-0.9866	0.000249222	
-0.986294	0.000249222	
-0.985988	0.000249222	
-0.985683	0.000249222	
-0.985377	0.000249222	
-0.985072	0.000249222	
-0.984766	0.000249222	
-0.984461	0.000249222	
-0.984155	0.000249222	
-0.98385	0.000249222	
-0.983544	0.000249594	
-0.983238	0.000249594	
-0.982933	0.000249594	
-0.982627	0.000249594	
-0.982322	0.000249594	
-0.982016	0.000249594	
-0.981711	0.000249594	
-0.981405	0.000249594	
-0.981099	0.000249594	
-0.980794	0.000249594	
-0.980488	0.000249967	
-0.980183	0.000249967	
-0.979877	0.000249967	
-0.979572	0.000249967	
-0.979266	0.000249967	
-0.97896	0.000249967	
-0.978655	0.000249967	
-0.978349	0.000249967	
-0.978044	0.000249967	
-0.977738	0.000249967	
-0.977433	0.00025034	
-0.977127	0.00025034	
-0.976821	0.00025034	
-0.976516	0.00025034	
-0.97621	0.00025034	
-0.975905	0.00025034	
-0.975599	0.00025034	
-0.975294	0.00025034	
-0.974988	0.00025034	
-0.974683	0.00025034	
-0.974377	0.000250712	
-0.974071	0.000250712	
-0.973766	0.000250712	
-0.97346	0.000250712	
-0.973155	0.000250712	
-0.972849	0.000250712	
-0.972544	0.000250712	
-0.972238	0.000250712	
-0.971932	0.000250712	
-0.971627	0.000250712	
-0.971321	0.000251085	
-0.971016	0.000251085	
-0.97071	0.000251085	
-0.970405	0.000251085	
-0.970099	0.000251085	
-0.969793	0.000251085	
-0.969488	0.000251085	
-0.969182	0.000251085	
-0.968877	0.000251085	
-0.968571	0.000251085	
-0.968266	0.000251457	
-0.96796	0.000251457	
-0.967655	0.000251457	
-0.967349	0.000251457	
-0.967043	0.000251457	
-0.966738	0.000251457	
-0.966432	0.000251457	
-0.966127	0.000251457	
-0.965821	0.000251457	
-0.965516	0.000251457	
-0.96521	0.00025183	
-0.964904	0.00025183	
-0.964599	0.00025183	
-0.964293	0.00025183	
-0.963988	0.00025183	
-0.963682	0.00025183	
-0.963377	0.00025183	
-0.963071	0.00025183	
-0.962765	0.00025183	
-0.96246	0.00025183	
-0.962154	0.000252202	
-0.961849	0.000252202	
-0.961543	0.000252202	
-0.961238	0.000252202	
-0.960932	0.000252202	
-0.960627	0.000252202	
-0.960321	0.000252202	
-0.960015	0.000252202	
-0.95971	0.000252202	
-0.959404	0.000252202	
-0.959099	0.000252575	
-0.958793	0.000252575	
-0.958488	0.000252575	
-0.958182	0.000252575	
-0.957876	0.000252575	
-0.957571	0.000252575	
-0.957265	0.000252575	
-0.95696	0.000252575	
-0.956654	0.000252575	
-0.956349	0.000252575	
-0.956043	0.000252947	
-0.955737	0.000252947	
-0.955432	0.000252947	
-0.955126	0.000252947	
-0.954821	0.000252947	
-0.954515	0.000252947	
-0.95421	0.000252947	
-0.953904	0.000252947	
-0.953599	0.000252947	
-0.953293	0.000252947	
-0.952987	0.00025332	
-0.952682	0.00025332	
-0.952376	0.00025332	
-0.952071	0.00025332	
-0.951765	0.00025332	
-0.95146	0.00025332	
-0.951154	0.00025332	
-0.950848	0.00025332	
-0.950543	0.00025332	
-0.950237	0.00025332	
-0.949932	0.000253692	
-0.949626	0.000253692	
-0.949321	0.000253692	
-0.949015	0.000253692	
-0.948709	0.000253692	
-0.948404	0.000253692	
-0.948098	0.000253692	
-0.947793	0.000253692	
-0.947487	0.000253692	
-0.947182	0.000254065	
-0.946876	0.000254065	
-0.946571	0.000254065	
-0.946265	0.000254065	
-0.945959	0.000254065	
-0.945654	0.000254065	
-0.945348	0.000254065	
-0.945043	0.000254065	
-0.944737	0.000254065	
-0.944432	0.000254065	
-0.944126	0.000254437	
-0.94382	0.000254437	
-0.943515	0.000254437	
-0.943209	0.000254437	
-0.942904	0.000254437	
-0.942598	0.000254437	
-0.942293	0.000254437	
-0.941987	0.000254437	
-0.941681	0.000254437	
-0.941376	0.000254437	
-0.94107	0.00025481	
-0.940765	0.00025481	
-0.940459	0.00025481	
-0.940154	0.00025481	
-0.939848	0.00025481	
-0.939543	0.00025481	
-0.939237	0.00025481	
-0.938931	0.00025481	
-0.938626	0.00025481	
-0.93832	0.00025481	
-0.938015	0.000255182	
-0.937709	0.000255182	
-0.937404	0.000255182	
-0.937098	0.000255182	
-0.936792	0.000255182	
-0.936487	0.000255182	
-0.936181	0.000255182	
-0.935876	0.000255182	
-0.93557	0.000255182	
-0.935265	0.000255182	
-0.934959	0.000255555	
-0.934653	0.000255555	
-0.934348	0.000255555	
-0.934042	0.000255555	
-0.933737	0.000255555	
-0.933431	0.000255555	
-0.933126	0.000255555	
-0.93282	0.000255555	
-0.932514	0.000255555	
-0.932209	0.000255927	
-0.931903	0.000255927	
-0.931598	0.000255927	
-0.931292	0.000255927	
-0.930987	0.000255927	
-0.930681	0.000255927	
-0.930376	0.000255927	
-0.93007	0.000255927	
-0.929764	0.000255927	
-0.929459	0.000255927	
-0.929153	0.0002563	
-0.928848	0.0002563	
-0.928542	0.0002563	
-0.928237	0.0002563	
-0.927931	0.0002563	
-0.927625	0.0002563	
-0.92732	0.0002563	
-0.927014	0.0002563	
-0.926709	0.0002563	
-0.926403	0.0002563	
-0.926098	0.000256673	
-0.925792	0.000256673	
-0.925486	0.000256673	
-0.925181	0.000256673	
-0.924875	0.000256673	
-0.92457	0.000256673	
-0.924264	0.000256673	
-0.923959	0.000256673	
-0.923653	0.000256673	
-0.923348	0.000257045	
-0.923042	0.000257045	
-0.922736	0.000257045	
-0.922431	0.000257045	
-0.922125	0.000257045	
-0.92182	0.000257045	
-0.921514	0.000257045	
-0.921209	0.000257045	
-0.920903	0.000257045	
-0.920597	0.000257045	
-0.920292	0.000257418	
-0.919986	0.000257418	
-0.919681	0.000257418	
-0.919375	0.000257418	
-0.91907	0.000257418	
-0.918764	0.000257418	
-0.918458	0.000257418	
-0.918153	0.000257418	
-0.917847	0.000257418	
-0.917542	0.00025779	
-0.917236	0.00025779	
-0.916931	0.00025779	
-0.916625	0.00025779	
-0.91632	0.00025779	
-0.916014	0.00025779	
-0.915708	0.00025779	
-0.915403	0.00025779	
-0.915097	0.00025779	
-0.914792	0.00025779	
-0.914486	0.000258163	
-0.914181	0.000258163	
-0.913875	0.000258163	
-0.913569	0.000258163	
-0.913264	0.000258163	
-0.912958	0.000258163	
-0.912653	0.000258163	
-0.912347	0.000258163	
-0.912042	0.000258163	
-0.911736	0.000258535	
-0.91143	0.000258535	
-0.911125	0.000258535	
-0.910819	0.000258535	
-0.910514	0.000258535	
-0.910208	0.000258535	
-0.909903	0.000258535	
-0.909597	0.000258535	
-0.909292	0.000258535	
-0.908986	0.000258535	
-0.90868	0.000258908	
-0.908375	0.000258908	
-0.908069	0.000258908	
-0.907764	0.000258908	
-0.907458	0.000258908	
-0.907153	0.000258908	
-0.906847	0.000258908	
-0.906541	0.000258908	
-0.906236	0.000258908	
-0.90593	0.00025928	
-0.905625	0.00025928	
-0.905319	0.00025928	
-0.905014	0.00025928	
-0.904708	0.00025928	
-0.904402	0.00025928	
-0.904097	0.00025928	
-0.903791	0.00025928	
-0.903486	0.00025928	
-0.90318	0.00025928	
-0.902875	0.000259653	
-0.902569	0.000259653	
-0.902264	0.000259653	
-0.901958	0.000259653	
-0.901652	0.000259653	
-0.901347	0.000259653	
-0.901041	0.000259653	
-0.900736	0.000259653	
-0.90043	0.000259653	
-0.900125	0.000260025	
-0.899819	0.000260025	
-0.899513	0.000260025	
-0.899208	0.000260025	
-0.898902	0.000260025	
-0.898597	0.000260025	
-0.898291	0.000260025	
-0.897986	0.000260025	
-0.89768	0.000260025	
-0.897374	0.000260025	
-0.897069	0.000260398	
-0.896763	0.000260398	
-0.896458	0.000260398	
-0.896152	0.000260398	
-0.895847	0.000260398	
-0.895541	0.000260398	
-0.895235	0.000260398	
-0.89493	0.000260398	
-0.894624	0.000260398	
-0.894319	0.00026077	
-0.894013	0.00026077	
-0.893708	0.00026077	
-0.893402	0.00026077	
-0.893097	0.00026077	
-0.892791	0.00026077	
-0.892485	0.00026077	
-0.89218	0.00026077	
-0.891874	0.00026077	
-0.891569	0.00026077	
-0.891263	0.000261143	
-0.890958	0.000261143	
-0.890652	0.000261143	
-0.890346	0.000261143	
-0.890041	0.000261143	
-0.889735	0.000261143	
-0.88943	0.000261143	
-0.889124	0.000261143	
-0.888819	0.000261143	
-0.888513	0.000261515	
-0.888207	0.000261515	
-0.887902	0.000261515	
-0.887596	0.000261515	
-0.887291	0.000261515	
-0.886985	0.000261515	
-0.88668	0.000261515	
-0.886374	0.000261515	
-0.886069	0.000261515	
-0.885763	0.000261888	
-0.885457	0.000261888	
-0.885152	0.000261888	
-0.884846	0.000261888	
-0.884541	0.000261888	
-0.884235	0.000261888	
-0.88393	0.000261888	
-0.883624	0.000261888	
-0.883318	0.000261888	
-0.883013	0.00026226	
-0.882707	0.00026226	
-0.882402	0.00026226	
-0.882096	0.00026226	
-0.881791	0.00026226	
-0.881485	0.00026226	
-0.881179	0.00026226	
-0.880874	0.00026226	
-0.880568	0.00026226	
-0.880263	0.00026226	
-0.879957	0.000262633	
-0.879652	0.000262633	
-0.879346	0.000262633	
-0.879041	0.000262633	
-0.878735	0.000262633	
-0.878429	0.000262633	
-0.878124	0.000262633	
-0.877818	0.000262633	
-0.877513	0.000262633	
-0.877207	0.000263005	
-0.876902	0.000263005	
-0.876596	0.000263005	
-0.87629	0.000263005	
-0.875985	0.000263005	
-0.875679	0.000263005	
-0.875374	0.000263005	
-0.875068	0.000263005	
-0.874763	0.000263005	
-0.874457	0.000263378	
-0.874151	0.000263378	
-0.873846	0.000263378	
-0.87354	0.000263378	
-0.873235	0.000263378	
-0.872929	0.000263378	
-0.872624	0.000263378	
-0.872318	0.000263378	
-0.872013	0.000263378	
-0.871707	0.000263751	
-0.871401	0.000263751	
-0.871096	0.000263751	
-0.87079	0.000263751	
-0.870485	0.000263751	
-0.870179	0.000263751	
-0.869874	0.000263751	
-0.869568	0.000263751	
-0.869262	0.000263751	
-0.868957	0.000263751	
-0.868651	0.000264123	
-0.868346	0.000264123	
-0.86804	0.000264123	
-0.867735	0.000264123	
-0.867429	0.000264123	
-0.867123	0.000264123	
-0.866818	0.000264123	
-0.866512	0.000264123	
-0.866207	0.000264123	
-0.865901	0.000264496	
-0.865596	0.000264496	
-0.86529	0.000264496	
-0.864985	0.000264496	
-0.864679	0.000264496	
-0.864373	0.000264496	
-0.864068	0.000264496	
-0.863762	0.000264496	
-0.863457	0.000264496	
-0.863151	0.000264868	
-0.862846	0.000264868	
-0.86254	0.000264868	
-0.862234	0.000264868	
-0.861929	0.000264868	
-0.861623	0.000264868	
-0.861318	0.000264868	
-0.861012	0.000264868	
-0.860707	0.000264868	
-0.860401	0.000265241	
-0.860095	0.000265241	
-0.85979	0.000265241	
-0.859484	0.000265241	
-0.859179	0.000265241	
-0.858873	0.000265241	
-0.858568	0.000265241	
-0.858262	0.000265241	
-0.857957	0.000265241	
-0.857651	0.000265613	
-0.857345	0.000265613	
-0.85704	0.000265613	
-0.856734	0.000265613	
-0.856429	0.000265613	
-0.856123	0.000265613	
-0.855818	0.000265613	
-0.855512	0.000265613	
-0.855206	0.000265613	
-0.854901	0.000265986	
-0.854595	0.000265986	
-0.85429	0.000265986	
-0.853984	0.000265986	
-0.853679	0.000265986	
-0.853373	0.000265986	
-0.853067	0.000265986	
-0.852762	0.000265986	
-0.852456	0.000265986	
-0.852151	0.000266358	
-0.851845	0.000266358	
-0.85154	0.000266358	
-0.851234	0.000266358	
-0.850928	0.000266358	
-0.850623	0.000266358	
-0.850317	0.000266358	
-0.850012	0.000266358	
-0.849706	0.000266358	
-0.849401	0.000266731	
-0.849095	0.000266731	
-0.84879	0.000266731	
-0.848484	0.000266731	
-0.848178	0.000266731	
-0.847873	0.000266731	
-0.847567	0.000266731	
-0.847262	0.000266731	
-0.846956	0.000266731	
-0.846651	0.000267103	
-0.846345	0.000267103	
-0.846039	0.000267103	
-0.845734	0.000267103	
-0.845428	0.000267103	
-0.845123	0.000267103	
-0.844817	0.000267103	
-0.844512	0.000267103	
-0.844206	0.000267103	
-0.8439	0.000267476	
-0.843595	0.000267476	
-0.843289	0.000267476	
-0.842984	0.000267476	
-0.842678	0.000267476	
-0.842373	0.000267476	
-0.842067	0.000267476	
-0.841762	0.000267476	
-0.841456	0.000267476	
-0.84115	0.000267848	
-0.840845	0.000267848	
-0.840539	0.000267848	
-0.840234	0.000267848	
-0.839928	0.000267848	
-0.839623	0.000267848	
-0.839317	0.000267848	
-0.839011	0.000267848	
-0.838706	0.000267848	
-0.8384	0.000268221	
-0.838095	0.000268221	
-0.837789	0.000268221	
-0.837484	0.000268221	
-0.837178	0.000268221	
-0.836872	0.000268221	
-0.836567	0.000268221	
-0.836261	0.000268221	
-0.835956	0.000268593	
-0.83565	0.000268593	
-0.835345	0.000268593	
-0.835039	0.000268593	
-0.834734	0.000268593	
-0.834428	0.000268593	
-0.834122	0.000268593	
-0.833817	0.000268593	
-0.833511	0.000268593	
-0.833206	0.000268966	
-0.8329	0.000268966	
-0.832595	0.000268966	
-0.832289	0.000268966	
-0.831983	0.000268966	
-0.831678	0.000268966	
-0.831372	0.000268966	
-0.831067	0.000268966	
-0.830761	0.000268966	
-0.830456	0.000269338	
-0.83015	0.000269338	
-0.829844	0.000269338	
-0.829539	0.000269338	
-0.829233	0.000269338	
-0.828928	0.000269338	
-0.828622	0.000269338	
-0.828317	0.000269338	
-0.828011	0.000269338	
-0.827706	0.000269711	
-0.8274	0.000269711	
-0.827094	0.000269711	
-0.826789	0.000269711	
-0.826483	0.000269711	
-0.826178	0.000269711	
-0.825872	0.000269711	
-0.825567	0.000269711	
-0.825261	0.000269711	
-0.824955	0.000270084	
-0.82465	0.000270084	
-0.824344	0.000270084	
-0.824039	0.000270084	
-0.823733	0.000270084	
-0.823428	0.000270084	
-0.823122	0.000270084	
-0.822816	0.000270084	
-0.822511	0.000270084	
-0.822205	0.000270456	
-0.8219	0.000270456	
-0.821594	0.000270456	
-0.821289	0.000270456	
-0.820983	0.000270456	
-0.820678	0.000270456	
-0.820372	0.000270456	
-0.820066	0.000270456	
-0.819761	0.000270829	
-0.819455	0.000270829	
-0.81915	0.000270829	
-0.818844	0.000270829	
-0.818539	0.000270829	
-0.818233	0.000270829	
-0.817927	0.000270829	
-0.817622	0.000270829	
-0.817316	0.000270829	
-0.817011	0.000271201	
-0.816705	0.000271201	
-0.8164	0.000271201	
-0.816094	0.000271201	
-0.815788	0.000271201	
-0.815483	0.000271201	
-0.815177	0.000271201	
-0.814872	0.000271201	
-0.814566	0.000271201	
-0.814261	0.000271574	
-0.813955	0.000271574	
-0.81365	0.000271574	
-0.813344	0.000271574	
-0.813038	0.000271574	
-0.812733	0.000271574	
-0.812427	0.000271574	
-0.812122	0.000271574	
-0.811816	0.000271574	
-0.811511	0.000271946	
-0.811205	0.000271946	
-0.810899	0.000271946	
-0.810594	0.000271946	
-0.810288	0.000271946	
-0.809983	0.000271946	
-0.809677	0.000271946	
-0.809372	0.000271946	
-0.809066	0.000272319	
-0.80876	0.000272319	
-0.808455	0.000272319	
-0.808149	0.000272319	
-0.807844	0.000272319	
-0.807538	0.000272319	
-0.807233	0.000272319	
-0.806927	0.000272319	
-0.806621	0.000272319	
-0.806316	0.000272691	
-0.80601	0.000272691	
-0.805705	0.000272691	
-0.805399	0.000272691	
-0.805094	0.000272691	
-0.804788	0.000272691	
-0.804483	0.000272691	
-0.804177	0.000272691	
-0.803871	0.000272691	
-0.803566	0.000273064	
-0.80326	0.000273064	
-0.802955	0.000273064	
-0.802649	0.000273064	
-0.802344	0.000273064	
-0.802038	0.000273064	
-0.801732	0.000273064	
-0.801427	0.000273064	
-0.801121	0.000273436	
-0.800816	0.000273436	
-0.80051	0.000273436	
-0.800205	0.000273436	
-0.799899	0.000273436	
-0.799593	0.000273436	
-0.799288	0.000273436	
-0.798982	0.000273436	
-0.798677	0.000273436	
-0.798371	0.000273809	
-0.798066	0.000273809	
-0.79776	0.000273809	
-0.797455	0.000273809	
-0.797149	0.000273809	
-0.796843	0.000273809	
-0.796538	0.000273809	
-0.796232	0.000273809	
-0.795927	0.000274181	
-0.795621	0.000274181	
-0.795316	0.000274181	
-0.79501	0.000274181	
-0.794704	0.000274181	
-0.794399	0.000274181	
-0.794093	0.000274181	
-0.793788	0.000274181	
-0.793482	0.000274181	
-0.793177	0.000274554	
-0.792871	0.000274554	
-0.792565	0.000274554	
-0.79226	0.000274554	
-0.791954	0.000274554	
-0.791649	0.000274554	
-0.791343	0.000274554	
-0.791038	0.000274554	
-0.790732	0.000274926	
-0.790427	0.000274926	
-0.790121	0.000274926	
-0.789815	0.000274926	
-0.78951	0.000274926	
-0.789204	0.000274926	
-0.788899	0.000274926	
-0.788593	0.000274926	
-0.788288	0.000274926	
-0.787982	0.000275299	
-0.787676	0.000275299	
-0.787371	0.000275299	
-0.787065	0.000275299	
-0.78676	0.000275299	
-0.786454	0.000275299	
-0.786149	0.000275299	
-0.785843	0.000275299	
-0.785537	0.000275671	
-0.785232	0.000275671	
-0.784926	0.000275671	
-0.784621	0.000275671	
-0.784315	0.000275671	
-0.78401	0.000275671	
-0.783704	0.000275671	
-0.783399	0.000275671	
-0.783093	0.000275671	
-0.782787	0.000276044	
-0.782482	0.000276044	
-0.782176	0.000276044	
-0.781871	0.000276044	
-0.781565	0.000276044	
-0.78126	0.000276044	
-0.780954	0.000276044	
-0.780648	0.000276044	
-0.780343	0.000276417	
-0.780037	0.000276417	
-0.779732	0.000276417	
-0.779426	0.000276417	
-0.779121	0.000276417	
-0.778815	0.000276417	
-0.778509	0.000276417	
-0.778204	0.000276417	
-0.777898	0.000276417	
-0.777593	0.000276789	
-0.777287	0.000276789	
-0.776982	0.000276789	
-0.776676	0.000276789	
-0.776371	0.000276789	
-0.776065	0.000276789	
-0.775759	0.000276789	
-0.775454	0.000276789	
-0.775148	0.000277162	
-0.774843	0.000277162	
-0.774537	0.000277162	
-0.774232	0.000277162	
-0.773926	0.000277162	
-0.77362	0.000277162	
-0.773315	0.000277162	
-0.773009	0.000277162	
-0.772704	0.000277162	
-0.772398	0.000277534	
-0.772093	0.000277534	
-0.771787	0.000277534	
-0.771481	0.000277534	
-0.771176	0.000277534	
-0.77087	0.000277534	
-0.770565	0.000277534	
-0.770259	0.000277534	
-0.769954	0.000277907	
-0.769648	0.000277907	
-0.769343	0.000277907	
-0.769037	0.000277907	
-0.768731	0.000277907	
-0.768426	0.000277907	
-0.76812	0.000277907	
-0.767815	0.000277907	
-0.767509	0.000278279	
-0.767204	0.000278279	
-0.766898	0.000278279	
-0.766592	0.000278279	
-0.766287	0.000278279	
-0.765981	0.000278279	
-0.765676	0.000278279	
-0.76537	0.000278279	
-0.765065	0.000278279	
-0.764759	0.000278652	
-0.764453	0.000278652	
-0.764148	0.000278652	
-0.763842	0.000278652	
-0.763537	0.000278652	
-0.763231	0.000278652	
-0.762926	0.000278652	
-0.76262	0.000278652	
-0.762314	0.000279024	
-0.762009	0.000279024	
-0.761703	0.000279024	
-0.761398	0.000279024	
-0.761092	0.000279024	
-0.760787	0.000279024	
-0.760481	0.000279024	
-0.760176	0.000279024	
-0.75987	0.000279397	
-0.759564	0.000279397	
-0.759259	0.000279397	
-0.758953	0.000279397	
-0.758648	0.000279397	
-0.758342	0.000279397	
-0.758037	0.000279397	
-0.757731	0.000279397	
-0.757425	0.000279769	
-0.75712	0.000279769	
-0.756814	0.000279769	
-0.756509	0.000279769	
-0.756203	0.000279769	
-0.755898	0.000279769	
-0.755592	0.000279769	
-0.755286	0.000279769	
-0.754981	0.000279769	
-0.754675	0.000280142	
-0.75437	0.000280142	
-0.754064	0.000280142	
-0.753759	0.000280142	
-0.753453	0.000280142	
-0.753148	0.000280142	
-0.752842	0.000280142	
-0.752536	0.000280142	
-0.752231	0.000280514	
-0.751925	0.000280514	
-0.75162	0.000280514	
-0.751314	0.000280514	
-0.751009	0.000280514	
-0.750703	0.000280514	
-0.750397	0.000280514	
-0.750092	0.000280514	
-0.749786	0.000280887	
-0.749481	0.000280887	
-0.749175	0.000280887	
-0.74887	0.000280887	
-0.748564	0.000280887	
-0.748258	0.000280887	
-0.747953	0.000280887	
-0.747647	0.000280887	
-0.747342	0.000281259	
-0.747036	0.000281259	
-0.746731	0.000281259	
-0.746425	0.000281259	
-0.74612	0.000281259	
-0.745814	0.000281259	
-0.745508	0.000281259	
-0.745203	0.000281259	
-0.744897	0.000281632	
-0.744592	0.000281632	
-0.744286	0.000281632	
-0.743981	0.000281632	
-0.743675	0.000281632	
-0.743369	0.000281632	
-0.743064	0.000281632	
-0.742758	0.000281632	
-0.742453	0.000281632	
-0.742147	0.000282004	
-0.741842	0.000282004	
-0.741536	0.000282004	
-0.74123	0.000282004	
-0.740925	0.000282004	
-0.740619	0.000282004	
-0.740314	0.000282004	
-0.740008	0.000282004	
-0.739703	0.000282377	
-0.739397	0.000282377	
-0.739092	0.000282377	
-0.738786	0.000282377	
-0.73848	0.000282377	
-0.738175	0.000282377	
-0.737869	0.000282377	
-0.737564	0.000282377	
-0.737258	0.00028275	
-0.736953	0.00028275	
-0.736647	0.00028275	
-0.736341	0.00028275	
-0.736036	0.00028275	
-0.73573	0.00028275	
-0.735425	0.00028275	
-0.735119	0.00028275	
-0.734814	0.000283122	
-0.734508	0.000283122	
-0.734202	0.000283122	
-0.733897	0.000283122	
-0.733591	0.000283122	
-0.733286	0.000283122	
-0.73298	0.000283122	
-0.732675	0.000283122	
-0.732369	0.000283495	
-0.732064	0.000283495	
-0.731758	0.000283495	
-0.731452	0.000283495	
-0.731147	0.000283495	
-0.730841	0.000283495	
-0.730536	0.000283495	
-0.73023	0.000283495	
-0.729925	0.000283867	
-0.729619	0.000283867	
-0.729313	0.000283867	
-0.729008	0.000283867	
-0.728702	0.000283867	
-0.728397	0.000283867	
-0.728091	0.000283867	
-0.727786	0.000283867	
-0.72748	0.00028424	
-0.727174	0.00028424	
-0.726869	0.00028424	
-0.726563	0.00028424	
-0.726258	0.00028424	
-0.725952	0.00028424	
-0.725647	0.00028424	
-0.725341	0.00028424	
-0.725035	0.000284612	
-0.72473	0.000284612	
-0.724424	0.000284612	
-0.724119	0.000284612	
-0.723813	0.000284612	
-0.723508	0.000284612	
-0.723202	0.000284612	
-0.722897	0.000284612	
-0.722591	0.000284985	
-0.722285	0.000284985	
-0.72198	0.000284985	
-0.721674	0.000284985	
-0.721369	0.000284985	
-0.721063	0.000284985	
-0.720758	0.000284985	
-0.720452	0.000284985	
-0.720146	0.000285357	
-0.719841	0.000285357	
-0.719535	0.000285357	
-0.71923	0.000285357	
-0.718924	0.000285357	
-0.718619	0.000285357	
-0.718313	0.000285357	
-0.718007	0.000285357	
-0.717702	0.00028573	
-0.717396	0.00028573	
-0.717091	0.00028573	
-0.716785	0.00028573	
-0.71648	0.00028573	
-0.716174	0.00028573	
-0.715869	0.00028573	
-0.715563	0.00028573	
-0.715257	0.000286102	
-0.714952	0.000286102	
-0.714646	0.000286102	
-0.714341	0.000286102	
-0.714035	0.000286102	
-0.71373	0.000286102	
-0.713424	0.000286102	
-0.713118	0.000286102	
-0.712813	0.000286475	
-0.712507	0.000286475	
-0.712202	0.000286475	
-0.711896	0.000286475	
-0.711591	0.000286475	
-0.711285	0.000286475	
-0.710979	0.000286475	
-0.710674	0.000286475	
-0.710368	0.000286847	
-0.710063	0.000286847	
-0.709757	0.000286847	
-0.709452	0.000286847	
-0.709146	0.000286847	
-0.708841	0.000286847	
-0.708535	0.000286847	
-0.708229	0.00028722	
-0.707924	0.00028722	
-0.707618	0.00028722	
-0.707313	0.00028722	
-0.707007	0.00028722	
-0.706702	0.00028722	
-0.706396	0.00028722	
-0.70609	0.00028722	
-0.705785	0.000287592	
-0.705479	0.000287592	
-0.705174	0.000287592	
-0.704868	0.000287592	
-0.704563	0.000287592	
-0.704257	0.000287592	
-0.703951	0.000287592	
-0.703646	0.000287592	
-0.70334	0.000287965	
-0.703035	0.000287965	
-0.702729	0.000287965	
-0.702424	0.000287965	
-0.702118	0.000287965	
-0.701813	0.000287965	
-0.701507	0.000287965	
-0.701201	0.000287965	
-0.700896	0.000288337	
-0.70059	0.000288337	
-0.700285	0.000288337	
-0.699979	0.000288337	
-0.699674	0.000288337	
-0.699368	0.000288337	
-0.699062	0.000288337	
-0.698757	0.000288337	
-0.698451	0.00028871	
-0.698146	0.00028871	
-0.69784	0.00028871	
-0.697535	0.00028871	
-0.697229	0.00028871	
-0.696923	0.00028871	
-0.696618	0.00028871	
-0.696312	0.00028871	
-0.696007	0.000289083	
-0.695701	0.000289083	
-0.695396	0.000289083	
-0.69509	0.000289083	
-0.694785	0.000289083	
-0.694479	0.000289083	
-0.694173	0.000289083	
-0.693868	0.000289455	
-0.693562	0.000289455	
-0.693257	0.000289455	
-0.692951	0.000289455	
-0.692646	0.000289455	
-0.69234	0.000289455	
-0.692034	0.000289455	
-0.691729	0.000289455	
-0.691423	0.000289828	
-0.691118	0.000289828	
-0.690812	0.000289828	
-0.690507	0.000289828	
-0.690201	0.000289828	
-0.689895	0.000289828	
-0.68959	0.000289828	
-0.689284	0.000289828	
-0.688979	0.0002902	
-0.688673	0.0002902	
-0.688368	0.0002902	
-0.688062	0.0002902	
-0.687757	0.0002902	
-0.687451	0.0002902	
-0.687145	0.0002902	
-0.68684	0.000290573	
-0.686534	0.000290573	
-0.686229	0.000290573	
-0.685923	0.000290573	
-0.685618	0.000290573	
-0.685312	0.000290573	
-0.685006	0.000290573	
-0.684701	0.000290573	
-0.684395	0.000290945	
-0.68409	0.000290945	
-0.683784	0.000290945	
-0.683479	0.000290945	
-0.683173	0.000290945	
-0.682867	0.000290945	
-0.682562	0.000290945	
-0.682256	0.000290945	
-0.681951	0.000291318	
-0.681645	0.000291318	
-0.68134	0.000291318	
-0.681034	0.000291318	
-0.680728	0.000291318	
-0.680423	0.000291318	
-0.680117	0.000291318	
-0.679812	0.00029169	
-0.679506	0.00029169	
-0.679201	0.00029169	
-0.678895	0.00029169	
-0.67859	0.00029169	
-0.678284	0.00029169	
-0.677978	0.00029169	
-0.677673	0.00029169	
-0.677367	0.000292063	
-0.677062	0.000292063	
-0.676756	0.000292063	
-0.676451	0.000292063	
-0.676145	0.000292063	
-0.675839	0.000292063	
-0.675534	0.000292063	
-0.675228	0.000292063	
-0.674923	0.000292435	
-0.674617	0.000292435	
-0.674312	0.000292435	
-0.674006	0.000292435	
-0.6737	0.000292435	
-0.673395	0.000292435	
-0.673089	0.000292435	
-0.672784	0.000292808	
-0.672478	0.000292808	
-0.672173	0.000292808	
-0.671867	0.000292808	
-0.671562	0.000292808	
-0.671256	0.000292808	
-0.67095	0.000292808	
-0.670645	0.000292808	
-0.670339	0.00029318	
-0.670034	0.00029318	
-0.669728	0.00029318	
-0.669423	0.00029318	
-0.669117	0.00029318	
-0.668811	0.00029318	
-0.668506	0.00029318	
-0.6682	0.000293553	
-0.667895	0.000293553	
-0.667589	0.000293553	
-0.667284	0.000293553	
-0.666978	0.000293553	
-0.666672	0.000293553	
-0.666367	0.000293553	
-0.666061	0.000293553	
-0.665756	0.000293925	
-0.66545	0.000293925	
-0.665145	0.000293925	
-0.664839	0.000293925	
-0.664534	0.000293925	
-0.664228	0.000293925	
-0.663922	0.000293925	
-0.663617	0.000294298	
-0.663311	0.000294298	
-0.663006	0.000294298	
-0.6627	0.000294298	
-0.662395	0.000294298	
-0.662089	0.000294298	
-0.661783	0.000294298	
-0.661478	0.000294298	
-0.661172	0.00029467	
-0.660867	0.00029467	
-0.660561	0.00029467	
-0.660256	0.00029467	
-0.65995	0.00029467	
-0.659644	0.00029467	
-0.659339	0.00029467	
-0.659033	0.000295043	
-0.658728	0.000295043	
-0.658422	0.000295043	
-0.658117	0.000295043	
-0.657811	0.000295043	
-0.657506	0.000295043	
-0.6572	0.000295043	
-0.656894	0.000295043	
-0.656589	0.000295416	
-0.656283	0.000295416	
-0.655978	0.000295416	
-0.655672	0.000295416	
-0.655367	0.000295416	
-0.655061	0.000295416	
-0.654755	0.000295416	
-0.65445	0.000295788	
-0.654144	0.000295788	
-0.653839	0.000295788	
-0.653533	0.000295788	
-0.653228	0.000295788	
-0.652922	0.000295788	
-0.652616	0.000295788	
-0.652311	0.000295788	
-0.652005	0.000296161	
-0.6517	0.000296161	
-0.651394	0.000296161	
-0.651089	0.000296161	
-0.650783	0.000296161	
-0.650478	0.000296161	
-0.650172	0.000296161	
-0.649866	0.000296533	
-0.649561	0.000296533	
-0.649255	0.000296533	
-0.64895	0.000296533	
-0.648644	0.000296533	
-0.648339	0.000296533	
-0.648033	0.000296533	
-0.647727	0.000296533	
-0.647422	0.000296906	
-0.647116	0.000296906	
-0.646811	0.000296906	
-0.646505	0.000296906	
-0.6462	0.000296906	
-0.645894	0.000296906	
-0.645588	0.000296906	
-0.645283	0.000297278	
-0.644977	0.000297278	
-0.644672	0.000297278	
-0.644366	0.000297278	
-0.644061	0.000297278	
-0.643755	0.000297278	
-0.64345	0.000297278	
-0.643144	0.000297651	
-0.642838	0.000297651	
-0.642533	0.000297651	
-0.642227	0.000297651	
-0.641922	0.000297651	
-0.641616	0.000297651	
-0.641311	0.000297651	
-0.641005	0.000298023	
-0.640699	0.000298023	
-0.640394	0.000298023	
-0.640088	0.000298023	
-0.639783	0.000298023	
-0.639477	0.000298023	
-0.639172	0.000298023	
-0.638866	0.000298023	
-0.63856	0.000298396	
-0.638255	0.000298396	
-0.637949	0.000298396	
-0.637644	0.000298396	
-0.637338	0.000298396	
-0.637033	0.000298396	
-0.636727	0.000298396	
-0.636421	0.000298768	
-0.636116	0.000298768	
-0.63581	0.000298768	
-0.635505	0.000298768	
-0.635199	0.000298768	
-0.634894	0.000298768	
-0.634588	0.000298768	
-0.634283	0.000299141	
-0.633977	0.000299141	
-0.633671	0.000299141	
-0.633366	0.000299141	
-0.63306	0.000299141	
-0.632755	0.000299141	
-0.632449	0.000299141	
-0.632144	0.000299141	
-0.631838	0.000299513	
-0.631532	0.000299513	
-0.631227	0.000299513	
-0.630921	0.000299513	
-0.630616	0.000299513	
-0.63031	0.000299513	
-0.630005	0.000299513	
-0.629699	0.000299886	
-0.629393	0.000299886	
-0.629088	0.000299886	
-0.628782	0.000299886	
-0.628477	0.000299886	
-0.628171	0.000299886	
-0.627866	0.000299886	
-0.62756	0.000300258	
-0.627255	0.000300258	
-0.626949	0.000300258	
-0.626643	0.000300258	
-0.626338	0.000300258	
-0.626032	0.000300258	
-0.625727	0.000300258	
-0.625421	0.000300631	
-0.625116	0.000300631	
-0.62481	0.000300631	
-0.624504	0.000300631	
-0.624199	0.000300631	
-0.623893	0.000300631	
-0.623588	0.000300631	
-0.623282	0.000301003	
-0.622977	0.000301003	
-0.622671	0.000301003	
-0.622365	0.000301003	
-0.62206	0.000301003	
-0.621754	0.000301003	
-0.621449	0.000301003	
-0.621143	0.000301003	
-0.620838	0.000301376	
-0.620532	0.000301376	
-0.620227	0.000301376	
-0.619921	0.000301376	
-0.619615	0.000301376	
-0.61931	0.000301376	
-0.619004	0.000301376	
-0.618699	0.000301749	
-0.618393	0.000301749	
-0.618088	0.000301749	
-0.617782	0.000301749	
-0.617476	0.000301749	
-0.617171	0.000301749	
-0.616865	0.000301749	
-0.61656	0.000302121	
-0.616254	0.000302121	
-0.615949	0.000302121	
-0.615643	0.000302121	
-0.615337	0.000302121	
-0.615032	0.000302121	
-0.614726	0.000302121	
-0.614421	0.000302494	
-0.614115	0.000302494	
-0.61381	0.000302494	
-0.613504	0.000302494	
-0.613199	0.000302494	
-0.612893	0.000302494	
-0.612587	0.000302494	
-0.612282	0.000302866	
-0.611976	0.000302866	
-0.611671	0.000302866	
-0.611365	0.000302866	
-0.61106	0.000302866	
-0.610754	0.000302866	
-0.610448	0.000302866	
-0.610143	0.000303239	
-0.609837	0.000303239	
-0.609532	0.000303239	
-0.609226	0.000303239	
-0.608921	0.000303239	
-0.608615	0.000303239	
-0.608309	0.000303239	
-0.608004	0.000303611	
-0.607698	0.000303611	
-0.607393	0.000303611	
-0.607087	0.000303611	
-0.606782	0.000303611	
-0.606476	0.000303611	
-0.606171	0.000303611	
-0.605865	0.000303984	
-0.605559	0.000303984	
-0.605254	0.000303984	
-0.604948	0.000303984	
-0.604643	0.000303984	
-0.604337	0.000303984	
-0.604032	0.000303984	
-0.603726	0.000303984	
-0.60342	0.000304356	
-0.603115	0.000304356	
-0.602809	0.000304356	
-0.602504	0.000304356	
-0.602198	0.000304356	
-0.601893	0.000304356	
-0.601587	0.000304356	
-0.601281	0.000304729	
-0.600976	0.000304729	
-0.60067	0.000304729	
-0.600365	0.000304729	
-0.600059	0.000304729	
-0.599754	0.000304729	
-0.599448	0.000304729	
-0.599142	0.000305101	
-0.598837	0.000305101	
-0.598531	0.000305101	
-0.598226	0.000305101	
-0.59792	0.000305101	
-0.597615	0.000305101	
-0.597309	0.000305101	
-0.597004	0.000305474	
-0.596698	0.000305474	
-0.596392	0.000305474	
-0.596087	0.000305474	
-0.595781	0.000305474	
-0.595476	0.000305474	
-0.59517	0.000305474	
-0.594865	0.000305846	
-0.594559	0.000305846	
-0.594253	0.000305846	
-0.593948	0.000305846	
-0.593642	0.000305846	
-0.593337	0.000305846	
-0.593031	0.000305846	
-0.592726	0.000306219	
-0.59242	0.000306219	
-0.592114	0.000306219	
-0.591809	0.000306219	
-0.591503	0.000306219	
-0.591198	0.000306219	
-0.590892	0.000306591	
-0.590587	0.000306591	
-0.590281	0.000306591	
-0.589976	0.000306591	
-0.58967	0.000306591	
-0.589364	0.000306591	
-0.589059	0.000306591	
-0.588753	0.000306964	
-0.588448	0.000306964	
-0.588142	0.000306964	
-0.587837	0.000306964	
-0.587531	0.000306964	
-0.587225	0.000306964	
-0.58692	0.000306964	
-0.586614	0.000307336	
-0.586309	0.000307336	
-0.586003	0.000307336	
-0.585698	0.000307336	
-0.585392	0.000307336	
-0.585086	0.000307336	
-0.584781	0.000307336	
-0.584475	0.000307709	
-0.58417	0.000307709	
-0.583864	0.000307709	
-0.583559	0.000307709	
-0.583253	0.000307709	
-0.582948	0.000307709	
-0.582642	0.000307709	
-0.582336	0.000308082	
-0.582031	0.000308082	
-0.581725	0.000308082	
-0.58142	0.000308082	
-0.581114	0.000308082	
-0.580809	0.000308082	
-0.580503	0.000308082	
-0.580197	0.000308454	
-0.579892	0.000308454	
-0.579586	0.000308454	
-0.579281	0.000308454	
-0.578975	0.000308454	
-0.57867	0.000308454	
-0.578364	0.000308454	
-0.578058	0.000308827	
-0.577753	0.000308827	
-0.577447	0.000308827	
-0.577142	0.000308827	
-0.576836	0.000308827	
-0.576531	0.000308827	
-0.576225	0.000308827	
-0.57592	0.000309199	
-0.575614	0.000309199	
-0.575308	0.000309199	
-0.575003	0.000309199	
-0.574697	0.000309199	
-0.574392	0.000309199	
-0.574086	0.000309572	
-0.573781	0.000309572	
-0.573475	0.000309572	
-0.573169	0.000309572	
-0.572864	0.000309572	
-0.572558	0.000309572	
-0.572253	0.000309572	
-0.571947	0.000309944	
-0.571642	0.000309944	
-0.571336	0.000309944	
-0.57103	0.000309944	
-0.570725	0.000309944	
-0.570419	0.000309944	
-0.570114	0.000309944	
-0.569808	0.000310317	
-0.569503	0.000310317	
-0.569197	0.000310317	
-0.568892	0.000310317	
-0.568586	0.000310317	
-0.56828	0.000310317	
-0.567975	0.000310317	
-0.567669	0.000310689	
-0.567364	0.000310689	
-0.567058	0.000310689	
-0.566753	0.000310689	
-0.566447	0.000310689	
-0.566141	0.000310689	
-0.565836	0.000310689	
-0.56553	0.000311062	
-0.565225	0.000311062	
-0.564919	0.000311062	
-0.564614	0.000311062	
-0.564308	0.000311062	
-0.564002	0.000311062	
-0.563697	0.000311434	
-0.563391	0.000311434	
-0.563086	0.000311434	
-0.56278	0.000311434	
-0.562475	0.000311434	
-0.562169	0.000311434	
-0.561864	0.000311434	
-0.561558	0.000311807	
-0.561252	0.000311807	
-0.560947	0.000311807	
-0.560641	0.000311807	
-0.560336	0.000311807	
-0.56003	0.000311807	
-0.559725	0.000311807	
-0.559419	0.000312179	
-0.559113	0.000312179	
-0.558808	0.000312179	
-0.558502	0.000312179	
-0.558197	0.000312179	
-0.557891	0.000312179	
-0.557586	0.000312179	
-0.55728	0.000312552	
-0.556974	0.000312552	
-0.556669	0.000312552	
-0.556363	0.000312552	
-0.556058	0.000312552	
-0.555752	0.000312552	
-0.555447	0.000312924	
-0.555141	0.000312924	
-0.554835	0.000312924	
-0.55453	0.000312924	
-0.554224	0.000312924	
-0.553919	0.000312924	
-0.553613	0.000312924	
-0.553308	0.000313297	
-0.553002	0.000313297	
-0.552697	0.000313297	
-0.552391	0.000313297	
-0.552085	0.000313297	
-0.55178	0.000313297	
-0.551474	0.000313297	
-0.551169	0.000313669	
-0.550863	0.000313669	
-0.550558	0.000313669	
-0.550252	0.000313669	
-0.549946	0.000313669	
-0.549641	0.000313669	
-0.549335	0.000314042	
-0.54903	0.000314042	
-0.548724	0.000314042	
-0.548419	0.000314042	
-0.548113	0.000314042	
-0.547807	0.000314042	
-0.547502	0.000314042	
-0.547196	0.000314415	
-0.546891	0.000314415	
-0.546585	0.000314415	
-0.54628	0.000314415	
-0.545974	0.000314415	
-0.545669	0.000314415	
-0.545363	0.000314787	
-0.545057	0.000314787	
-0.544752	0.000314787	
-0.544446	0.000314787	
-0.544141	0.000314787	
-0.543835	0.000314787	
-0.54353	0.000314787	
-0.543224	0.00031516	
-0.542918	0.00031516	
-0.542613	0.00031516	
-0.542307	0.00031516	
-0.542002	0.00031516	
-0.541696	0.00031516	
-0.541391	0.00031516	
-0.541085	0.000315532	
-0.540779	0.000315532	
-0.540474	0.000315532	
-0.540168	0.000315532	
-0.539863	0.000315532	
-0.539557	0.000315532	
-0.539252	0.000315905	
-0.538946	0.000315905	
-0.538641	0.000315905	
-0.538335	0.000315905	
-0.538029	0.000315905	
-0.537724	0.000315905	
-0.537418	0.000315905	
-0.537113	0.000316277	
-0.536807	0.000316277	
-0.536502	0.000316277	
-0.536196	0.000316277	
-0.53589	0.000316277	
-0.535585	0.000316277	
-0.535279	0.00031665	
-0.534974	0.00031665	
-0.534668	0.00031665	
-0.534363	0.00031665	
-0.534057	0.00031665	
-0.533751	0.00031665	
-0.533446	0.00031665	
-0.53314	0.000317022	
-0.532835	0.000317022	
-0.532529	0.000317022	
-0.532224	0.000317022	
-0.531918	0.000317022	
-0.531613	0.000317022	
-0.531307	0.000317395	
-0.531001	0.000317395	
-0.530696	0.000317395	
-0.53039	0.000317395	
-0.530085	0.000317395	
-0.529779	0.000317395	
-0.529474	0.000317395	
-0.529168	0.000317767	
-0.528862	0.000317767	
-0.528557	0.000317767	
-0.528251	0.000317767	
-0.527946	0.000317767	
-0.52764	0.000317767	
-0.527335	0.00031814	
-0.527029	0.00031814	
-0.526723	0.00031814	
-0.526418	0.00031814	
-0.526112	0.00031814	
-0.525807	0.00031814	
-0.525501	0.00031814	
-0.525196	0.000318512	
-0.52489	0.000318512	
-0.524585	0.000318512	
-0.524279	0.000318512	
-0.523973	0.000318512	
-0.523668	0.000318512	
-0.523362	0.000318885	
-0.523057	0.000318885	
-0.522751	0.000318885	
-0.522446	0.000318885	
-0.52214	0.000318885	
-0.521834	0.000318885	
-0.521529	0.000319257	
-0.521223	0.000319257	
-0.520918	0.000319257	
-0.520612	0.000319257	
-0.520307	0.000319257	
-0.520001	0.000319257	
-0.519695	0.000319257	
-0.51939	0.00031963	
-0.519084	0.00031963	
-0.518779	0.00031963	
-0.518473	0.00031963	
-0.518168	0.00031963	
-0.517862	0.00031963	
-0.517557	0.000320002	
-0.517251	0.000320002	
-0.516945	0.000320002	
-0.51664	0.000320002	
-0.516334	0.000320002	
-0.516029	0.000320002	
-0.515723	0.000320002	
-0.515418	0.000320375	
-0.515112	0.000320375	
-0.514806	0.000320375	
-0.514501	0.000320375	
-0.514195	0.000320375	
-0.51389	0.000320375	
-0.513584	0.000320747	
-0.513279	0.000320747	
-0.512973	0.000320747	
-0.512667	0.000320747	
-0.512362	0.000320747	
-0.512056	0.000320747	
-0.511751	0.00032112	
-0.511445	0.00032112	
-0.51114	0.00032112	
-0.510834	0.00032112	
-0.510528	0.00032112	
-0.510223	0.00032112	
-0.509917	0.00032112	
-0.509612	0.000321493	
-0.509306	0.000321493	
-0.509001	0.000321493	
-0.508695	0.000321493	
-0.50839	0.000321493	
-0.508084	0.000321493	
-0.507778	0.000321865	
-0.507473	0.000321865	
-0.507167	0.000321865	
-0.506862	0.000321865	
-0.506556	0.000321865	
-0.506251	0.000321865	
-0.505945	0.000322238	
-0.505639	0.000322238	
-0.505334	0.000322238	
-0.505028	0.000322238	
-0.504723	0.000322238	
-0.504417	0.000322238	
-0.504112	0.000322238	
-0.503806	0.00032261	
-0.5035	0.00032261	
-0.503195	0.00032261	
-0.502889	0.00032261	
-0.502584	0.00032261	
-0.502278	0.00032261	
-0.501973	0.000322983	
-0.501667	0.000322983	
-0.501362	0.000322983	
-0.501056	0.000322983	
-0.50075	0.000322983	
-0.500445	0.000322983	
-0.500139	0.000323355	
-0.499834	0.000323355	
-0.499528	0.000323355	
-0.499223	0.000323355	
-0.498917	0.000323355	
-0.498611	0.000323355	
-0.498306	0.000323728	
-0.498	0.000323728	
-0.497695	0.000323728	
-0.497389	0.000323728	
-0.497084	0.000323728	
-0.496778	0.000323728	
-0.496472	0.000323728	
-0.496167	0.0003241	
-0.495861	0.0003241	
-0.495556	0.0003241	
-0.49525	0.0003241	
-0.494945	0.0003241	
-0.494639	0.0003241	
-0.494334	0.000324473	
-0.494028	0.000324473	
-0.493722	0.000324473	
-0.493417	0.000324473	
-0.493111	0.000324473	
-0.492806	0.000324473	
-0.4925	0.000324845	
-0.492195	0.000324845	
-0.491889	0.000324845	
-0.491583	0.000324845	
-0.491278	0.000324845	
-0.490972	0.000324845	
-0.490667	0.000325218	
-0.490361	0.000325218	
-0.490056	0.000325218	
-0.48975	0.000325218	
-0.489444	0.000325218	
-0.489139	0.000325218	
-0.488833	0.00032559	
-0.488528	0.00032559	
-0.488222	0.00032559	
-0.487917	0.00032559	
-0.487611	0.00032559	
-0.487306	0.00032559	
-0.487	0.000325963	
-0.486694	0.000325963	
-0.486389	0.000325963	
-0.486083	0.000325963	
-0.485778	0.000325963	
-0.485472	0.000325963	
-0.485167	0.000325963	
-0.484861	0.000326335	
-0.484555	0.000326335	
-0.48425	0.000326335	
-0.483944	0.000326335	
-0.483639	0.000326335	
-0.483333	0.000326335	
-0.483028	0.000326708	
-0.482722	0.000326708	
-0.482416	0.000326708	
-0.482111	0.000326708	
-0.481805	0.000326708	
-0.4815	0.000326708	
-0.481194	0.00032708	
-0.480889	0.00032708	
-0.480583	0.00032708	
-0.480278	0.00032708	
-0.479972	0.00032708	
-0.479666	0.00032708	
-0.479361	0.000327453	
-0.479055	0.000327453	
-0.47875	0.000327453	
-0.478444	0.000327453	
-0.478139	0.000327453	
-0.477833	0.000327453	
-0.477527	0.000327826	
-0.477222	0.000327826	
-0.476916	0.000327826	
-0.476611	0.000327826	
-0.476305	0.000327826	
-0.476	0.000327826	
-0.475694	0.000328198	
-0.475388	0.000328198	
-0.475083	0.000328198	
-0.474777	0.000328198	
-0.474472	0.000328198	
-0.474166	0.000328198	
-0.473861	0.000328571	
-0.473555	0.000328571	
-0.473249	0.000328571	
-0.472944	0.000328571	
-0.472638	0.000328571	
-0.472333	0.000328571	
-0.472027	0.000328943	
-0.471722	0.000328943	
-0.471416	0.000328943	
-0.471111	0.000328943	
-0.470805	0.000328943	
-0.470499	0.000328943	
-0.470194	0.000329316	
-0.469888	0.000329316	
-0.469583	0.000329316	
-0.469277	0.000329316	
-0.468972	0.000329316	
-0.468666	0.000329316	
-0.46836	0.000329688	
-0.468055	0.000329688	
-0.467749	0.000329688	
-0.467444	0.000329688	
-0.467138	0.000329688	
-0.466833	0.000329688	
-0.466527	0.000330061	
-0.466221	0.000330061	
-0.465916	0.000330061	
-0.46561	0.000330061	
-0.465305	0.000330061	
-0.464999	0.000330061	
-0.464694	0.000330433	
-0.464388	0.000330433	
-0.464083	0.000330433	
-0.463777	0.000330433	
-0.463471	0.000330433	
-0.463166	0.000330433	
-0.46286	0.000330806	
-0.462555	0.000330806	
-0.462249	0.000330806	
-0.461944	0.000330806	
-0.461638	0.000330806	
-0.461332	0.000330806	
-0.461027	0.000331178	
-0.460721	0.000331178	
-0.460416	0.000331178	
-0.46011	0.000331178	
-0.459805	0.000331178	
-0.459499	0.000331178	
-0.459193	0.000331551	
-0.458888	0.000331551	
-0.458582	0.000331551	
-0.458277	0.000331551	
-0.457971	0.000331551	
-0.457666	0.000331551	
-0.45736	0.000331923	
-0.457055	0.000331923	
-0.456749	0.000331923	
-0.456443	0.000331923	
-0.456138	0.000331923	
-0.455832	0.000331923	
-0.455527	0.000332296	
-0.455221	0.000332296	
-0.454916	0.000332296	
-0.45461	0.000332296	
-0.454304	0.000332296	
-0.453999	0.000332296	
-0.453693	0.000332668	
-0.453388	0.000332668	
-0.453082	0.000332668	
-0.452777	0.000332668	
-0.452471	0.000332668	
-0.452165	0.000332668	
-0.45186	0.000333041	
-0.451554	0.000333041	
-0.451249	0.000333041	
-0.450943	0.000333041	
-0.450638	0.000333041	
-0.450332	0.000333041	
-0.450027	0.000333413	
-0.449721	0.000333413	
-0.449415	0.000333413	
-0.44911	0.000333413	
-0.448804	0.000333413	
-0.448499	0.000333786	
-0.448193	0.000333786	
-0.447888	0.000333786	
-0.447582	0.000333786	
-0.447276	0.000333786	
-0.446971	0.000333786	
-0.446665	0.000334159	
-0.44636	0.000334159	
-0.446054	0.000334159	
-0.445749	0.000334159	
-0.445443	0.000334159	
-0.445137	0.000334159	
-0.444832	0.000334531	
-0.444526	0.000334531	
-0.444221	0.000334531	
-0.443915	0.000334531	
-0.44361	0.000334531	
-0.443304	0.000334531	
-0.442999	0.000334904	
-0.442693	0.000334904	
-0.442387	0.000334904	
-0.442082	0.000334904	
-0.441776	0.000334904	
-0.441471	0.000334904	
-0.441165	0.000335276	
-0.44086	0.000335276	
-0.440554	0.000335276	
-0.440248	0.000335276	
-0.439943	0.000335276	
-0.439637	0.000335276	
-0.439332	0.000335649	
-0.439026	0.000335649	
-0.438721	0.000335649	
-0.438415	0.000335649	
-0.438109	0.000335649	
-0.437804	0.000336021	
-0.437498	0.000336021	
-0.437193	0.000336021	
-0.436887	0.000336021	
-0.436582	0.000336021	
-0.436276	0.000336021	
-0.435971	0.000336394	
-0.435665	0.000336394	
-0.435359	0.000336394	
-0.435054	0.000336394	
-0.434748	0.000336394	
-0.434443	0.000336394	
-0.434137	0.000336766	
-0.433832	0.000336766	
-0.433526	0.000336766	
-0.43322	0.000336766	
-0.432915	0.000336766	
-0.432609	0.000336766	
-0.432304	0.000337139	
-0.431998	0.000337139	
-0.431693	0.000337139	
-0.431387	0.000337139	
-0.431081	0.000337139	
-0.430776	0.000337511	
-0.43047	0.000337511	
-0.430165	0.000337511	
-0.429859	0.000337511	
-0.429554	0.000337511	
-0.429248	0.000337511	
-0.428942	0.000337884	
-0.428637	0.000337884	
-0.428331	0.000337884	
-0.428026	0.000337884	
-0.42772	0.000337884	
-0.427415	0.000337884	
-0.427109	0.000338256	
-0.426804	0.000338256	
-0.426498	0.000338256	
-0.426192	0.000338256	
-0.425887	0.000338256	
-0.425581	0.000338629	
-0.425276	0.000338629	
-0.42497	0.000338629	
-0.424665	0.000338629	
-0.424359	0.000338629	
-0.424053	0.000338629	
-0.423748	0.000339001	
-0.423442	0.000339001	
-0.423137	0.000339001	
-0.422831	0.000339001	
-0.422526	0.000339001	
-0.42222	0.000339001	
-0.421914	0.000339374	
-0.421609	0.000339374	
-0.421303	0.000339374	
-0.420998	0.000339374	
-0.420692	0.000339374	
-0.420387	0.000339746	
-0.420081	0.000339746	
-0.419776	0.000339746	
-0.41947	0.000339746	
-0.419164	0.000339746	
-0.418859	0.000339746	
-0.418553	0.000340119	
-0.418248	0.000340119	
-0.417942	0.000340119	
-0.417637	0.000340119	
-0.417331	0.000340119	
-0.417025	0.000340119	
-0.41672	0.000340492	
-0.416414	0.000340492	
-0.416109	0.000340492	
-0.415803	0.000340492	
-0.415498	0.000340492	
-0.415192	0.000340864	
-0.414886	0.000340864	
-0.414581	0.000340864	
-0.414275	0.000340864	
-0.41397	0.000340864	
-0.413664	0.000340864	
-0.413359	0.000341237	
-0.413053	0.000341237	
-0.412748	0.000341237	
-0.412442	0.000341237	
-0.412136	0.000341237	
-0.411831	0.000341609	
-0.411525	0.000341609	
-0.41122	0.000341609	
-0.410914	0.000341609	
-0.410609	0.000341609	
-0.410303	0.000341609	
-0.409997	0.000341982	
-0.409692	0.000341982	
-0.409386	0.000341982	
-0.409081	0.000341982	
-0.408775	0.000341982	
-0.40847	0.000341982	
-0.408164	0.000342354	
-0.407858	0.000342354	
-0.407553	0.000342354	
-0.407247	0.000342354	
-0.406942	0.000342354	
-0.406636	0.000342727	
-0.406331	0.000342727	
-0.406025	0.000342727	
-0.40572	0.000342727	
-0.405414	0.000342727	
-0.405108	0.000342727	
-0.404803	0.000343099	
-0.404497	0.000343099	
-0.404192	0.000343099	
-0.403886	0.000343099	
-0.403581	0.000343099	
-0.403275	0.000343472	
-0.402969	0.000343472	
-0.402664	0.000343472	
-0.402358	0.000343472	
-0.402053	0.000343472	
-0.401747	0.000343472	
-0.401442	0.000343844	
-0.401136	0.000343844	
-0.40083	0.000343844	
-0.400525	0.000343844	
-0.400219	0.000343844	
-0.399914	0.000344217	
-0.399608	0.000344217	
-0.399303	0.000344217	
-0.398997	0.000344217	
-0.398692	0.000344217	
-0.398386	0.000344217	
-0.39808	0.000344589	
-0.397775	0.000344589	
-0.397469	0.000344589	
-0.397164	0.000344589	
-0.396858	0.000344589	
-0.396553	0.000344962	
-0.396247	0.000344962	
-0.395941	0.000344962	
-0.395636	0.000344962	
-0.39533	0.000344962	
-0.395025	0.000345334	
-0.394719	0.000345334	
-0.394414	0.000345334	
-0.394108	0.000345334	
-0.393802	0.000345334	
-0.393497	0.000345334	
-0.393191	0.000345707	
-0.392886	0.000345707	
-0.39258	0.000345707	
-0.392275	0.000345707	
-0.391969	0.000345707	
-0.391664	0.000346079	
-0.391358	0.000346079	
-0.391052	0.000346079	
-0.390747	0.000346079	
-0.390441	0.000346079	
-0.390136	0.000346079	
-0.38983	0.000346452	
-0.389525	0.000346452	
-0.389219	0.000346452	
-0.388913	0.000346452	
-0.388608	0.000346452	
-0.388302	0.000346825	
-0.387997	0.000346825	
-0.387691	0.000346825	
-0.387386	0.000346825	
-0.38708	0.000346825	
-0.386774	0.000347197	
-0.386469	0.000347197	
-0.386163	0.000347197	
-0.385858	0.000347197	
-0.385552	0.000347197	
-0.385247	0.000347197	
-0.384941	0.00034757	
-0.384635	0.00034757	
-0.38433	0.00034757	
-0.384024	0.00034757	
-0.383719	0.00034757	
-0.383413	0.000347942	
-0.383108	0.000347942	
-0.382802	0.000347942	
-0.382497	0.000347942	
-0.382191	0.000347942	
-0.381885	0.000347942	
-0.38158	0.000348315	
-0.381274	0.000348315	
-0.380969	0.000348315	
-0.380663	0.000348315	
-0.380358	0.000348315	
-0.380052	0.000348687	
-0.379746	0.000348687	
-0.379441	0.000348687	
-0.379135	0.000348687	
-0.37883	0.000348687	
-0.378524	0.00034906	
-0.378219	0.00034906	
-0.377913	0.00034906	
-0.377607	0.00034906	
-0.377302	0.00034906	
-0.376996	0.00034906	
-0.376691	0.000349432	
-0.376385	0.000349432	
-0.37608	0.000349432	
-0.375774	0.000349432	
-0.375469	0.000349432	
-0.375163	0.000349805	
-0.374857	0.000349805	
-0.374552	0.000349805	
-0.374246	0.000349805	
-0.373941	0.000349805	
-0.373635	0.000350177	
-0.37333	0.000350177	
-0.373024	0.000350177	
-0.372718	0.000350177	
-0.372413	0.000350177	
-0.372107	0.00035055	
-0.371802	0.00035055	
-0.371496	0.00035055	
-0.371191	0.00035055	
-0.370885	0.00035055	
-0.370579	0.00035055	
-0.370274	0.000350922	
-0.369968	0.000350922	
-0.369663	0.000350922	
-0.369357	0.000350922	
-0.369052	0.000350922	
-0.368746	0.000351295	
-0.368441	0.000351295	
-0.368135	0.000351295	
-0.367829	0.000351295	
-0.367524	0.000351295	
-0.367218	0.000351667	
-0.366913	0.000351667	
-0.366607	0.000351667	
-0.366302	0.000351667	
-0.365996	0.000351667	
-0.36569	0.00035204	
-0.365385	0.00035204	
-0.365079	0.00035204	
-0.364774	0.00035204	
-0.364468	0.00035204	
-0.364163	0.000352412	
-0.363857	0.000352412	
-0.363551	0.000352412	
-0.363246	0.000352412	
-0.36294	0.000352412	
-0.362635	0.000352412	
-0.362329	0.000352785	
-0.362024	0.000352785	
-0.361718	0.000352785	
-0.361413	0.000352785	
-0.361107	0.000352785	
-0.360801	0.000353158	
-0.360496	0.000353158	
-0.36019	0.000353158	
-0.359885	0.000353158	
-0.359579	0.000353158	
-0.359274	0.00035353	
-0.358968	0.00035353	
-0.358662	0.00035353	
-0.358357	0.00035353	
-0.358051	0.00035353	
-0.357746	0.000353903	
-0.35744	0.000353903	
-0.357135	0.000353903	
-0.356829	0.000353903	
-0.356523	0.000353903	
-0.356218	0.000354275	
-0.355912	0.000354275	
-0.355607	0.000354275	
-0.355301	0.000354275	
-0.354996	0.000354275	
-0.35469	0.000354648	
-0.354385	0.000354648	
-0.354079	0.000354648	
-0.353773	0.000354648	
-0.353468	0.000354648	
-0.353162	0.000354648	
-0.352857	0.00035502	
-0.352551	0.00035502	
-0.352246	0.00035502	
-0.35194	0.00035502	
-0.351634	0.00035502	
-0.351329	0.000355393	
-0.351023	0.000355393	
-0.350718	0.000355393	
-0.350412	0.000355393	
-0.350107	0.000355393	
-0.349801	0.000355765	
-0.349495	0.000355765	
-0.34919	0.000355765	
-0.348884	0.000355765	
-0.348579	0.000355765	
-0.348273	0.000356138	
-0.347968	0.000356138	
-0.347662	0.000356138	
-0.347356	0.000356138	
-0.347051	0.000356138	
-0.346745	0.00035651	
-0.34644	0.00035651	
-0.346134	0.00035651	
-0.345829	0.00035651	
-0.345523	0.00035651	
-0.345218	0.000356883	
-0.344912	0.000356883	
-0.344606	0.000356883	
-0.344301	0.000356883	
-0.343995	0.000356883	
-0.34369	0.000357255	
-0.343384	0.000357255	
-0.343079	0.000357255	
-0.342773	0.000357255	
-0.342467	0.000357255	
-0.342162	0.000357628	
-0.341856	0.000357628	
-0.341551	0.000357628	
-0.341245	0.000357628	
-0.34094	0.000357628	
-0.340634	0.000358	
-0.340328	0.000358	
-0.340023	0.000358	
-0.339717	0.000358	
-0.339412	0.000358	
-0.339106	0.000358373	
-0.338801	0.000358373	
-0.338495	0.000358373	
-0.33819	0.000358373	
-0.337884	0.000358373	
-0.337578	0.000358745	
-0.337273	0.000358745	
-0.336967	0.000358745	
-0.336662	0.000358745	
-0.336356	0.000358745	
-0.336051	0.000359118	
-0.335745	0.000359118	
-0.335439	0.000359118	
-0.335134	0.000359118	
-0.334828	0.000359118	
-0.334523	0.000359491	
-0.334217	0.000359491	
-0.333912	0.000359491	
-0.333606	0.000359491	
-0.3333	0.000359491	
-0.332995	0.000359863	
-0.332689	0.000359863	
-0.332384	0.000359863	
-0.332078	0.000359863	
-0.331773	0.000359863	
-0.331467	0.000360236	
-0.331162	0.000360236	
-0.330856	0.000360236	
-0.33055	0.000360236	
-0.330245	0.000360236	
-0.329939	0.000360608	
-0.329634	0.000360608	
-0.329328	0.000360608	
-0.329023	0.000360608	
-0.328717	0.000360608	
-0.328411	0.000360981	
-0.328106	0.000360981	
-0.3278	0.000360981	
-0.327495	0.000360981	
-0.327189	0.000360981	
-0.326884	0.000361353	
-0.326578	0.000361353	
-0.326272	0.000361353	
-0.325967	0.000361353	
-0.325661	0.000361353	
-0.325356	0.000361726	
-0.32505	0.000361726	
-0.324745	0.000361726	
-0.324439	0.000361726	
-0.324134	0.000362098	
-0.323828	0.000362098	
-0.323522	0.000362098	
-0.323217	0.000362098	
-0.322911	0.000362098	
-0.322606	0.000362471	
-0.3223	0.000362471	
-0.321995	0.000362471	
-0.321689	0.000362471	
-0.321383	0.000362471	
-0.321078	0.000362843	
-0.320772	0.000362843	
-0.320467	0.000362843	
-0.320161	0.000362843	
-0.319856	0.000363216	
-0.31955	0.000363216	
-0.319244	0.000363216	
-0.318939	0.000363216	
-0.318633	0.000363216	
-0.318328	0.000363588	
-0.318022	0.000363588	
-0.317717	0.000363588	
-0.317411	0.000363588	
-0.317106	0.000363588	
-0.3168	0.000363961	
-0.316494	0.000363961	
-0.316189	0.000363961	
-0.315883	0.000363961	
-0.315578	0.000364333	
-0.315272	0.000364333	
-0.314967	0.000364333	
-0.314661	0.000364333	
-0.314355	0.000364333	
-0.31405	0.000364706	
-0.313744	0.000364706	
-0.313439	0.000364706	
-0.313133	0.000364706	
-0.312828	0.000364706	
-0.312522	0.000365078	
-0.312216	0.000365078	
-0.311911	0.000365078	
-0.311605	0.000365078	
-0.3113	0.000365078	
-0.310994	0.000365451	
-0.310689	0.000365451	
-0.310383	0.000365451	
-0.310078	0.000365451	
-0.309772	0.000365451	
-0.309466	0.000365824	
-0.309161	0.000365824	
-0.308855	0.000365824	
-0.30855	0.000365824	
-0.308244	0.000366196	
-0.307939	0.000366196	
-0.307633	0.000366196	
-0.307327	0.000366196	
-0.307022	0.000366196	
-0.306716	0.000366569	
-0.306411	0.000366569	
-0.306105	0.000366569	
-0.3058	0.000366569	
-0.305494	0.000366569	
-0.305188	0.000366941	
-0.304883	0.000366941	
-0.304577	0.000366941	
-0.304272	0.000366941	
-0.303966	0.000367314	
-0.303661	0.000367314	
-0.303355	0.000367314	
-0.303049	0.000367314	
-0.302744	0.000367314	
-0.302438	0.000367686	
-0.302133	0.000367686	
-0.301827	0.000367686	
-0.301522	0.000367686	
-0.301216	0.000367686	
-0.300911	0.000368059	
-0.300605	0.000368059	
-0.300299	0.000368059	
-0.299994	0.000368059	
-0.299688	0.000368431	
-0.299383	0.000368431	
-0.299077	0.000368431	
-0.298772	0.000368431	
-0.298466	0.000368431	
-0.29816	0.000368804	
-0.297855	0.000368804	
-0.297549	0.000368804	
-0.297244	0.000368804	
-0.296938	0.000368804	
-0.296633	0.000369176	
-0.296327	0.000369176	
-0.296021	0.000369176	
-0.295716	0.000369176	
-0.29541	0.000369549	
-0.295105	0.000369549	
-0.294799	0.000369549	
-0.294494	0.000369549	
-0.294188	0.000369549	
-0.293883	0.000369921	
-0.293577	0.000369921	
-0.293271	0.000369921	
-0.292966	0.000369921	
-0.29266	0.000369921	
-0.292355	0.000370294	
-0.292049	0.000370294	
-0.291744	0.000370294	
-0.291438	0.000370294	
-0.291132	0.000370666	
-0.290827	0.000370666	
-0.290521	0.000370666	
-0.290216	0.000370666	
-0.28991	0.000370666	
-0.289605	0.000371039	
-0.289299	0.000371039	
-0.288993	0.000371039	
-0.288688	0.000371039	
-0.288382	0.000371411	
-0.288077	0.000371411	
-0.287771	0.000371411	
-0.287466	0.000371411	
-0.28716	0.000371411	
-0.286855	0.000371784	
-0.286549	0.000371784	
-0.286243	0.000371784	
-0.285938	0.000371784	
-0.285632	0.000371784	
-0.285327	0.000372157	
-0.285021	0.000372157	
-0.284716	0.000372157	
-0.28441	0.000372157	
-0.284104	0.000372529	
-0.283799	0.000372529	
-0.283493	0.000372529	
-0.283188	0.000372529	
-0.282882	0.000372529	
-0.282577	0.000372902	
-0.282271	0.000372902	
-0.281965	0.000372902	
-0.28166	0.000372902	
-0.281354	0.000373274	
-0.281049	0.000373274	
-0.280743	0.000373274	
-0.280438	0.000373274	
-0.280132	0.000373274	
-0.279827	0.000373647	
-0.279521	0.000373647	
-0.279215	0.000373647	
-0.27891	0.000373647	
-0.278604	0.000374019	
-0.278299	0.000374019	
-0.277993	0.000374019	
-0.277688	0.000374019	
-0.277382	0.000374019	
-0.277076	0.000374392	
-0.276771	0.000374392	
-0.276465	0.000374392	
-0.27616	0.000374392	
-0.275854	0.000374764	
-0.275549	0.000374764	
-0.275243	0.000374764	
-0.274937	0.000374764	
-0.274632	0.000374764	
-0.274326	0.000375137	
-0.274021	0.000375137	
-0.273715	0.000375137	
-0.27341	0.000375137	
-0.273104	0.000375509	
-0.272799	0.000375509	
-0.272493	0.000375509	
-0.272187	0.000375509	
-0.271882	0.000375882	
-0.271576	0.000375882	
-0.271271	0.000375882	
-0.270965	0.000375882	
-0.27066	0.000375882	
-0.270354	0.000376254	
-0.270048	0.000376254	
-0.269743	0.000376254	
-0.269437	0.000376254	
-0.269132	0.000376627	
-0.268826	0.000376627	
-0.268521	0.000376627	
-0.268215	0.000376627	
-0.267909	0.000376627	
-0.267604	0.000376999	
-0.267298	0.000376999	
-0.266993	0.000376999	
-0.266687	0.000376999	
-0.266382	0.000377372	
-0.266076	0.000377372	
-0.265771	0.000377372	
-0.265465	0.000377372	
-0.265159	0.000377744	
-0.264854	0.000377744	
-0.264548	0.000377744	
-0.264243	0.000377744	
-0.263937	0.000377744	
-0.263632	0.000378117	
-0.263326	0.000378117	
-0.26302	0.000378117	
-0.262715	0.000378117	
-0.262409	0.000378489	
-0.262104	0.000378489	
-0.261798	0.000378489	
-0.261493	0.000378489	
-0.261187	0.000378862	
-0.260881	0.000378862	
-0.260576	0.000378862	
-0.26027	0.000378862	
-0.259965	0.000378862	
-0.259659	0.000379235	
-0.259354	0.000379235	
-0.259048	0.000379235	
-0.258742	0.000379235	
-0.258437	0.000379607	
-0.258131	0.000379607	
-0.257826	0.000379607	
-0.25752	0.000379607	
-0.257215	0.00037998	
-0.256909	0.00037998	
-0.256604	0.00037998	
-0.256298	0.00037998	
-0.255992	0.00037998	
-0.255687	0.000380352	
-0.255381	0.000380352	
-0.255076	0.000380352	
-0.25477	0.000380352	
-0.254465	0.000380725	
-0.254159	0.000380725	
-0.253853	0.000380725	
-0.253548	0.000380725	
-0.253242	0.000381097	
-0.252937	0.000381097	
-0.252631	0.000381097	
-0.252326	0.000381097	
-0.25202	0.00038147	
-0.251714	0.00038147	
-0.251409	0.00038147	
-0.251103	0.00038147	
-0.250798	0.000381842	
-0.250492	0.000381842	
-0.250187	0.000381842	
-0.249881	0.000381842	
-0.249576	0.000382215	
-0.24927	0.000382215	
-0.248964	0.000382215	
-0.248659	0.000382215	
-0.248353	0.000382215	
-0.248048	0.000382587	
-0.247742	0.000382587	
-0.247437	0.000382587	
-0.247131	0.000382587	
-0.246825	0.00038296	
-0.24652	0.00038296	
-0.246214	0.00038296	
-0.245909	0.00038296	
-0.245603	0.000383332	
-0.245298	0.000383332	
-0.244992	0.000383332	
-0.244686	0.000383332	
-0.244381	0.000383705	
-0.244075	0.000383705	
-0.24377	0.000383705	
-0.243464	0.000383705	
-0.243159	0.000384077	
-0.242853	0.000384077	
-0.242548	0.000384077	
-0.242242	0.000384077	
-0.241936	0.000384077	
-0.241631	0.00038445	
-0.241325	0.00038445	
-0.24102	0.00038445	
-0.240714	0.00038445	
-0.240409	0.000384822	
-0.240103	0.000384822	
-0.239797	0.000384822	
-0.239492	0.000384822	
-0.239186	0.000385195	
-0.238881	0.000385195	
-0.238575	0.000385195	
-0.23827	0.000385195	
-0.237964	0.000385568	
-0.237658	0.000385568	
-0.237353	0.000385568	
-0.237047	0.000385568	
-0.236742	0.00038594	
-0.236436	0.00038594	
-0.236131	0.00038594	
-0.235825	0.00038594	
-0.23552	0.000386313	
-0.235214	0.000386313	
-0.234908	0.000386313	
-0.234603	0.000386313	
-0.234297	0.000386685	
-0.233992	0.000386685	
-0.233686	0.000386685	
-0.233381	0.000386685	
-0.233075	0.000387058	
-0.232769	0.000387058	
-0.232464	0.000387058	
-0.232158	0.000387058	
-0.231853	0.00038743	
-0.231547	0.00038743	
-0.231242	0.00038743	
-0.230936	0.00038743	
-0.23063	0.000387803	
-0.230325	0.000387803	
-0.230019	0.000387803	
-0.229714	0.000387803	
-0.229408	0.000388175	
-0.229103	0.000388175	
-0.228797	0.000388175	
-0.228492	0.000388175	
-0.228186	0.000388548	
-0.22788	0.000388548	
-0.227575	0.000388548	
-0.227269	0.000388548	
-0.226964	0.00038892	
-0.226658	0.00038892	
-0.226353	0.00038892	
-0.226047	0.00038892	
-0.225741	0.000389293	
-0.225436	0.000389293	
-0.22513	0.000389293	
-0.224825	0.000389293	
-0.224519	0.000389665	
-0.224214	0.000389665	
-0.223908	0.000389665	
-0.223602	0.000389665	
-0.223297	0.000390038	
-0.222991	0.000390038	
-0.222686	0.000390038	
-0.22238	0.000390038	
-0.222075	0.00039041	
-0.221769	0.00039041	
-0.221463	0.00039041	
-0.221158	0.00039041	
-0.220852	0.000390783	
-0.220547	0.000390783	
-0.220241	0.000390783	
-0.219936	0.000390783	
-0.21963	0.000391155	
-0.219325	0.000391155	
-0.219019	0.000391155	
-0.218713	0.000391155	
-0.218408	0.000391528	
-0.218102	0.000391528	
-0.217797	0.000391528	
-0.217491	0.000391528	
-0.217186	0.000391901	
-0.21688	0.000391901	
-0.216574	0.000391901	
-0.216269	0.000391901	
-0.215963	0.000392273	
-0.215658	0.000392273	
-0.215352	0.000392273	
-0.215047	0.000392273	
-0.214741	0.000392646	
-0.214435	0.000392646	
-0.21413	0.000392646	
-0.213824	0.000392646	
-0.213519	0.000393018	
-0.213213	0.000393018	
-0.212908	0.000393018	
-0.212602	0.000393391	
-0.212297	0.000393391	
-0.211991	0.000393391	
-0.211685	0.000393391	
-0.21138	0.000393763	
-0.211074	0.000393763	
-0.210769	0.000393763	
-0.210463	0.000393763	
-0.210158	0.000394136	
-0.209852	0.000394136	
-0.209546	0.000394136	
-0.209241	0.000394136	
-0.208935	0.000394508	
-0.20863	0.000394508	
-0.208324	0.000394508	
-0.208019	0.000394508	
-0.207713	0.000394881	
-0.207407	0.000394881	
-0.207102	0.000394881	
-0.206796	0.000394881	
-0.206491	0.000395253	
-0.206185	0.000395253	
-0.20588	0.000395253	
-0.205574	0.000395626	
-0.205269	0.000395626	
-0.204963	0.000395626	
-0.204657	0.000395626	
-0.204352	0.000395998	
-0.204046	0.000395998	
-0.203741	0.000395998	
-0.203435	0.000395998	
-0.20313	0.000396371	
-0.202824	0.000396371	
-0.202518	0.000396371	
-0.202213	0.000396743	
-0.201907	0.000396743	
-0.201602	0.000396743	
-0.201296	0.000396743	
-0.200991	0.000397116	
-0.200685	0.000397116	
-0.200379	0.000397116	
-0.200074	0.000397116	
-0.199768	0.000397488	
-0.199463	0.000397488	
-0.199157	0.000397488	
-0.198852	0.000397861	
-0.198546	0.000397861	
-0.198241	0.000397861	
-0.197935	0.000397861	
-0.197629	0.000398234	
-0.197324	0.000398234	
-0.197018	0.000398234	
-0.196713	0.000398234	
-0.196407	0.000398606	
-0.196102	0.000398606	
-0.195796	0.000398606	
-0.19549	0.000398979	
-0.195185	0.000398979	
-0.194879	0.000398979	
-0.194574	0.000398979	
-0.194268	0.000399351	
-0.193963	0.000399351	
-0.193657	0.000399351	
-0.193351	0.000399351	
-0.193046	0.000399724	
-0.19274	0.000399724	
-0.192435	0.000399724	
-0.192129	0.000400096	
-0.191824	0.000400096	
-0.191518	0.000400096	
-0.191213	0.000400096	
-0.190907	0.000400469	
-0.190601	0.000400469	
-0.190296	0.000400469	
-0.18999	0.000400469	
-0.189685	0.000400841	
-0.189379	0.000400841	
-0.189074	0.000400841	
-0.188768	0.000401214	
-0.188462	0.000401214	
-0.188157	0.000401214	
-0.187851	0.000401214	
-0.187546	0.000401586	
-0.18724	0.000401586	
-0.186935	0.000401586	
-0.186629	0.000401959	
-0.186323	0.000401959	
-0.186018	0.000401959	
-0.185712	0.000401959	
-0.185407	0.000402331	
-0.185101	0.000402331	
-0.184796	0.000402331	
-0.18449	0.000402704	
-0.184185	0.000402704	
-0.183879	0.000402704	
-0.183573	0.000402704	
-0.183268	0.000403076	
-0.182962	0.000403076	
-0.182657	0.000403076	
-0.182351	0.000403076	
-0.182046	0.000403449	
-0.18174	0.000403449	
-0.181434	0.000403449	
-0.181129	0.000403821	
-0.180823	0.000403821	
-0.180518	0.000403821	
-0.180212	0.000403821	
-0.179907	0.000404194	
-0.179601	0.000404194	
-0.179295	0.000404194	
-0.17899	0.000404567	
-0.178684	0.000404567	
-0.178379	0.000404567	
-0.178073	0.000404939	
-0.177768	0.000404939	
-0.177462	0.000404939	
-0.177156	0.000404939	
-0.176851	0.000405312	
-0.176545	0.000405312	
-0.17624	0.000405312	
-0.175934	0.000405684	
-0.175629	0.000405684	
-0.175323	0.000405684	
-0.175018	0.000405684	
-0.174712	0.000406057	
-0.174406	0.000406057	
-0.174101	0.000406057	
-0.173795	0.000406429	
-0.17349	0.000406429	
-0.173184	0.000406429	
-0.172879	0.000406429	
-0.172573	0.000406802	
-0.172267	0.000406802	
-0.171962	0.000406802	
-0.171656	0.000407174	
-0.171351	0.000407174	
-0.171045	0.000407174	
-0.17074	0.000407547	
-0.170434	0.000407547	
-0.170128	0.000407547	
-0.169823	0.000407547	
-0.169517	0.000407919	
-0.169212	0.000407919	
-0.168906	0.000407919	
-0.168601	0.000408292	
-0.168295	0.000408292	
-0.16799	0.000408292	
-0.167684	0.000408664	
-0.167378	0.000408664	
-0.167073	0.000408664	
-0.166767	0.000408664	
-0.166462	0.000409037	
-0.166156	0.000409037	
-0.165851	0.000409037	
-0.165545	0.000409409	
-0.165239	0.000409409	
-0.164934	0.000409409	
-0.164628	0.000409782	
-0.164323	0.000409782	
-0.164017	0.000409782	
-0.163712	0.000409782	
-0.163406	0.000410154	
-0.1631	0.000410154	
-0.162795	0.000410154	
-0.162489	0.000410527	
-0.162184	0.000410527	
-0.161878	0.000410527	
-0.161573	0.0004109	
-0.161267	0.0004109	
-0.160962	0.0004109	
-0.160656	0.000411272	
-0.16035	0.000411272	
-0.160045	0.000411272	
-0.159739	0.000411272	
-0.159434	0.000411645	
-0.159128	0.000411645	
-0.158823	0.000411645	
-0.158517	0.000412017	
-0.158211	0.000412017	
-0.157906	0.000412017	
-0.1576	0.00041239	
-0.157295	0.00041239	
-0.156989	0.00041239	
-0.156684	0.000412762	
-0.156378	0.000412762	
-0.156072	0.000412762	
-0.155767	0.000412762	
-0.155461	0.000413135	
-0.155156	0.000413135	
-0.15485	0.000413135	
-0.154545	0.000413507	
-0.154239	0.000413507	
-0.153934	0.000413507	
-0.153628	0.00041388	
-0.153322	0.00041388	
-0.153017	0.00041388	
-0.152711	0.000414252	
-0.152406	0.000414252	
-0.1521	0.000414252	
-0.151795	0.000414625	
-0.151489	0.000414625	
-0.151183	0.000414625	
-0.150878	0.000414997	
-0.150572	0.000414997	
-0.150267	0.000414997	
-0.149961	0.00041537	
-0.149656	0.00041537	
-0.14935	0.00041537	
-0.149044	0.000415742	
-0.148739	0.000415742	
-0.148433	0.000415742	
-0.148128	0.000415742	
-0.147822	0.000416115	
-0.147517	0.000416115	
-0.147211	0.000416115	
-0.146906	0.000416487	
-0.1466	0.000416487	
-0.146294	0.000416487	
-0.145989	0.00041686	
-0.145683	0.00041686	
-0.145378	0.00041686	
-0.145072	0.000417233	
-0.144767	0.000417233	
-0.144461	0.000417233	
-0.144155	0.000417605	
-0.14385	0.000417605	
-0.143544	0.000417605	
-0.143239	0.000417978	
-0.142933	0.000417978	
-0.142628	0.000417978	
-0.142322	0.00041835	
-0.142016	0.00041835	
-0.141711	0.00041835	
-0.141405	0.000418723	
-0.1411	0.000418723	
-0.140794	0.000418723	
-0.140489	0.000419095	
-0.140183	0.000419095	
-0.139878	0.000419095	
-0.139572	0.000419468	
-0.139266	0.000419468	
-0.138961	0.000419468	
-0.138655	0.00041984	
-0.13835	0.00041984	
-0.138044	0.00041984	
-0.137739	0.000420213	
-0.137433	0.000420213	
-0.137127	0.000420213	
-0.136822	0.000420585	
-0.136516	0.000420585	
-0.136211	0.000420958	
-0.135905	0.000420958	
-0.1356	0.000420958	
-0.135294	0.00042133	
-0.134988	0.00042133	
-0.134683	0.00042133	
-0.134377	0.000421703	
-0.134072	0.000421703	
-0.133766	0.000421703	
-0.133461	0.000422075	
-0.133155	0.000422075	
-0.132849	0.000422075	
-0.132544	0.000422448	
-0.132238	0.000422448	
-0.131933	0.000422448	
-0.131627	0.00042282	
-0.131322	0.00042282	
-0.131016	0.00042282	
-0.130711	0.000423193	
-0.130405	0.000423193	
-0.130099	0.000423566	
-0.129794	0.000423566	
-0.129488	0.000423566	
-0.129183	0.000423938	
-0.128877	0.000423938	
-0.128572	0.000423938	
-0.128266	0.000424311	
-0.12796	0.000424311	
-0.127655	0.000424311	
-0.127349	0.000424683	
-0.127044	0.000424683	
-0.126738	0.000424683	
-0.126433	0.000425056	
-0.126127	0.000425056	
-0.125821	0.000425428	
-0.125516	0.000425428	
-0.12521	0.000425428	
-0.124905	0.000425801	
-0.124599	0.000425801	
-0.124294	0.000425801	
-0.123988	0.000426173	
-0.123683	0.000426173	
-0.123377	0.000426173	
-0.123071	0.000426546	
-0.122766	0.000426546	
-0.12246	0.000426918	
-0.122155	0.000426918	
-0.121849	0.000426918	
-0.121544	0.000427291	
-0.121238	0.000427291	
-0.120932	0.000427291	
-0.120627	0.000427663	
-0.120321	0.000427663	
-0.120016	0.000428036	
-0.11971	0.000428036	
-0.119405	0.000428036	
-0.119099	0.000428408	
-0.118793	0.000428408	
-0.118488	0.000428408	
-0.118182	0.000428781	
-0.117877	0.000428781	
-0.117571	0.000429153	
-0.117266	0.000429153	
-0.11696	0.000429153	
-0.116655	0.000429526	
-0.116349	0.000429526	
-0.116043	0.000429899	
-0.115738	0.000429899	
-0.115432	0.000429899	
-0.115127	0.000430271	
-0.114821	0.000430271	
-0.114516	0.000430271	
-0.11421	0.000430644	
-0.113904	0.000430644	
-0.113599	0.000431016	
-0.113293	0.000431016	
-0.112988	0.000431016	
-0.112682	0.000431389	
-0.112377	0.000431389	
-0.112071	0.000431761	
-0.111765	0.000431761	
-0.11146	0.000431761	
-0.111154	0.000432134	
-0.110849	0.000432134	
-0.110543	0.000432506	
-0.110238	0.000432506	
-0.109932	0.000432506	
-0.109627	0.000432879	
-0.109321	0.000432879	
-0.109015	0.000433251	
-0.10871	0.000433251	
-0.108404	0.000433251	
-0.108099	0.000433624	
-0.107793	0.000433624	
-0.107488	0.000433996	
-0.107182	0.000433996	
-0.106876	0.000433996	
-0.106571	0.000434369	
-0.106265	0.000434369	
-0.10596	0.000434741	
-0.105654	0.000434741	
-0.105349	0.000435114	
-0.105043	0.000435114	
-0.104737	0.000435114	
-0.104432	0.000435486	
-0.104126	0.000435486	
-0.103821	0.000435859	
-0.103515	0.000435859	
-0.10321	0.000435859	
-0.102904	0.000436231	
-0.102599	0.000436231	
-0.102293	0.000436604	
-0.101987	0.000436604	
-0.101682	0.000436977	
-0.101376	0.000436977	
-0.101071	0.000436977	
-0.100765	0.000437349	
-0.10046	0.000437349	
-0.100154	0.000437722	
-0.0998484	0.000437722	
-0.0995429	0.000438094	
-0.0992373	0.000438094	
-0.0989317	0.000438094	
-0.0986262	0.000438467	
-0.0983206	0.000438467	
-0.098015	0.000438839	
-0.0977095	0.000438839	
-0.0974039	0.000439212	
-0.0970983	0.000439212	
-0.0967928	0.000439584	
-0.0964872	0.000439584	
-0.0961816	0.000439584	
-0.0958761	0.000439957	
-0.0955705	0.000439957	
-0.0952649	0.000440329	
-0.0949594	0.000440329	
-0.0946538	0.000440702	
-0.0943482	0.000440702	
-0.0940427	0.000441074	
-0.0937371	0.000441074	
-0.0934315	0.000441074	
-0.093126	0.000441447	
-0.0928204	0.000441447	
-0.0925148	0.000441819	
-0.0922093	0.000441819	
-0.0919037	0.000442192	
-0.0915981	0.000442192	
-0.0912926	0.000442564	
-0.090987	0.000442564	
-0.0906815	0.000442937	
-0.0903759	0.000442937	
-0.0900703	0.00044331	
-0.0897648	0.00044331	
-0.0894592	0.00044331	
-0.0891536	0.000443682	
-0.0888481	0.000443682	
-0.0885425	0.000444055	
-0.0882369	0.000444055	
-0.0879314	0.000444427	
-0.0876258	0.000444427	
-0.0873202	0.0004448	
-0.0870147	0.0004448	
-0.0867091	0.000445172	
-0.0864035	0.000445172	
-0.086098	0.000445545	
-0.0857924	0.000445545	
-0.0854868	0.000445917	
-0.0851813	0.000445917	
-0.0848757	0.00044629	
-0.0845701	0.00044629	
-0.0842646	0.000446662	
-0.083959	0.000446662	
-0.0836534	0.000447035	
-0.0833479	0.000447035	
-0.0830423	0.000447407	
-0.0827367	0.000447407	
-0.0824312	0.00044778	
-0.0821256	0.00044778	
-0.0818201	0.000448152	
-0.0815145	0.000448152	
-0.0812089	0.000448525	
-0.0809034	0.000448525	
-0.0805978	0.000448897	
-0.0802922	0.000448897	
-0.0799867	0.00044927	
-0.0796811	0.00044927	
-0.0793755	0.000449643	
-0.07907	0.000449643	
-0.0787644	0.000450015	
-0.0784588	0.000450015	
-0.0781533	0.000450388	
-0.0778477	0.000450388	
-0.0775421	0.00045076	
-0.0772366	0.00045076	
-0.076931	0.000451133	
-0.0766254	0.000451505	
-0.0763199	0.000451505	
-0.0760143	0.000451878	
-0.0757087	0.000451878	
-0.0754032	0.00045225	
-0.0750976	0.00045225	
-0.074792	0.000452623	
-0.0744865	0.000452623	
-0.0741809	0.000452995	
-0.0738753	0.000452995	
-0.0735698	0.000453368	
-0.0732642	0.00045374	
-0.0729587	0.00045374	
-0.0726531	0.000454113	
-0.0723475	0.000454113	
-0.072042	0.000454485	
-0.0717364	0.000454485	
-0.0714308	0.000454858	
-0.0711253	0.000454858	
-0.0708197	0.00045523	
-0.0705141	0.000455603	
-0.0702086	0.000455603	
-0.069903	0.000455976	
-0.0695974	0.000455976	
-0.0692919	0.000456348	
-0.0689863	0.000456348	
-0.0686807	0.000456721	
-0.0683752	0.000457093	
-0.0680696	0.000457093	
-0.067764	0.000457466	
-0.0674585	0.000457466	
-0.0671529	0.000457838	
-0.0668473	0.000458211	
-0.0665418	0.000458211	
-0.0662362	0.000458583	
-0.0659306	0.000458583	
-0.0656251	0.000458956	
-0.0653195	0.000459328	
-0.0650139	0.000459328	
-0.0647084	0.000459701	
-0.0644028	0.000459701	
-0.0640972	0.000460073	
-0.0637917	0.000460446	
-0.0634861	0.000460446	
-0.0631806	0.000460818	
-0.062875	0.000461191	
-0.0625694	0.000461191	
-0.0622639	0.000461563	
-0.0619583	0.000461563	
-0.0616527	0.000461936	
-0.0613472	0.000462309	
-0.0610416	0.000462309	
-0.060736	0.000462681	
-0.0604305	0.000463054	
-0.0601249	0.000463054	
-0.0598193	0.000463426	
-0.0595138	0.000463799	
-0.0592082	0.000463799	
-0.0589026	0.000464171	
-0.0585971	0.000464544	
-0.0582915	0.000464544	
-0.0579859	0.000464916	
-0.0576804	0.000465289	
-0.0573748	0.000465289	
-0.0570692	0.000465661	
-0.0567637	0.000466034	
-0.0564581	0.000466034	
-0.0561525	0.000466406	
-0.055847	0.000466779	
-0.0555414	0.000466779	
-0.0552358	0.000467151	
-0.0549303	0.000467524	
-0.0546247	0.000467896	
-0.0543192	0.000467896	
-0.0540136	0.000468269	
-0.053708	0.000468642	
-0.0534025	0.000468642	
-0.0530969	0.000469014	
-0.0527913	0.000469387	
-0.0524858	0.000469759	
-0.0521802	0.000469759	
-0.0518746	0.000470132	
-0.0515691	0.000470504	
-0.0512635	0.000470877	
-0.0509579	0.000470877	
-0.0506524	0.000471249	
-0.0503468	0.000471622	
-0.0500412	0.000471994	
-0.0497357	0.000471994	
-0.0494301	0.000472367	
-0.0491245	0.000472739	
-0.048819	0.000473112	
-0.0485134	0.000473112	
-0.0482078	0.000473484	
-0.0479023	0.000473857	
-0.0475967	0.000474229	
-0.0472911	0.000474602	
-0.0469856	0.000474602	
-0.04668	0.000474975	
-0.0463744	0.000475347	
-0.0460689	0.00047572	
-0.0457633	0.000476092	
-0.0454578	0.000476092	
-0.0451522	0.000476465	
-0.0448466	0.000476837	
-0.0445411	0.00047721	
-0.0442355	0.000477582	
-0.0439299	0.000477955	
-0.0436244	0.000477955	
-0.0433188	0.000478327	
-0.0430132	0.0004787	
-0.0427077	0.000479072	
-0.0424021	0.000479445	
-0.0420965	0.000479817	
-0.041791	0.00048019	
-0.0414854	0.000480562	
-0.0411798	0.000480562	
-0.0408743	0.000480935	
-0.0405687	0.000481308	
-0.0402631	0.00048168	
-0.0399576	0.000482053	
-0.039652	0.000482425	
-0.0393464	0.000482798	
-0.0390409	0.00048317	
-0.0387353	0.000483543	
-0.0384297	0.000483915	
-0.0381242	0.000484288	
-0.0378186	0.00048466	
-0.037513	0.000485033	
-0.0372075	0.000485033	
-0.0369019	0.000485405	
-0.0365964	0.000485778	
-0.0362908	0.00048615	
-0.0359852	0.000486523	
-0.0356797	0.000486895	
-0.0353741	0.000487268	
-0.0350685	0.000487641	
-0.034763	0.000488013	
-0.0344574	0.000488386	
-0.0341518	0.000488758	
-0.0338463	0.000489131	
-0.0335407	0.000489876	
-0.0332351	0.000490248	
-0.0329296	0.000490621	
-0.032624	0.000490993	
-0.0323184	0.000491366	
-0.0320129	0.000491738	
-0.0317073	0.000492111	
-0.0314017	0.000492483	
-0.0310962	0.000492856	
-0.0307906	0.000493601	
-0.030485	0.000493973	
-0.0301795	0.000494346	
-0.0298739	0.000494719	
-0.0295683	0.000495091	
-0.0292628	0.000495464	
-0.0289572	0.000495836	
-0.0286516	0.000496581	
-0.0283461	0.000496954	
-0.0280405	0.000497326	
-0.027735	0.000497699	
-0.0274294	0.000498071	
-0.0271238	0.000498816	
-0.0268183	0.000499189	
-0.0265127	0.000499561	
-0.0262071	0.000499934	
-0.0259016	0.000500679	
-0.025596	0.000501052	
-0.0252904	0.000501424	
-0.0249849	0.000501797	
-0.0246793	0.000502542	
-0.0243737	0.000502914	
-0.0240682	0.000503287	
-0.0237626	0.000504032	
-0.023457	0.000504404	
-0.0231515	0.000504777	
-0.0228459	0.000505522	
-0.0225403	0.000505894	
-0.0222348	0.000506639	
-0.0219292	0.000507012	
-0.0216236	0.000507385	
-0.0213181	0.00050813	
-0.0210125	0.000508502	
-0.0207069	0.000509247	
-0.0204014	0.00050962	
-0.0200958	0.000510365	
-0.0197902	0.000510737	
-0.0194847	0.000511482	
-0.0191791	0.000511855	
-0.0188736	0.0005126	
-0.018568	0.000513345	
-0.0182624	0.000513718	
-0.0179569	0.000514463	
-0.0176513	0.000514835	
-0.0173457	0.00051558	
-0.0170402	0.000516325	
-0.0167346	0.000516698	
-0.016429	0.000517443	
-0.0161235	0.000518188	
-0.0158179	0.000518933	
-0.0155123	0.000519305	
-0.0152068	0.000520051	
-0.0149012	0.000520796	
-0.0145956	0.000521541	
-0.0142901	0.000522286	
-0.0139845	0.000523031	
-0.0136789	0.000523776	
-0.0133734	0.000524521	
-0.0130678	0.000525266	
-0.0127622	0.000526011	
-0.0124567	0.000526756	
-0.0121511	0.000527501	
-0.0118455	0.000528246	
-0.01154	0.000528991	
-0.0112344	0.000529736	
-0.0109288	0.000530481	
-0.0106233	0.000531599	
-0.0103177	0.000532344	
-0.0100122	0.000533089	
-0.00970658	0.000534207	
-0.00940102	0.000534952	
-0.00909545	0.000536069	
-0.00878989	0.000536814	
-0.00848432	0.000537932	
-0.00817876	0.000538677	
-0.00787319	0.000539795	
-0.00756763	0.000540912	
-0.00726206	0.00054203	
-0.0069565	0.000542775	
-0.00665093	0.000543892	
-0.00634536	0.000545382	
-0.0060398	0.0005465	
-0.00573423	0.000547618	
-0.00542867	0.000548735	
-0.0051231	0.000550225	
-0.00481754	0.000551343	
-0.00451197	0.000552833	
-0.00420641	0.000554323	
-0.00390084	0.000555813	
-0.00359527	0.000557303	
-0.00328971	0.000558794	
-0.00298414	0.000560284	
-0.00267858	0.000562146	
-0.00237301	0.000564009	
-0.00206745	0.000565872	
-0.00176188	0.000567734	
-0.00145632	0.000569969	
-0.00115075	0.000572205	
-0.000845184	0.00057444	
-0.000539619	0.000576675	
-0.000234053	0.000579655	
7.15122e-05	0.000582263	
0.000377078	0.000585243	
0.000682643	0.000588596	
0.000988209	0.000592321	
0.00129377	0.000596046	
0.00159934	0.000600517	
0.00190491	0.000604987	
0.00221047	0.000610203	
0.00251604	0.000616163	
0.0028216	0.000622869	
0.00312717	0.000630319	
0.00343273	0.000638887	
0.0037383	0.000648573	
0.00404386	0.000660121	
0.00434943	0.000673905	
0.004655	0.000690296	
0.00496056	0.00071004	
0.00526613	0.000734627	
0.00557169	0.00076592	
0.00587726	0.000805408	
0.00618282	0.000857934	
0.00648839	0.000928342	
0.00679395	0.00102594	
0.00709952	0.00116602	
0.00740508	0.00137277	
0.00771065	0.00168681	
0.00801622	0.00217296	
0.00832178	0.00291169	
0.00862735	0.00393502	
0.00893291	0.00506043	
0.00923848	0.00586882	
0.00954404	0.00617541	
0.00984961	0.00616498	
0.0101552	0.00582114	
0.0104607	0.00497065	
0.0107663	0.00384152	
0.0110719	0.00284389	
0.0113774	0.00213422	
0.011683	0.00167005	
0.0119886	0.00137053	
0.0122941	0.00117421	
0.0125997	0.00104159	
0.0129053	0.000949576	
0.0132108	0.000884011	
0.0135164	0.000835583	
0.013822	0.00079982	
0.0141275	0.000772253	
0.0144331	0.000750646	
0.0147387	0.000734255	
0.0150442	0.000720844	
0.0153498	0.00071004	
0.0156554	0.000701845	
0.0159609	0.000694767	
0.0162665	0.000689179	
0.0165721	0.000684708	
0.0168776	0.000680983	
0.0171832	0.000678375	
0.0174887	0.00067614	
0.0177943	0.000674278	
0.0180999	0.00067316	
0.0184054	0.000672415	
0.018711	0.00067167	
0.0190166	0.00067167	
0.0193221	0.00067167	
0.0196277	0.000672042	
0.0199333	0.000672415	
0.0202388	0.00067316	
0.0205444	0.000673905	
0.02085	0.000675023	
0.0211555	0.00067614	
0.0214611	0.00067763	
0.0217667	0.00067912	
0.0220722	0.000680611	
0.0223778	0.000682101	
0.0226834	0.000683963	
0.0229889	0.000685826	
0.0232945	0.000688061	
0.0236001	0.000689924	
0.0239056	0.000692159	
0.0242112	0.000694394	
0.0245168	0.000697002	
0.0248223	0.000699237	
0.0251279	0.000701845	
0.0254335	0.000704452	
0.025739	0.000707433	
0.0260446	0.00071004	
0.0263501	0.000713021	
0.0266557	0.000716001	
0.0269613	0.000718981	
0.0272668	0.000722334	
0.0275724	0.000725687	
0.027878	0.000729039	
0.0281835	0.000732392	
0.0284891	0.000735745	
0.0287947	0.00073947	
0.0291002	0.000743195	
0.0294058	0.000746921	
0.0297114	0.000751019	
0.0300169	0.000755116	
0.0303225	0.000759214	
0.0306281	0.000763312	
0.0309336	0.000767782	
0.0312392	0.000772253	
0.0315448	0.000776723	
0.0318503	0.000781566	
0.0321559	0.000786036	
0.0324615	0.000791252	
0.032767	0.000796095	
0.0330726	0.00080131	
0.0333782	0.000806898	
0.0336837	0.000812113	
0.0339893	0.000817701	
0.0342949	0.000823662	
0.0346004	0.000829622	
0.034906	0.000835583	
0.0352115	0.000841916	
0.0355171	0.000848249	
0.0358227	0.000854954	
0.0361282	0.00086166	
0.0364338	0.000868738	
0.0367394	0.000875816	
0.0370449	0.000883266	
0.0373505	0.000890717	
0.0376561	0.00089854	
0.0379616	0.000906736	
0.0382672	0.000914931	
0.0385728	0.000923499	
0.0388783	0.00093244	
0.0391839	0.000941753	
0.0394895	0.000951067	
0.039795	0.000960752	
0.0401006	0.000970811	
0.0404062	0.000980869	
0.0407117	0.000991672	
0.0410173	0.00100285	
0.0413229	0.00101402	
0.0416284	0.00102594	
0.041934	0.00103824	
0.0422396	0.0010509	
0.0425451	0.00106394	
0.0428507	0.00107773	
0.0431563	0.00109151	
0.0434618	0.00110641	
0.0437674	0.00112131	
0.0440729	0.00113733	
0.0443785	0.00115372	
0.0446841	0.00117049	
0.0449896	0.00118837	
0.0452952	0.00120662	
0.0456008	0.00122599	
0.0459063	0.00124611	
0.0462119	0.00126697	
0.0465175	0.00128858	
0.046823	0.00131167	
0.0471286	0.00133552	
0.0474342	0.00136048	
0.0477397	0.00138655	
0.0480453	0.00141375	
0.0483509	0.0014428	
0.0486564	0.00147298	
0.048962	0.00150464	
0.0492676	0.00153817	
0.0495731	0.00157319	
0.0498787	0.00161044	
0.0501843	0.00164956	
0.0504898	0.00169091	
0.0507954	0.00173487	
0.051101	0.00178143	
0.0514065	0.00183061	
0.0517121	0.00188313	
0.0520177	0.00193901	
0.0523232	0.00199862	
0.0526288	0.00206195	
0.0529343	0.00213012	
0.0532399	0.00220314	
0.0535455	0.00228137	
0.053851	0.00236556	
0.0541566	0.00245646	
0.0544622	0.00255443	
0.0547677	0.0026606	
0.0550733	0.00277609	
0.0553789	0.00290163	
0.0556844	0.00303872	
0.05599	0.00318885	
0.0562956	0.00335351	
0.0566011	0.00353493	
0.0569067	0.00373535	
0.0572123	0.00395775	
0.0575178	0.00420511	
0.0578234	0.00448115	
0.058129	0.00479072	
0.0584345	0.00513904	
0.0587401	0.00553206	
0.0590457	0.0059776	
0.0593512	0.00648387	
0.0596568	0.00706054	
0.0599624	0.0077188	
0.0602679	0.00847057	
0.0605735	0.00932738	
0.0608791	0.0103004	
0.0611846	0.0113972	
0.0614902	0.0126187	
0.0617957	0.0139564	
0.0621013	0.0153873	
0.0624069	0.0168733	
0.0627124	0.018362	
0.063018	0.0197936	
0.0633236	0.021112	
0.0636291	0.0222735	
0.0639347	0.0232525	
0.0642403	0.0240408	
0.0645458	0.0246421	
0.0648514	0.0250667	
0.065157	0.0253301	
0.0654625	0.0254504	
0.0657681	0.0254545	
0.0660737	0.025383	
0.0663792	0.0252958	
0.0666848	0.0252716	
0.0669904	0.0254005	
0.0672959	0.0257745	
0.0676015	0.0265267	
0.0679071	0.0279751	
0.0682126	0.0305299	
0.0685182	0.0334576	
0.0688238	0.0341814	
0.0691293	0.0312701	
0.0694349	0.0266414	
0.0697405	0.0226561	
0.070046	0.019728	
0.0703516	0.0174385	
0.0706572	0.0155557	
0.0709627	0.0140212	
0.0712683	0.012812	
0.0715738	0.0119116	
0.0718794	0.0113297	
0.072185	0.0111472	
0.0724905	0.0116304	
0.0727961	0.0131745	
0.0731017	0.0143416	
0.0734072	0.0127379	
0.0737128	0.0107426	
0.0740184	0.00976063	
0.0743239	0.00936911	
0.0746295	0.00927076	
0.0749351	0.00934936	
0.0752406	0.00955909	
0.0755462	0.0098832	
0.0758518	0.0103191	
0.0761573	0.0108719	
0.0764629	0.011554	
0.0767685	0.0123851	
0.077074	0.0133909	
0.0773796	0.0146069	
0.0776852	0.0160802	
0.0779907	0.0178751	
0.0782963	0.0200778	
0.0786019	0.0228073	
0.0789074	0.026229	
0.079213	0.0305794	
0.0795186	0.0362001	
0.0798241	0.0435956	
0.0801297	0.0535201	
0.0804352	0.0671025	
0.0807408	0.0859749	
0.0810464	0.112212	
0.0813519	0.147434	
0.0816575	0.190075	
0.0819631	0.232231	
0.0822686	0.262189	
0.0825742	0.271294	
0.0828798	0.257	
0.0831853	0.223302	
0.0834909	0.179987	
0.0837965	0.138516	
0.084102	0.105295	
0.0844076	0.080841	
0.0847132	0.0632692	
0.0850187	0.0505719	
0.0853243	0.0412375	
0.0856299	0.0342328	
0.0859354	0.0288695	
0.086241	0.0246856	
0.0865466	0.0213671	
0.0868521	0.0186961	
0.0871577	0.0165187	
0.0874633	0.014725	
0.0877688	0.0132348	
0.0880744	0.0119895	
0.08838	0.0109471	
0.0886855	0.0100784	
0.0889911	0.00936612	
0.0892966	0.00880547	
0.0896022	0.00840835	
0.0899078	0.0082124	
0.0902133	0.00829101	
0.0905189	0.00875443	
0.0908245	0.00966676	
0.09113	0.0107847	
0.0914356	0.0114851	
0.0917412	0.011526	
0.0920467	0.0112027	
0.0923523	0.0103947	
0.0926579	0.00891425	
0.0929634	0.00725985	
0.093269	0.00593998	
0.0935746	0.00502691	
0.0938801	0.00440814	
0.0941857	0.00397451	
0.0944913	0.00365451	
0.0947968	0.00340678	
0.0951024	0.00320598	
0.095408	0.00303797	
0.0957135	0.00289343	
0.0960191	0.00276677	
0.0963247	0.0026539	
0.0966302	0.0025522	
0.0969358	0.00245981	
0.0972414	0.00237487	
0.0975469	0.00229701	
0.0978525	0.00222437	
0.098158	0.00215694	
0.0984636	0.00209399	
0.0987692	0.00203513	
0.0990747	0.00197999	
0.0993803	0.00192821	
0.0996859	0.00187904	
0.0999914	0.00183284	
0.100297	0.00178926	
0.100603	0.00174791	
0.100908	0.00170879	
0.101214	0.00167154	
0.101519	0.00163615	
0.101825	0.00160225	
0.10213	0.00157021	
0.102436	0.00153966	
0.102742	0.00151061	
0.103047	0.00148304	
0.103353	0.00145622	
0.103658	0.00143088	
0.103964	0.00140667	
0.104269	0.0013832	
0.104575	0.00136085	
0.10488	0.00133961	
0.105186	0.00131913	
0.105492	0.00129938	
0.105797	0.00128038	
0.106103	0.0012625	
0.106408	0.00124499	
0.106714	0.00122823	
0.107019	0.00121221	
0.107325	0.00119656	
0.107631	0.00118166	
0.107936	0.00116751	
0.108242	0.00115335	
0.108547	0.00114031	
0.108853	0.00112727	
0.109158	0.00111498	
0.109464	0.00110306	
0.10977	0.00109151	
0.110075	0.00108071	
0.110381	0.0010699	
0.110686	0.00105985	
0.110992	0.00104979	
0.111297	0.0010401	
0.111603	0.00103116	
0.111908	0.00102222	
0.112214	0.00101365	
0.11252	0.00100546	
0.112825	0.000997633	
0.113131	0.000990182	
0.113436	0.000982732	
0.113742	0.000976026	
0.114047	0.000969321	
0.114353	0.000962988	
0.114659	0.000956655	
0.114964	0.000951067	
0.11527	0.000945479	
0.115575	0.000940263	
0.115881	0.00093542	
0.116186	0.000930578	
0.116492	0.00092648	
0.116798	0.000922382	
0.117103	0.000918657	
0.117409	0.000914931	
0.117714	0.000911951	
0.11802	0.000909343	
0.118325	0.000906736	
0.118631	0.000904873	
0.118937	0.00090301	
0.119242	0.000901893	
0.119548	0.000901148	
0.119853	0.000901148	
0.120159	0.00090152	
0.120464	0.000902265	
0.12077	0.000904128	
0.121075	0.000906363	
0.121381	0.000909716	
0.121687	0.000913814	
0.121992	0.000919029	
0.122298	0.000925362	
0.122603	0.000933558	
0.122909	0.000943244	
0.123214	0.000954792	
0.12352	0.000968948	
0.123826	0.000986084	
0.124131	0.00100657	
0.124437	0.00103116	
0.124742	0.00106171	
0.125048	0.00109859	
0.125353	0.00114478	
0.125659	0.00120178	
0.125965	0.00127405	
0.12627	0.00136681	
0.126576	0.00148714	
0.126881	0.00164658	
0.127187	0.0018619	
0.127492	0.00215918	
0.127798	0.0025779	
0.128103	0.0031814	
0.128409	0.00406206	
0.128715	0.00534803	
0.12902	0.0071615	
0.129326	0.00948533	
0.129631	0.011928	
0.129937	0.0137687	
0.130242	0.0146288	
0.130548	0.0148013	
0.130854	0.0145085	
0.131159	0.0134341	
0.131465	0.0113975	
0.13177	0.00891946	
0.132076	0.00668727	
0.132381	0.00499301	
0.132687	0.00380501	
0.132993	0.00299104	
0.133298	0.00243112	
0.133604	0.00203922	
0.133909	0.00175871	
0.134215	0.00155307	
0.13452	0.00139885	
0.134826	0.00128075	
0.135131	0.00118874	
0.135437	0.00111535	
0.135743	0.00105612	
0.136048	0.00100769	
0.136354	0.000967458	
0.136659	0.000933558	
0.136965	0.000904873	
0.13727	0.000880286	
0.137576	0.000859052	
0.137882	0.000840425	
0.138187	0.000824034	
0.138493	0.000809878	
0.138798	0.00079684	
0.139104	0.000785291	
0.139409	0.00077486	
0.139715	0.000765547	
0.140021	0.000756979	
0.140326	0.000749156	
0.140632	0.000742078	
0.140937	0.000735745	
0.141243	0.000729412	
0.141548	0.000723824	
0.141854	0.000718608	
0.142159	0.000713766	
0.142465	0.000709295	
0.142771	0.000705197	
0.143076	0.0007011	
0.143382	0.000697374	
0.143687	0.000693649	
0.143993	0.000690296	
0.144298	0.000687316	
0.144604	0.000684336	
0.14491	0.000681356	
0.145215	0.000678748	
0.145521	0.00067614	
0.145826	0.000673532	
0.146132	0.000671297	
0.146437	0.000669062	
0.146743	0.000666827	
0.147049	0.000664592	
0.147354	0.000662729	
0.14766	0.000660866	
0.147965	0.000659004	
0.148271	0.000657141	
0.148576	0.000655279	
0.148882	0.000653788	
0.149187	0.000651926	
0.149493	0.000650436	
0.149799	0.000648946	
0.150104	0.000647455	
0.15041	0.000646338	
0.150715	0.000644848	
0.151021	0.000643358	
0.151326	0.00064224	
0.151632	0.000641122	
0.151938	0.000639632	
0.152243	0.000638515	
0.152549	0.000637397	
0.152854	0.00063628	
0.15316	0.000635162	
0.153465	0.000634044	
0.153771	0.000632927	
0.154077	0.000632182	
0.154382	0.000631064	
0.154688	0.000630319	
0.154993	0.000629202	
0.155299	0.000628456	
0.155604	0.000627339	
0.15591	0.000626594	
0.156215	0.000625849	
0.156521	0.000624731	
0.156827	0.000623986	
0.157132	0.000623241	
0.157438	0.000622496	
0.157743	0.000621751	
0.158049	0.000621006	
0.158354	0.000620261	
0.15866	0.000619516	
0.158966	0.000618771	
0.159271	0.000618398	
0.159577	0.000617653	
0.159882	0.000616908	
0.160188	0.000616163	
0.160493	0.00061579	
0.160799	0.000615045	
0.161105	0.0006143	
0.16141	0.000613928	
0.161716	0.000613183	
0.162021	0.00061281	
0.162327	0.000612065	
0.162632	0.000611693	
0.162938	0.000610948	
0.163244	0.000610575	
0.163549	0.000610203	
0.163855	0.000609457	
0.16416	0.000609085	
0.164466	0.000608712	
0.164771	0.000607967	
0.165077	0.000607595	
0.165382	0.000607222	
0.165688	0.00060685	
0.165994	0.000606477	
0.166299	0.000605732	
0.166605	0.00060536	
0.16691	0.000604987	
0.167216	0.000604615	
0.167521	0.000604242	
0.167827	0.00060387	
0.168133	0.000603497	
0.168438	0.000603124	
0.168744	0.000602752	
0.169049	0.000602379	
0.169355	0.000602007	
0.16966	0.000601634	
0.169966	0.000601262	
0.170272	0.000600889	
0.170577	0.000600517	
0.170883	0.000600517	
0.171188	0.000600144	
0.171494	0.000599772	
0.171799	0.000599399	
0.172105	0.000599027	
0.17241	0.000598654	
0.172716	0.000598654	
0.173022	0.000598282	
0.173327	0.000597909	
0.173633	0.000597537	
0.173938	0.000597537	
0.174244	0.000597164	
0.174549	0.000596792	
0.174855	0.000596792	
0.175161	0.000596419	
0.175466	0.000596046	
0.175772	0.000596046	
0.176077	0.000595674	
0.176383	0.000595301	
0.176688	0.000595301	
0.176994	0.000594929	
0.1773	0.000594929	
0.177605	0.000594556	
0.177911	0.000594184	
0.178216	0.000594184	
0.178522	0.000593811	
0.178827	0.000593811	
0.179133	0.000593439	
0.179438	0.000593439	
0.179744	0.000593066	
0.18005	0.000593066	
0.180355	0.000592694	
0.180661	0.000592694	
0.180966	0.000592321	
0.181272	0.000592321	
0.181577	0.000591949	
0.181883	0.000591949	
0.182189	0.000591576	
0.182494	0.000591576	
0.1828	0.000591576	
0.183105	0.000591204	
0.183411	0.000591204	
0.183716	0.000591204	
0.184022	0.000590831	
0.184328	0.000590831	
0.184633	0.000590459	
0.184939	0.000590459	
0.185244	0.000590459	
0.18555	0.000590086	
0.185855	0.000590086	
0.186161	0.000590086	
0.186466	0.000590086	
0.186772	0.000589713	
0.187078	0.000589713	
0.187383	0.000589713	
0.187689	0.000589341	
0.187994	0.000589341	
0.1883	0.000589341	
0.188605	0.000589341	
0.188911	0.000588968	
0.189217	0.000588968	
0.189522	0.000588968	
0.189828	0.000588968	
0.190133	0.000588968	
0.190439	0.000588596	
0.190744	0.000588596	
0.19105	0.000588596	
0.191356	0.000588596	
0.191661	0.000588596	
0.191967	0.000588223	
0.192272	0.000588223	
0.192578	0.000588223	
0.192883	0.000588223	
0.193189	0.000588223	
0.193494	0.000588223	
0.1938	0.000587851	
0.194106	0.000587851	
0.194411	0.000587851	
0.194717	0.000587851	
0.195022	0.000587851	
0.195328	0.000587851	
0.195633	0.000587851	
0.195939	0.000587851	
0.196245	0.000587478	
0.19655	0.000587478	
0.196856	0.000587478	
0.197161	0.000587478	
0.197467	0.000587478	
0.197772	0.000587478	
0.198078	0.000587478	
0.198384	0.000587478	
0.198689	0.000587478	
0.198995	0.000587478	
0.1993	0.000587478	
0.199606	0.000587478	
0.199911	0.000587478	
0.200217	0.000587478	
0.200523	0.000587478	
0.200828	0.000587478	
0.201134	0.000587478	
0.201439	0.000587478	
0.201745	0.000587478	
0.20205	0.000587478	
0.202356	0.000587478	
0.202661	0.000587478	
0.202967	0.000587478	
0.203273	0.000587478	
0.203578	0.000587478	
0.203884	0.000587478	
0.204189	0.000587478	
0.204495	0.000587478	
0.2048	0.000587478	
0.205106	0.000587478	
0.205412	0.000587478	
0.205717	0.000587478	
0.206023	0.000587478	
0.206328	0.000587478	
0.206634	0.000587478	
0.206939	0.000587478	
0.207245	0.000587478	
0.207551	0.000587478	
0.207856	0.000587478	
0.208162	0.000587478	
0.208467	0.000587478	
0.208773	0.000587478	
0.209078	0.000587478	
0.209384	0.000587851	
0.209689	0.000587851	
0.209995	0.000587851	
0.210301	0.000587851	
0.210606	0.000587851	
0.210912	0.000587851	
0.211217	0.000587851	
0.211523	0.000587851	
0.211828	0.000587851	
0.212134	0.000587851	
0.21244	0.000588223	
0.212745	0.000588223	
0.213051	0.000588223	
0.213356	0.000588223	
0.213662	0.000588223	
0.213967	0.000588223	
0.214273	0.000588223	
0.214579	0.000588223	
0.214884	0.000588596	
0.21519	0.000588596	
0.215495	0.000588596	
0.215801	0.000588596	
0.216106	0.000588596	
0.216412	0.000588596	
0.216717	0.000588968	
0.217023	0.000588968	
0.217329	0.000588968	
0.217634	0.000588968	
0.21794	0.000588968	
0.218245	0.000588968	
0.218551	0.000589341	
0.218856	0.000589341	
0.219162	0.000589341	
0.219468	0.000589341	
0.219773	0.000589341	
0.220079	0.000589341	
0.220384	0.000589713	
0.22069	0.000589713	
0.220995	0.000589713	
0.221301	0.000589713	
0.221607	0.000589713	
0.221912	0.000590086	
0.222218	0.000590086	
0.222523	0.000590086	
0.222829	0.000590086	
0.223134	0.000590459	
0.22344	0.000590459	
0.223745	0.000590459	
0.224051	0.000590459	
0.224357	0.000590459	
0.224662	0.000590831	
0.224968	0.000590831	
0.225273	0.000590831	
0.225579	0.000590831	
0.225884	0.000591204	
0.22619	0.000591204	
0.226496	0.000591204	
0.226801	0.000591204	
0.227107	0.000591576	
0.227412	0.000591576	
0.227718	0.000591576	
0.228023	0.000591576	
0.228329	0.000591949	
0.228635	0.000591949	
0.22894	0.000591949	
0.229246	0.000591949	
0.229551	0.000592321	
0.229857	0.000592321	
0.230162	0.000592321	
0.230468	0.000592321	
0.230773	0.000592694	
0.231079	0.000592694	
0.231385	0.000592694	
0.23169	0.000592694	
0.231996	0.000593066	
0.232301	0.000593066	
0.232607	0.000593066	
0.232912	0.000593439	
0.233218	0.000593439	
0.233524	0.000593439	
0.233829	0.000593439	
0.234135	0.000593811	
0.23444	0.000593811	
0.234746	0.000593811	
0.235051	0.000594184	
0.235357	0.000594184	
0.235663	0.000594184	
0.235968	0.000594556	
0.236274	0.000594556	
0.236579	0.000594556	
0.236885	0.000594556	
0.23719	0.000594929	
0.237496	0.000594929	
0.237801	0.000594929	
0.238107	0.000595301	
0.238413	0.000595301	
0.238718	0.000595301	
0.239024	0.000595674	
0.239329	0.000595674	
0.239635	0.000595674	
0.23994	0.000596046	
0.240246	0.000596046	
0.240552	0.000596046	
0.240857	0.000596419	
0.241163	0.000596419	
0.241468	0.000596419	
0.241774	0.000596792	
0.242079	0.000596792	
0.242385	0.000596792	
0.242691	0.000597164	
0.242996	0.000597164	
0.243302	0.000597164	
0.243607	0.000597537	
0.243913	0.000597537	
0.244218	0.000597537	
0.244524	0.000597909	
0.24483	0.000597909	
0.245135	0.000598282	
0.245441	0.000598282	
0.245746	0.000598282	
0.246052	0.000598654	
0.246357	0.000598654	
0.246663	0.000598654	
0.246968	0.000599027	
0.247274	0.000599027	
0.24758	0.000599027	
0.247885	0.000599399	
0.248191	0.000599399	
0.248496	0.000599772	
0.248802	0.000599772	
0.249107	0.000599772	
0.249413	0.000600144	
0.249719	0.000600144	
0.250024	0.000600144	
0.25033	0.000600517	
0.250635	0.000600517	
0.250941	0.000600889	
0.251246	0.000600889	
0.251552	0.000600889	
0.251858	0.000601262	
0.252163	0.000601262	
0.252469	0.000601634	
0.252774	0.000601634	
0.25308	0.000601634	
0.253385	0.000602007	
0.253691	0.000602007	
0.253996	0.000602379	
0.254302	0.000602379	
0.254608	0.000602379	
0.254913	0.000602752	
0.255219	0.000602752	
0.255524	0.000603124	
0.25583	0.000603124	
0.256135	0.000603124	
0.256441	0.000603497	
0.256747	0.000603497	
0.257052	0.00060387	
0.257358	0.00060387	
0.257663	0.00060387	
0.257969	0.000604242	
0.258274	0.000604242	
0.25858	0.000604615	
0.258886	0.000604615	
0.259191	0.000604987	
0.259497	0.000604987	
0.259802	0.000604987	
0.260108	0.00060536	
0.260413	0.00060536	
0.260719	0.000605732	
0.261024	0.000605732	
0.26133	0.000606105	
0.261636	0.000606105	
0.261941	0.000606105	
0.262247	0.000606477	
0.262552	0.000606477	
0.262858	0.00060685	
0.263163	0.00060685	
0.263469	0.000607222	
0.263775	0.000607222	
0.26408	0.000607595	
0.264386	0.000607595	
0.264691	0.000607595	
0.264997	0.000607967	
0.265302	0.000607967	
0.265608	0.00060834	
0.265914	0.00060834	
0.266219	0.000608712	
0.266525	0.000608712	
0.26683	0.000609085	
0.267136	0.000609085	
0.267441	0.000609457	
0.267747	0.000609457	
0.268052	0.000609457	
0.268358	0.00060983	
0.268664	0.00060983	
0.268969	0.000610203	
0.269275	0.000610203	
0.26958	0.000610575	
0.269886	0.000610575	
0.270191	0.000610948	
0.270497	0.000610948	
0.270803	0.00061132	
0.271108	0.00061132	
0.271414	0.000611693	
0.271719	0.000611693	
0.272025	0.000612065	
0.27233	0.000612065	
0.272636	0.000612438	
0.272942	0.000612438	
0.273247	0.000612438	
0.273553	0.00061281	
0.273858	0.00061281	
0.274164	0.000613183	
0.274469	0.000613183	
0.274775	0.000613555	
0.27508	0.000613555	
0.275386	0.000613928	
0.275692	0.000613928	
0.275997	0.0006143	
0.276303	0.0006143	
0.276608	0.000614673	
0.276914	0.000614673	
0.277219	0.000615045	
0.277525	0.000615045	
0.277831	0.000615418	
0.278136	0.000615418	
0.278442	0.00061579	
0.278747	0.00061579	
0.279053	0.000616163	
0.279358	0.000616163	
0.279664	0.000616536	
0.27997	0.000616536	
0.280275	0.000616908	
0.280581	0.000616908	
0.280886	0.000617281	
0.281192	0.000617281	
0.281497	0.000617653	
0.281803	0.000617653	
0.282108	0.000618026	
0.282414	0.000618026	
0.28272	0.000618398	
0.283025	0.000618398	
0.283331	0.000618771	
0.283636	0.000618771	
0.283942	0.000619143	
0.284247	0.000619143	
0.284553	0.000619516	
0.284859	0.000619888	
0.285164	0.000619888	
0.28547	0.000620261	
0.285775	0.000620261	
0.286081	0.000620633	
0.286386	0.000620633	
0.286692	0.000621006	
0.286998	0.000621006	
0.287303	0.000621378	
0.287609	0.000621378	
0.287914	0.000621751	
0.28822	0.000621751	
0.288525	0.000622123	
0.288831	0.000622123	
0.289137	0.000622496	
0.289442	0.000622869	
0.289748	0.000622869	
0.290053	0.000623241	
0.290359	0.000623241	
0.290664	0.000623614	
0.29097	0.000623614	
0.291275	0.000623986	
0.291581	0.000623986	
0.291887	0.000624359	
0.292192	0.000624731	
0.292498	0.000624731	
0.292803	0.000625104	
0.293109	0.000625104	
0.293414	0.000625476	
0.29372	0.000625476	
0.294026	0.000625849	
0.294331	0.000625849	
0.294637	0.000626221	
0.294942	0.000626594	
0.295248	0.000626594	
0.295553	0.000626966	
0.295859	0.000626966	
0.296165	0.000627339	
0.29647	0.000627339	
0.296776	0.000627711	
0.297081	0.000628084	
0.297387	0.000628084	
0.297692	0.000628456	
0.297998	0.000628456	
0.298303	0.000628829	
0.298609	0.000628829	
0.298915	0.000629202	
0.29922	0.000629574	
0.299526	0.000629574	
0.299831	0.000629947	
0.300137	0.000629947	
0.300442	0.000630319	
0.300748	0.000630319	
0.301054	0.000630692	
0.301359	0.000631064	
0.301665	0.000631064	
0.30197	0.000631437	
0.302276	0.000631437	
0.302581	0.000631809	
0.302887	0.000632182	
0.303193	0.000632182	
0.303498	0.000632554	
0.303804	0.000632554	
0.304109	0.000632927	
0.304415	0.000632927	
0.30472	0.000633299	
0.305026	0.000633672	
0.305331	0.000633672	
0.305637	0.000634044	
0.305943	0.000634044	
0.306248	0.000634417	
0.306554	0.000634789	
0.306859	0.000634789	
0.307165	0.000635162	
0.30747	0.000635162	
0.307776	0.000635535	
0.308082	0.000635907	
0.308387	0.000635907	
0.308693	0.00063628	
0.308998	0.000636652	
0.309304	0.000636652	
0.309609	0.000637025	
0.309915	0.000637025	
0.310221	0.000637397	
0.310526	0.00063777	
0.310832	0.00063777	
0.311137	0.000638142	
0.311443	0.000638142	
0.311748	0.000638515	
0.312054	0.000638887	
0.312359	0.000638887	
0.312665	0.00063926	
0.312971	0.000639632	
0.313276	0.000639632	
0.313582	0.000640005	
0.313887	0.000640005	
0.314193	0.000640377	
0.314498	0.00064075	
0.314804	0.00064075	
0.31511	0.000641122	
0.315415	0.000641495	
0.315721	0.000641495	
0.316026	0.000641868	
0.316332	0.000641868	
0.316637	0.00064224	
0.316943	0.000642613	
0.317249	0.000642613	
0.317554	0.000642985	
0.31786	0.000643358	
0.318165	0.000643358	
0.318471	0.00064373	
0.318776	0.000644103	
0.319082	0.000644103	
0.319387	0.000644475	
0.319693	0.000644475	
0.319999	0.000644848	
0.320304	0.00064522	
0.32061	0.00064522	
0.320915	0.000645593	
0.321221	0.000645965	
0.321526	0.000645965	
0.321832	0.000646338	
0.322138	0.00064671	
0.322443	0.00064671	
0.322749	0.000647083	
0.323054	0.000647455	
0.32336	0.000647455	
0.323665	0.000647828	
0.323971	0.000648201	
0.324277	0.000648201	
0.324582	0.000648573	
0.324888	0.000648946	
0.325193	0.000648946	
0.325499	0.000649318	
0.325804	0.000649691	
0.32611	0.000649691	
0.326416	0.000650063	
0.326721	0.000650436	
0.327027	0.000650436	
0.327332	0.000650808	
0.327638	0.000651181	
0.327943	0.000651181	
0.328249	0.000651553	
0.328554	0.000651926	
0.32886	0.000651926	
0.329166	0.000652298	
0.329471	0.000652671	
0.329777	0.000652671	
0.330082	0.000653043	
0.330388	0.000653416	
0.330693	0.000653416	
0.330999	0.000653788	
0.331305	0.000654161	
0.33161	0.000654161	
0.331916	0.000654534	
0.332221	0.000654906	
0.332527	0.000654906	
0.332832	0.000655279	
0.333138	0.000655651	
0.333444	0.000656024	
0.333749	0.000656024	
0.334055	0.000656396	
0.33436	0.000656769	
0.334666	0.000656769	
0.334971	0.000657141	
0.335277	0.000657514	
0.335582	0.000657514	
0.335888	0.000657886	
0.336194	0.000658259	
0.336499	0.000658631	
0.336805	0.000658631	
0.33711	0.000659004	
0.337416	0.000659376	
0.337721	0.000659376	
0.338027	0.000659749	
0.338333	0.000660121	
0.338638	0.000660121	
0.338944	0.000660494	
0.339249	0.000660866	
0.339555	0.000661239	
0.33986	0.000661239	
0.340166	0.000661612	
0.340472	0.000661984	
0.340777	0.000661984	
0.341083	0.000662357	
0.341388	0.000662729	
0.341694	0.000663102	
0.341999	0.000663102	
0.342305	0.000663474	
0.34261	0.000663847	
0.342916	0.000663847	
0.343222	0.000664219	
0.343527	0.000664592	
0.343833	0.000664964	
0.344138	0.000664964	
0.344444	0.000665337	
0.344749	0.000665709	
0.345055	0.000666082	
0.345361	0.000666082	
0.345666	0.000666454	
0.345972	0.000666827	
0.346277	0.000667199	
0.346583	0.000667199	
0.346888	0.000667572	
0.347194	0.000667945	
0.3475	0.000667945	
0.347805	0.000668317	
0.348111	0.00066869	
0.348416	0.000669062	
0.348722	0.000669062	
0.349027	0.000669435	
0.349333	0.000669807	
0.349638	0.00067018	
0.349944	0.00067018	
0.35025	0.000670552	
0.350555	0.000670925	
0.350861	0.000671297	
0.351166	0.000671297	
0.351472	0.00067167	
0.351777	0.000672042	
0.352083	0.000672415	
0.352389	0.000672415	
0.352694	0.000672787	
0.353	0.00067316	
0.353305	0.000673532	
0.353611	0.000673905	
0.353916	0.000673905	
0.354222	0.000674278	
0.354528	0.00067465	
0.354833	0.000675023	
0.355139	0.000675023	
0.355444	0.000675395	
0.35575	0.000675768	
0.356055	0.00067614	
0.356361	0.00067614	
0.356666	0.000676513	
0.356972	0.000676885	
0.357278	0.000677258	
0.357583	0.00067763	
0.357889	0.00067763	
0.358194	0.000678003	
0.3585	0.000678375	
0.358805	0.000678748	
0.359111	0.000678748	
0.359417	0.00067912	
0.359722	0.000679493	
0.360028	0.000679865	
0.360333	0.000680238	
0.360639	0.000680238	
0.360944	0.000680611	
0.36125	0.000680983	
0.361556	0.000681356	
0.361861	0.000681728	
0.362167	0.000681728	
0.362472	0.000682101	
0.362778	0.000682473	
0.363083	0.000682846	
0.363389	0.000683218	
0.363694	0.000683218	
0.364	0.000683591	
0.364306	0.000683963	
0.364611	0.000684336	
0.364917	0.000684708	
0.365222	0.000684708	
0.365528	0.000685081	
0.365833	0.000685453	
0.366139	0.000685826	
0.366445	0.000686198	
0.36675	0.000686198	
0.367056	0.000686571	
0.367361	0.000686944	
0.367667	0.000687316	
0.367972	0.000687689	
0.368278	0.000688061	
0.368584	0.000688061	
0.368889	0.000688434	
0.369195	0.000688806	
0.3695	0.000689179	
0.369806	0.000689551	
0.370111	0.000689551	
0.370417	0.000689924	
0.370723	0.000690296	
0.371028	0.000690669	
0.371334	0.000691041	
0.371639	0.000691414	
0.371945	0.000691414	
0.37225	0.000691786	
0.372556	0.000692159	
0.372861	0.000692531	
0.373167	0.000692904	
0.373473	0.000693277	
0.373778	0.000693649	
0.374084	0.000693649	
0.374389	0.000694022	
0.374695	0.000694394	
0.375	0.000694767	
0.375306	0.000695139	
0.375612	0.000695512	
0.375917	0.000695512	
0.376223	0.000695884	
0.376528	0.000696257	
0.376834	0.000696629	
0.377139	0.000697002	
0.377445	0.000697374	
0.377751	0.000697747	
0.378056	0.000697747	
0.378362	0.000698119	
0.378667	0.000698492	
0.378973	0.000698864	
0.379278	0.000699237	
0.379584	0.00069961	
0.379889	0.000699982	
0.380195	0.000699982	
0.380501	0.000700355	
0.380806	0.000700727	
0.381112	0.0007011	
0.381417	0.000701472	
0.381723	0.000701845	
0.382028	0.000702217	
0.382334	0.00070259	
0.38264	0.00070259	
0.382945	0.000702962	
0.383251	0.000703335	
0.383556	0.000703707	
0.383862	0.00070408	
0.384167	0.000704452	
0.384473	0.000704825	
0.384779	0.000705197	
0.385084	0.00070557	
0.38539	0.00070557	
0.385695	0.000705943	
0.386001	0.000706315	
0.386306	0.000706688	
0.386612	0.00070706	
0.386917	0.000707433	
0.387223	0.000707805	
0.387529	0.000708178	
0.387834	0.00070855	
0.38814	0.000708923	
0.388445	0.000708923	
0.388751	0.000709295	
0.389056	0.000709668	
0.389362	0.00071004	
0.389668	0.000710413	
0.389973	0.000710785	
0.390279	0.000711158	
0.390584	0.00071153	
0.39089	0.000711903	
0.391195	0.000712276	
0.391501	0.000712276	
0.391807	0.000712648	
0.392112	0.000713021	
0.392418	0.000713393	
0.392723	0.000713766	
0.393029	0.000714138	
0.393334	0.000714511	
0.39364	0.000714883	
0.393945	0.000715256	
0.394251	0.000715628	
0.394557	0.000716001	
0.394862	0.000716373	
0.395168	0.000716746	
0.395473	0.000717118	
0.395779	0.000717118	
0.396084	0.000717491	
0.39639	0.000717863	
0.396696	0.000718236	
0.397001	0.000718608	
0.397307	0.000718981	
0.397612	0.000719354	
0.397918	0.000719726	
0.398223	0.000720099	
0.398529	0.000720471	
0.398835	0.000720844	
0.39914	0.000721216	
0.399446	0.000721589	
0.399751	0.000721961	
0.400057	0.000722334	
0.400362	0.000722706	
0.400668	0.000723079	
0.400973	0.000723451	
0.401279	0.000723824	
0.401585	0.000724196	
0.40189	0.000724569	
0.402196	0.000724941	
0.402501	0.000725314	
0.402807	0.000725314	
0.403112	0.000725687	
0.403418	0.000726059	
0.403724	0.000726432	
0.404029	0.000726804	
0.404335	0.000727177	
0.40464	0.000727549	
0.404946	0.000727922	
0.405251	0.000728294	
0.405557	0.000728667	
0.405863	0.000729039	
0.406168	0.000729412	
0.406474	0.000729784	
0.406779	0.000730157	
0.407085	0.000730529	
0.40739	0.000730902	
0.407696	0.000731274	
0.408001	0.000731647	
0.408307	0.00073202	
0.408613	0.000732392	
0.408918	0.000732765	
0.409224	0.000733137	
0.409529	0.00073351	
0.409835	0.000733882	
0.41014	0.000734255	
0.410446	0.000735	
0.410752	0.000735372	
0.411057	0.000735745	
0.411363	0.000736117	
0.411668	0.00073649	
0.411974	0.000736862	
0.412279	0.000737235	
0.412585	0.000737607	
0.412891	0.00073798	
0.413196	0.000738353	
0.413502	0.000738725	
0.413807	0.000739098	
0.414113	0.00073947	
0.414418	0.000739843	
0.414724	0.000740215	
0.41503	0.000740588	
0.415335	0.00074096	
0.415641	0.000741333	
0.415946	0.000741705	
0.416252	0.000742078	
0.416557	0.00074245	
0.416863	0.000742823	
0.417168	0.000743195	
0.417474	0.000743568	
0.41778	0.00074394	
0.418085	0.000744313	
0.418391	0.000744686	
0.418696	0.000745431	
0.419002	0.000745803	
0.419307	0.000746176	
0.419613	0.000746548	
0.419919	0.000746921	
0.420224	0.000747293	
0.42053	0.000747666	
0.420835	0.000748038	
0.421141	0.000748411	
0.421446	0.000748783	
0.421752	0.000749156	
0.422058	0.000749528	
0.422363	0.000749901	
0.422669	0.000750273	
0.422974	0.000750646	
0.42328	0.000751391	
0.423585	0.000751764	
0.423891	0.000752136	
0.424196	0.000752509	
0.424502	0.000752881	
0.424808	0.000753254	
0.425113	0.000753626	
0.425419	0.000753999	
0.425724	0.000754371	
0.42603	0.000754744	
0.426335	0.000755489	
0.426641	0.000755861	
0.426947	0.000756234	
0.427252	0.000756606	
0.427558	0.000756979	
0.427863	0.000757352	
0.428169	0.000757724	
0.428474	0.000758097	
0.42878	0.000758469	
0.429086	0.000758842	
0.429391	0.000759587	
0.429697	0.000759959	
0.430002	0.000760332	
0.430308	0.000760704	
0.430613	0.000761077	
0.430919	0.000761449	
0.431224	0.000761822	
0.43153	0.000762194	
0.431836	0.000762939	
0.432141	0.000763312	
0.432447	0.000763685	
0.432752	0.000764057	
0.433058	0.00076443	
0.433363	0.000764802	
0.433669	0.000765175	
0.433975	0.00076592	
0.43428	0.000766292	
0.434586	0.000766665	
0.434891	0.000767037	
0.435197	0.00076741	
0.435502	0.000767782	
0.435808	0.000768527	
0.436114	0.0007689	
0.436419	0.000769272	
0.436725	0.000769645	
0.43703	0.000770018	
0.437336	0.00077039	
0.437641	0.000771135	
0.437947	0.000771508	
0.438252	0.00077188	
0.438558	0.000772253	
0.438864	0.000772625	
0.439169	0.000772998	
0.439475	0.000773743	
0.43978	0.000774115	
0.440086	0.000774488	
0.440391	0.00077486	
0.440697	0.000775233	
0.441003	0.000775978	
0.441308	0.00077635	
0.441614	0.000776723	
0.441919	0.000777096	
0.442225	0.000777468	
0.44253	0.000778213	
0.442836	0.000778586	
0.443142	0.000778958	
0.443447	0.000779331	
0.443753	0.000779703	
0.444058	0.000780448	
0.444364	0.000780821	
0.444669	0.000781193	
0.444975	0.000781566	
0.44528	0.000781938	
0.445586	0.000782683	
0.445892	0.000783056	
0.446197	0.000783429	
0.446503	0.000783801	
0.446808	0.000784546	
0.447114	0.000784919	
0.447419	0.000785291	
0.447725	0.000785664	
0.448031	0.000786409	
0.448336	0.000786781	
0.448642	0.000787154	
0.448947	0.000787526	
0.449253	0.000788271	
0.449558	0.000788644	
0.449864	0.000789016	
0.45017	0.000789389	
0.450475	0.000790134	
0.450781	0.000790507	
0.451086	0.000790879	
0.451392	0.000791252	
0.451697	0.000791997	
0.452003	0.000792369	
0.452309	0.000792742	
0.452614	0.000793114	
0.45292	0.000793859	
0.453225	0.000794232	
0.453531	0.000794604	
0.453836	0.000795349	
0.454142	0.000795722	
0.454447	0.000796095	
0.454753	0.000796467	
0.455059	0.000797212	
0.455364	0.000797585	
0.45567	0.000797957	
0.455975	0.000798702	
0.456281	0.000799075	
0.456586	0.000799447	
0.456892	0.000800192	
0.457198	0.000800565	
0.457503	0.000800937	
0.457809	0.00080131	
0.458114	0.000802055	
0.45842	0.000802428	
0.458725	0.0008028	
0.459031	0.000803545	
0.459337	0.000803918	
0.459642	0.00080429	
0.459948	0.000805035	
0.460253	0.000805408	
0.460559	0.00080578	
0.460864	0.000806525	
0.46117	0.000806898	
0.461475	0.00080727	
0.461781	0.000808015	
0.462087	0.000808388	
0.462392	0.000808761	
0.462698	0.000809506	
0.463003	0.000809878	
0.463309	0.000810623	
0.463614	0.000810996	
0.46392	0.000811368	
0.464226	0.000812113	
0.464531	0.000812486	
0.464837	0.000812858	
0.465142	0.000813603	
0.465448	0.000813976	
0.465753	0.000814348	
0.466059	0.000815094	
0.466365	0.000815466	
0.46667	0.000816211	
0.466976	0.000816584	
0.467281	0.000817329	
0.467587	0.000817701	
0.467892	0.000818074	
0.468198	0.000818819	
0.468503	0.000819191	
0.468809	0.000819936	
0.469115	0.000820309	
0.46942	0.000820681	
0.469726	0.000821427	
0.470031	0.000821799	
0.470337	0.000822544	
0.470642	0.000822917	
0.470948	0.000823289	
0.471254	0.000824034	
0.471559	0.000824407	
0.471865	0.000825152	
0.47217	0.000825524	
0.472476	0.000826269	
0.472781	0.000826642	
0.473087	0.000827387	
0.473393	0.00082776	
0.473698	0.000828132	
0.474004	0.000828877	
0.474309	0.00082925	
0.474615	0.000829995	
0.47492	0.000830367	
0.475226	0.000831112	
0.475531	0.000831485	
0.475837	0.00083223	
0.476143	0.000832602	
0.476448	0.000833347	
0.476754	0.00083372	
0.477059	0.000834465	
0.477365	0.000834838	
0.47767	0.00083521	
0.477976	0.000835955	
0.478282	0.000836328	
0.478587	0.000837073	
0.478893	0.000837445	
0.479198	0.00083819	
0.479504	0.000838563	
0.479809	0.000839308	
0.480115	0.00083968	
0.480421	0.000840425	
0.480726	0.000840798	
0.481032	0.000841543	
0.481337	0.000842288	
0.481643	0.000842661	
0.481948	0.000843406	
0.482254	0.000843778	
0.482559	0.000844523	
0.482865	0.000844896	
0.483171	0.000845641	
0.483476	0.000846013	
0.483782	0.000846758	
0.484087	0.000847131	
0.484393	0.000847876	
0.484698	0.000848249	
0.485004	0.000848994	
0.48531	0.000849739	
0.485615	0.000850111	
0.485921	0.000850856	
0.486226	0.000851229	
0.486532	0.000851974	
0.486837	0.000852346	
0.487143	0.000853091	
0.487449	0.000853837	
0.487754	0.000854209	
0.48806	0.000854954	
0.488365	0.000855327	
0.488671	0.000856072	
0.488976	0.000856817	
0.489282	0.000857189	
0.489587	0.000857934	
0.489893	0.000858307	
0.490199	0.000859052	
0.490504	0.000859797	
0.49081	0.00086017	
0.491115	0.000860915	
0.491421	0.000861287	
0.491726	0.000862032	
0.492032	0.000862777	
0.492338	0.00086315	
0.492643	0.000863895	
0.492949	0.00086464	
0.493254	0.000865012	
0.49356	0.000865757	
0.493865	0.000866503	
0.494171	0.000866875	
0.494477	0.00086762	
0.494782	0.000867993	
0.495088	0.000868738	
0.495393	0.000869483	
0.495699	0.000869855	
0.496004	0.0008706	
0.49631	0.000871345	
0.496616	0.00087209	
0.496921	0.000872463	
0.497227	0.000873208	
0.497532	0.000873953	
0.497838	0.000874326	
0.498143	0.000875071	
0.498449	0.000875816	
0.498754	0.000876188	
0.49906	0.000876933	
0.499366	0.000877678	
0.499671	0.000878423	
0.499977	0.000878796	
0.500282	0.000879541	
0.500588	0.000880286	
0.500893	0.000880659	
0.501199	0.000881404	
0.501505	0.000882149	
0.50181	0.000882894	
0.502116	0.000883266	
0.502421	0.000884011	
0.502727	0.000884756	
0.503032	0.000885502	
0.503338	0.000885874	
0.503644	0.000886619	
0.503949	0.000887364	
0.504255	0.000888109	
0.50456	0.000888482	
0.504866	0.000889227	
0.505171	0.000889972	
0.505477	0.000890717	
0.505782	0.000891462	
0.506088	0.000891834	
0.506394	0.00089258	
0.506699	0.000893325	
0.507005	0.00089407	
0.50731	0.000894815	
0.507616	0.000895187	
0.507921	0.000895932	
0.508227	0.000896677	
0.508533	0.000897422	
0.508838	0.000898167	
0.509144	0.000898913	
0.509449	0.000899285	
0.509755	0.00090003	
0.51006	0.000900775	
0.510366	0.00090152	
0.510672	0.000902265	
0.510977	0.00090301	
0.511283	0.000903755	
0.511588	0.000904128	
0.511894	0.000904873	
0.512199	0.000905618	
0.512505	0.000906363	
0.51281	0.000907108	
0.513116	0.000907853	
0.513422	0.000908598	
0.513727	0.000909343	
0.514033	0.000910088	
0.514338	0.000910461	
0.514644	0.000911206	
0.514949	0.000911951	
0.515255	0.000912696	
0.515561	0.000913441	
0.515866	0.000914186	
0.516172	0.000914931	
0.516477	0.000915676	
0.516783	0.000916421	
0.517088	0.000917166	
0.517394	0.000917912	
0.5177	0.000918657	
0.518005	0.000919402	
0.518311	0.000920147	
0.518616	0.000920892	
0.518922	0.000921637	
0.519227	0.000922382	
0.519533	0.000923127	
0.519838	0.000923872	
0.520144	0.000924617	
0.52045	0.000925362	
0.520755	0.000926107	
0.521061	0.000926852	
0.521366	0.000927597	
0.521672	0.000928342	
0.521977	0.000929087	
0.522283	0.000929832	
0.522589	0.000930578	
0.522894	0.000931323	
0.5232	0.000932068	
0.523505	0.000932813	
0.523811	0.000933558	
0.524116	0.000934303	
0.524422	0.000935048	
0.524728	0.000935793	
0.525033	0.000936538	
0.525339	0.000937283	
0.525644	0.000938028	
0.52595	0.000938773	
0.526255	0.000939518	
0.526561	0.000940636	
0.526866	0.000941381	
0.527172	0.000942126	
0.527478	0.000942871	
0.527783	0.000943616	
0.528089	0.000944361	
0.528394	0.000945106	
0.5287	0.000945851	
0.529005	0.000946969	
0.529311	0.000947714	
0.529617	0.000948459	
0.529922	0.000949204	
0.530228	0.000949949	
0.530533	0.000950694	
0.530839	0.000951439	
0.531144	0.000952557	
0.53145	0.000953302	
0.531756	0.000954047	
0.532061	0.000954792	
0.532367	0.000955537	
0.532672	0.000956655	
0.532978	0.0009574	
0.533283	0.000958145	
0.533589	0.00095889	
0.533894	0.000959635	
0.5342	0.000960752	
0.534506	0.000961497	
0.534811	0.000962242	
0.535117	0.000962988	
0.535422	0.000964105	
0.535728	0.00096485	
0.536033	0.000965595	
0.536339	0.00096634	
0.536645	0.000967458	
0.53695	0.000968203	
0.537256	0.000968948	
0.537561	0.000969693	
0.537867	0.000970811	
0.538172	0.000971556	
0.538478	0.000972301	
0.538784	0.000973418	
0.539089	0.000974163	
0.539395	0.000974908	
0.5397	0.000976026	
0.540006	0.000976771	
0.540311	0.000977516	
0.540617	0.000978634	
0.540923	0.000979379	
0.541228	0.000980124	
0.541534	0.000981241	
0.541839	0.000981987	
0.542145	0.000982732	
0.54245	0.000983849	
0.542756	0.000984594	
0.543061	0.000985712	
0.543367	0.000986457	
0.543673	0.000987202	
0.543978	0.00098832	
0.544284	0.000989065	
0.544589	0.000990182	
0.544895	0.000990927	
0.5452	0.000992045	
0.545506	0.00099279	
0.545812	0.000993535	
0.546117	0.000994653	
0.546423	0.000995398	
0.546728	0.000996515	
0.547034	0.00099726	
0.547339	0.000998378	
0.547645	0.000999123	
0.547951	0.00100024	
0.548256	0.00100099	
0.548562	0.0010021	
0.548867	0.00100285	
0.549173	0.00100397	
0.549478	0.00100471	
0.549784	0.00100583	
0.550089	0.00100657	
0.550395	0.00100769	
0.550701	0.00100881	
0.551006	0.00100955	
0.551312	0.00101067	
0.551617	0.00101142	
0.551923	0.00101253	
0.552228	0.00101328	
0.552534	0.0010144	
0.55284	0.00101551	
0.553145	0.00101626	
0.553451	0.00101738	
0.553756	0.00101849	
0.554062	0.00101924	
0.554367	0.00102036	
0.554673	0.0010211	
0.554979	0.00102222	
0.555284	0.00102334	
0.55559	0.00102408	
0.555895	0.0010252	
0.556201	0.00102632	
0.556506	0.00102744	
0.556812	0.00102818	
0.557117	0.0010293	
0.557423	0.00103042	
0.557729	0.00103116	
0.558034	0.00103228	
0.55834	0.0010334	
0.558645	0.00103451	
0.558951	0.00103526	
0.559256	0.00103638	
0.559562	0.00103749	
0.559868	0.00103861	
0.560173	0.00103973	
0.560479	0.00104047	
0.560784	0.00104159	
0.56109	0.00104271	
0.561395	0.00104383	
0.561701	0.00104494	
0.562007	0.00104606	
0.562312	0.00104718	
0.562618	0.00104792	
0.562923	0.00104904	
0.563229	0.00105016	
0.563534	0.00105128	
0.56384	0.00105239	
0.564145	0.00105351	
0.564451	0.00105463	
0.564757	0.00105575	
0.565062	0.00105686	
0.565368	0.00105798	
0.565673	0.0010591	
0.565979	0.00106022	
0.566284	0.00106134	
0.56659	0.00106245	
0.566896	0.00106357	
0.567201	0.00106469	
0.567507	0.00106581	
0.567812	0.00106692	
0.568118	0.00106804	
0.568423	0.00106916	
0.568729	0.00107028	
0.569035	0.00107139	
0.56934	0.00107251	
0.569646	0.00107363	
0.569951	0.00107475	
0.570257	0.00107586	
0.570562	0.00107698	
0.570868	0.0010781	
0.571173	0.00107959	
0.571479	0.00108071	
0.571785	0.00108182	
0.57209	0.00108294	
0.572396	0.00108406	
0.572701	0.00108518	
0.573007	0.00108667	
0.573312	0.00108778	
0.573618	0.0010889	
0.573924	0.00109002	
0.574229	0.00109151	
0.574535	0.00109263	
0.57484	0.00109375	
0.575146	0.00109486	
0.575451	0.00109635	
0.575757	0.00109747	
0.576063	0.00109859	
0.576368	0.00110008	
0.576674	0.0011012	
0.576979	0.00110231	
0.577285	0.0011038	
0.57759	0.00110492	
0.577896	0.00110641	
0.578202	0.00110753	
0.578507	0.00110865	
0.578813	0.00111014	
0.579118	0.00111125	
0.579424	0.00111274	
0.579729	0.00111386	
0.580035	0.00111535	
0.58034	0.00111647	
0.580646	0.00111796	
0.580952	0.00111945	
0.581257	0.00112057	
0.581563	0.00112206	
0.581868	0.00112318	
0.582174	0.00112467	
0.582479	0.00112616	
0.582785	0.00112727	
0.583091	0.00112876	
0.583396	0.00113025	
0.583702	0.00113137	
0.584007	0.00113286	
0.584313	0.00113435	
0.584618	0.00113584	
0.584924	0.00113696	
0.58523	0.00113845	
0.585535	0.00113994	
0.585841	0.00114143	
0.586146	0.00114292	
0.586452	0.00114441	
0.586757	0.0011459	
0.587063	0.00114739	
0.587368	0.00114888	
0.587674	0.00115037	
0.58798	0.00115186	
0.588285	0.00115335	
0.588591	0.00115484	
0.588896	0.00115633	
0.589202	0.00115782	
0.589507	0.00115968	
0.589813	0.00116117	
0.590119	0.00116266	
0.590424	0.00116453	
0.59073	0.00116602	
0.591035	0.00116751	
0.591341	0.00116937	
0.591646	0.00117086	
0.591952	0.00117272	
0.592258	0.00117421	
0.592563	0.00117607	
0.592869	0.00117794	
0.593174	0.0011798	
0.59348	0.00118129	
0.593785	0.00118315	
0.594091	0.00118501	
0.594396	0.00118688	
0.594702	0.00118874	
0.595008	0.00119098	
0.595313	0.00119284	
0.595619	0.0011947	
0.595924	0.00119694	
0.59623	0.0011988	
0.596535	0.00120103	
0.596841	0.00120327	
0.597147	0.0012055	
0.597452	0.00120774	
0.597758	0.00120997	
0.598063	0.00121258	
0.598369	0.00121482	
0.598674	0.00121742	
0.59898	0.00122003	
0.599286	0.00122264	
0.599591	0.00122562	
0.599897	0.00122823	
0.600202	0.00123121	
0.600508	0.00123456	
0.600813	0.00123791	
0.601119	0.00124127	
0.601424	0.00124499	
0.60173	0.00124872	
0.602036	0.00125282	
0.602341	0.00125691	
0.602647	0.00126138	
0.602952	0.00126623	
0.603258	0.00127144	
0.603563	0.00127703	
0.603869	0.00128336	
0.604175	0.00129007	
0.60448	0.00129715	
0.604786	0.00130534	
0.605091	0.00131428	
0.605397	0.00132434	
0.605702	0.00133552	
0.606008	0.00134818	
0.606314	0.00136308	
0.606619	0.00137985	
0.606925	0.00139959	
0.60723	0.00142306	
0.607536	0.00145137	
0.607841	0.00148565	
0.608147	0.00152774	
0.608452	0.00158064	
0.608758	0.00164881	
0.609064	0.00173785	
0.609369	0.00185817	
0.609675	0.0020247	
0.60998	0.0022646	
0.610286	0.00262223	
0.610591	0.00317618	
0.610897	0.00405088	
0.611203	0.00535883	
0.611508	0.00686906	
0.611814	0.00762343	
0.612119	0.00687242	
0.612425	0.00536554	
0.61273	0.00406131	
0.613036	0.00319034	
0.613342	0.00263974	
0.613647	0.00228547	
0.613953	0.00204928	
0.614258	0.00188574	
0.614564	0.00176914	
0.614869	0.00168346	
0.615175	0.00161901	
0.61548	0.00156946	
0.615786	0.00153072	
0.616092	0.0014998	
0.616397	0.00147521	
0.616703	0.00145547	
0.617008	0.00143908	
0.617314	0.00142567	
0.617619	0.00141449	
0.617925	0.00140518	
0.618231	0.00139736	
0.618536	0.00139065	
0.618842	0.00138544	
0.619147	0.00138097	
0.619453	0.00137687	
0.619758	0.00137389	
0.620064	0.00137128	
0.62037	0.00136904	
0.620675	0.00136755	
0.620981	0.00136606	
0.621286	0.00136495	
0.621592	0.0013642	
0.621897	0.00136383	
0.622203	0.00136346	
0.622509	0.00136346	
0.622814	0.00136346	
0.62312	0.00136383	
0.623425	0.0013642	
0.623731	0.00136457	
0.624036	0.00136532	
0.624342	0.00136606	
0.624647	0.00136681	
0.624953	0.00136793	
0.625259	0.00136904	
0.625564	0.00137016	
0.62587	0.00137128	
0.626175	0.0013724	
0.626481	0.00137389	
0.626786	0.001375	
0.627092	0.00137649	
0.627398	0.00137798	
0.627703	0.00137947	
0.628009	0.00138097	
0.628314	0.00138246	
0.62862	0.00138395	
0.628925	0.00138581	
0.629231	0.0013873	
0.629537	0.00138916	
0.629842	0.00139065	
0.630148	0.00139251	
0.630453	0.00139438	
0.630759	0.00139624	
0.631064	0.0013981	
0.63137	0.00139996	
0.631675	0.00140183	
0.631981	0.00140369	
0.632287	0.00140555	
0.632592	0.00140779	
0.632898	0.00140965	
0.633203	0.00141151	
0.633509	0.00141375	
0.633814	0.00141561	
0.63412	0.00141785	
0.634426	0.00142008	
0.634731	0.00142194	
0.635037	0.00142418	
0.635342	0.00142641	
0.635648	0.00142828	
0.635953	0.00143051	
0.636259	0.00143275	
0.636565	0.00143498	
0.63687	0.00143722	
0.637176	0.00143945	
0.637481	0.00144169	
0.637787	0.00144392	
0.638092	0.00144616	
0.638398	0.00144839	
0.638703	0.00145063	
0.639009	0.00145324	
0.639315	0.00145547	
0.63962	0.00145771	
0.639926	0.00146031	
0.640231	0.00146255	
0.640537	0.00146478	
0.640842	0.00146739	
0.641148	0.00146963	
0.641454	0.00147223	
0.641759	0.00147484	
0.642065	0.00147708	
0.64237	0.00147969	
0.642676	0.00148192	
0.642981	0.00148453	
0.643287	0.00148714	
0.643593	0.00148974	
0.643898	0.00149235	
0.644204	0.00149459	
0.644509	0.00149719	
0.644815	0.0014998	
0.64512	0.00150241	
0.645426	0.00150502	
0.645731	0.00150762	
0.646037	0.00151023	
0.646343	0.00151284	
0.646648	0.00151582	
0.646954	0.00151843	
0.647259	0.00152104	
0.647565	0.00152364	
0.64787	0.00152662	
0.648176	0.00152923	
0.648482	0.00153184	
0.648787	0.00153482	
0.649093	0.00153743	
0.649398	0.00154041	
0.649704	0.00154302	
0.650009	0.001546	
0.650315	0.0015486	
0.650621	0.00155158	
0.650926	0.00155456	
0.651232	0.00155717	
0.651537	0.00156015	
0.651843	0.00156313	
0.652148	0.00156611	
0.652454	0.00156872	
0.652759	0.0015717	
0.653065	0.00157468	
0.653371	0.00157766	
0.653676	0.00158064	
0.653982	0.00158362	
0.654287	0.0015866	
0.654593	0.00158958	
0.654898	0.00159293	
0.655204	0.00159591	
0.65551	0.00159889	
0.655815	0.00160187	
0.656121	0.00160523	
0.656426	0.00160821	
0.656732	0.00161119	
0.657037	0.00161454	
0.657343	0.00161752	
0.657649	0.00162087	
0.657954	0.00162423	
0.65826	0.00162721	
0.658565	0.00163056	
0.658871	0.00163391	
0.659176	0.00163689	
0.659482	0.00164025	
0.659787	0.0016436	
0.660093	0.00164695	
0.660399	0.0016503	
0.660704	0.00165366	
0.66101	0.00165701	
0.661315	0.00166036	
0.661621	0.00166371	
0.661926	0.00166707	
0.662232	0.00167042	
0.662538	0.00167377	
0.662843	0.0016775	
0.663149	0.00168085	
0.663454	0.0016842	
0.66376	0.00168793	
0.664065	0.00169128	
0.664371	0.00169501	
0.664677	0.00169836	
0.664982	0.00170209	
0.665288	0.00170581	
0.665593	0.00170916	
0.665899	0.00171289	
0.666204	0.00171661	
0.66651	0.00172034	
0.666816	0.00172406	
0.667121	0.00172779	
0.667427	0.00173151	
0.667732	0.00173524	
0.668038	0.00173897	
0.668343	0.00174269	
0.668649	0.00174642	
0.668954	0.00175051	
0.66926	0.00175424	
0.669566	0.00175796	
0.669871	0.00176206	
0.670177	0.00176579	
0.670482	0.00176989	
0.670788	0.00177361	
0.671093	0.00177771	
0.671399	0.00178181	
0.671705	0.00178553	
0.67201	0.00178963	
0.672316	0.00179373	
0.672621	0.00179783	
0.672927	0.00180192	
0.673232	0.00180602	
0.673538	0.00181012	
0.673844	0.00181422	
0.674149	0.00181869	
0.674455	0.00182278	
0.67476	0.00182688	
0.675066	0.00183135	
0.675371	0.00183545	
0.675677	0.00183992	
0.675982	0.00184402	
0.676288	0.00184849	
0.676594	0.00185296	
0.676899	0.00185743	
0.677205	0.00186153	
0.67751	0.001866	
0.677816	0.00187047	
0.678121	0.00187494	
0.678427	0.00187978	
0.678733	0.00188425	
0.679038	0.00188872	
0.679344	0.00189319	
0.679649	0.00189804	
0.679955	0.00190251	
0.68026	0.00190735	
0.680566	0.00191182	
0.680872	0.00191666	
0.681177	0.0019215	
0.681483	0.00192598	
0.681788	0.00193082	
0.682094	0.00193566	
0.682399	0.0019405	
0.682705	0.00194535	
0.68301	0.00195056	
0.683316	0.0019554	
0.683622	0.00196025	
0.683927	0.00196546	
0.684233	0.00197031	
0.684538	0.00197552	
0.684844	0.00198036	
0.685149	0.00198558	
0.685455	0.0019908	
0.685761	0.00199601	
0.686066	0.00200085	
0.686372	0.00200644	
0.686677	0.00201166	
0.686983	0.00201687	
0.687288	0.00202209	
0.687594	0.0020273	
0.6879	0.00203289	
0.688205	0.00203811	
0.688511	0.00204369	
0.688816	0.00204928	
0.689122	0.00205487	
0.689427	0.00206009	
0.689733	0.00206567	
0.690038	0.00207126	
0.690344	0.00207722	
0.69065	0.00208281	
0.690955	0.0020884	
0.691261	0.00209436	
0.691566	0.00209995	
0.691872	0.00210591	
0.692177	0.00211149	
0.692483	0.00211746	
0.692789	0.00212342	
0.693094	0.00212938	
0.6934	0.00213534	
0.693705	0.0021413	
0.694011	0.00214763	
0.694316	0.00215359	
0.694622	0.00215955	
0.694928	0.00216588	
0.695233	0.00217222	
0.695539	0.00217855	
0.695844	0.00218451	
0.69615	0.00219084	
0.696455	0.00219755	
0.696761	0.00220388	
0.697066	0.00221021	
0.697372	0.00221692	
0.697678	0.00222325	
0.697983	0.00222996	
0.698289	0.00223666	
0.698594	0.002243	
0.6989	0.0022497	
0.699205	0.00225678	
0.699511	0.00226349	
0.699817	0.00227019	
0.700122	0.00227727	
0.700428	0.00228398	
0.700733	0.00229105	
0.701039	0.00229813	
0.701344	0.00230521	
0.70165	0.00231229	
0.701956	0.00231937	
0.702261	0.00232644	
0.702567	0.00233389	
0.702872	0.00234097	
0.703178	0.00234842	
0.703483	0.00235587	
0.703789	0.00236332	
0.704095	0.00237077	
0.7044	0.00237823	
0.704706	0.00238605	
0.705011	0.0023935	
0.705317	0.00240132	
0.705622	0.00240915	
0.705928	0.00241697	
0.706233	0.00242479	
0.706539	0.00243261	
0.706845	0.00244044	
0.70715	0.00244863	
0.707456	0.00245683	
0.707761	0.00246465	
0.708067	0.00247285	
0.708372	0.00248142	
0.708678	0.00248961	
0.708984	0.00249781	
0.709289	0.00250638	
0.709595	0.00251494	
0.7099	0.00252351	
0.710206	0.00253208	
0.710511	0.00254065	
0.710817	0.00254922	
0.711123	0.00255816	
0.711428	0.0025671	
0.711734	0.00257567	
0.712039	0.00258498	
0.712345	0.00259392	
0.71265	0.00260286	
0.712956	0.00261217	
0.713261	0.00262149	
0.713567	0.0026308	
0.713873	0.00264011	
0.714178	0.00264943	
0.714484	0.00265911	
0.714789	0.00266843	
0.715095	0.00267811	
0.7154	0.0026878	
0.715706	0.00269748	
0.716012	0.00270754	
0.716317	0.0027176	
0.716623	0.00272729	
0.716928	0.00273772	
0.717234	0.00274777	
0.717539	0.00275783	
0.717845	0.00276826	
0.718151	0.00277869	
0.718456	0.00278912	
0.718762	0.00279956	
0.719067	0.00281036	
0.719373	0.00282116	
0.719678	0.00283159	
0.719984	0.00284277	
0.720289	0.00285357	
0.720595	0.00286475	
0.720901	0.00287592	
0.721206	0.0028871	
0.721512	0.00289828	
0.721817	0.00290982	
0.722123	0.002921	
0.722428	0.00293292	
0.722734	0.00294447	
0.72304	0.00295602	
0.723345	0.00296794	
0.723651	0.00297986	
0.723956	0.00299215	
0.724262	0.00300407	
0.724567	0.00301637	
0.724873	0.00302866	
0.725179	0.00304133	
0.725484	0.00305362	
0.72579	0.00306629	
0.726095	0.00307895	
0.726401	0.00309199	
0.726706	0.00310503	
0.727012	0.00311807	
0.727317	0.00313111	
0.727623	0.00314452	
0.727929	0.00315793	
0.728234	0.00317134	
0.72854	0.00318475	
0.728845	0.00319853	
0.729151	0.00321232	
0.729456	0.00322647	
0.729762	0.00324063	
0.730068	0.00325479	
0.730373	0.00326894	
0.730679	0.00328347	
0.730984	0.003298	
0.73129	0.00331253	
0.731595	0.00332743	
0.731901	0.00334233	
0.732207	0.0033576	
0.732512	0.00337288	
0.732818	0.00338815	
0.733123	0.00340343	
0.733429	0.00341907	
0.733734	0.00343472	
0.73404	0.00345074	
0.734345	0.00346676	
0.734651	0.00348315	
0.734957	0.00349917	
0.735262	0.00351593	
0.735568	0.00353232	
0.735873	0.00354908	
0.736179	0.00356622	
0.736484	0.00358298	
0.73679	0.00360049	
0.737096	0.00361763	
0.737401	0.00363514	
0.737707	0.00365302	
0.738012	0.0036709	
0.738318	0.00368878	
0.738623	0.00370704	
0.738929	0.00372529	
0.739235	0.00374392	
0.73954	0.00376254	
0.739846	0.00378154	
0.740151	0.00380054	
0.740457	0.00381991	
0.740762	0.00383928	
0.741068	0.00385903	
0.741373	0.00387877	
0.741679	0.00389889	
0.741985	0.00391901	
0.74229	0.00393949	
0.742596	0.00395998	
0.742901	0.00398085	
0.743207	0.00400171	
0.743512	0.00402294	
0.743818	0.00404455	
0.744124	0.00406615	
0.744429	0.00408776	
0.744735	0.00411011	
0.74504	0.00413209	
0.745346	0.00415482	
0.745651	0.00417754	
0.745957	0.00420026	
0.746263	0.00422373	
0.746568	0.0042472	
0.746874	0.00427067	
0.747179	0.00429451	
0.747485	0.00431873	
0.74779	0.00434332	
0.748096	0.0043679	
0.748402	0.00439286	
0.748707	0.00441782	
0.749013	0.00444353	
0.749318	0.00446923	
0.749624	0.00449494	
0.749929	0.00452138	
0.750235	0.00454783	
0.75054	0.00457466	
0.750846	0.00460185	
0.751152	0.00462905	
0.751457	0.00465699	
0.751763	0.00468493	
0.752068	0.00471324	
0.752374	0.00474155	
0.752679	0.00477061	
0.752985	0.00480004	
0.753291	0.00482947	
0.753596	0.00485927	
0.753902	0.00488944	
0.754207	0.00491999	
0.754513	0.00495091	
0.754818	0.0049822	
0.755124	0.00501387	
0.75543	0.00504591	
0.755735	0.00507794	
0.756041	0.00511073	
0.756346	0.00514388	
0.756652	0.00517741	
0.756957	0.00521094	
0.757263	0.00524521	
0.757568	0.00527985	
0.757874	0.00531487	
0.75818	0.00535026	
0.758485	0.0053864	
0.758791	0.00542253	
0.759096	0.00545904	
0.759402	0.00549629	
0.759707	0.00553392	
0.760013	0.00557192	
0.760319	0.00561029	
0.760624	0.0056494	
0.76093	0.00568889	
0.761235	0.00572875	
0.761541	0.00576898	
0.761846	0.00580996	
0.762152	0.00585131	
0.762458	0.00589341	
0.762763	0.00593588	
0.763069	0.00597872	
0.763374	0.0060223	
0.76368	0.00606626	
0.763985	0.00611097	
0.764291	0.00615604	
0.764596	0.00620186	
0.764902	0.00624806	
0.765208	0.006295	
0.765513	0.00634231	
0.765819	0.00639074	
0.766124	0.00643916	
0.76643	0.00648871	
0.766735	0.00653863	
0.767041	0.00658929	
0.767347	0.0066407	
0.767652	0.00669286	
0.767958	0.00674538	
0.768263	0.00679903	
0.768569	0.00685304	
0.768874	0.00690781	
0.76918	0.00696369	
0.769486	0.00701994	
0.769791	0.00707693	
0.770097	0.00713468	
0.770402	0.00719354	
0.770708	0.00725314	
0.771013	0.00731312	
0.771319	0.00737458	
0.771624	0.00743642	
0.77193	0.00749938	
0.772236	0.00756308	
0.772541	0.00762753	
0.772847	0.0076931	
0.773152	0.00775941	
0.773458	0.00782683	
0.773763	0.00789501	
0.774069	0.0079643	
0.774375	0.00803471	
0.77468	0.00810586	
0.774986	0.0081785	
0.775291	0.00825152	
0.775597	0.00832602	
0.775902	0.00840165	
0.776208	0.00847802	
0.776514	0.00855587	
0.776819	0.00863485	
0.777125	0.00871494	
0.77743	0.00879578	
0.777736	0.00887848	
0.778041	0.00896193	
0.778347	0.00904687	
0.778652	0.00913292	
0.778958	0.00922009	
0.779264	0.00930876	
0.779569	0.00939891	
0.779875	0.00949018	
0.78018	0.00958294	
0.780486	0.00967719	
0.780791	0.00977255	
0.781097	0.00986978	
0.781403	0.00996813	
0.781708	0.010068	
0.782014	0.0101693	
0.782319	0.0102725	
0.782625	0.0103772	
0.78293	0.0104833	
0.783236	0.010591	
0.783542	0.0107005	
0.783847	0.0108115	
0.784153	0.0109244	
0.784458	0.0110388	
0.784764	0.011155	
0.785069	0.0112731	
0.785375	0.0113927	
0.78568	0.0115145	
0.785986	0.0116382	
0.786292	0.0117633	
0.786597	0.0118908	
0.786903	0.01202	
0.787208	0.0121512	
0.787514	0.0122845	
0.787819	0.0124197	
0.788125	0.0125572	
0.788431	0.0126965	
0.788736	0.0128381	
0.789042	0.0129819	
0.789347	0.0131276	
0.789653	0.0132758	
0.789958	0.0134259	
0.790264	0.0135787	
0.79057	0.0137333	
0.790875	0.0138905	
0.791181	0.0140503	
0.791486	0.0142124	
0.791792	0.0143766	
0.792097	0.0145439	
0.792403	0.0147134	
0.792709	0.0148855	
0.793014	0.0150602	
0.79332	0.0152376	
0.793625	0.0154179	
0.793931	0.0156008	
0.794236	0.0157867	
0.794542	0.0159755	
0.794847	0.0161674	
0.795153	0.0163622	
0.795459	0.01656	
0.795764	0.0167616	
0.79607	0.0169661	
0.796375	0.017174	
0.796681	0.0173856	
0.796986	0.0176009	
0.797292	0.0178199	
0.797598	0.0180427	
0.797903	0.0182696	
0.798209	0.0185009	
0.798514	0.0187363	
0.79882	0.0189759	
0.799125	0.0192203	
0.799431	0.0194695	
0.799737	0.0197235	
0.800042	0.0199825	
0.800348	0.0202466	
0.800653	0.0205159	
0.800959	0.0207908	
0.801264	0.021071	
0.80157	0.0213563	
0.801875	0.0216473	
0.802181	0.0219442	
0.802487	0.0222459	
0.802792	0.0225537	
0.803098	0.0228662	
0.803403	0.0231843	
0.803709	0.023507	
0.804014	0.0238344	
0.80432	0.0241663	
0.804626	0.024502	
0.804931	0.0248414	
0.805237	0.0251833	
0.805542	0.0255283	
0.805848	0.0258747	
0.806153	0.0262227	
0.806459	0.0265714	
0.806765	0.0269193	
0.80707	0.0272669	
0.807376	0.0276122	
0.807681	0.0279553	
0.807987	0.0282947	
0.808292	0.02863	
0.808598	0.0289604	
0.808903	0.0292845	
0.809209	0.0296023	
0.809515	0.029913	
0.80982	0.0302151	
0.810126	0.030509	
0.810431	0.0307936	
0.810737	0.0310682	
0.811042	0.031333	
0.811348	0.0315875	
0.811654	0.0318311	
0.811959	0.0320639	
0.812265	0.0322863	
0.81257	0.0324979	
0.812876	0.0326991	
0.813181	0.0328898	
0.813487	0.0330713	
0.813793	0.033243	
0.814098	0.0334062	
0.814404	0.0335611	
0.814709	0.033709	
0.815015	0.0338502	
0.81532	0.0339862	
0.815626	0.0341173	
0.815931	0.0342447	
0.816237	0.0343695	
0.816543	0.0344925	
0.816848	0.0346154	
0.817154	0.0347387	
0.817459	0.0348635	
0.817765	0.0349913	
0.81807	0.0351228	
0.818376	0.0352591	
0.818682	0.0354014	
0.818987	0.0355508	
0.819293	0.035708	
0.819598	0.0358742	
0.819904	0.0360496	
0.820209	0.0362359	
0.820515	0.0364337	
0.820821	0.0366434	
0.821126	0.0368658	
0.821432	0.037102	
0.821737	0.037352	
0.822043	0.0376165	
0.822348	0.0378963	
0.822654	0.0381913	
0.822959	0.0385024	
0.823265	0.0388298	
0.823571	0.0391733	
0.823876	0.0395335	
0.824182	0.0399102	
0.824487	0.0403035	
0.824793	0.0407133	
0.825098	0.0411395	
0.825404	0.0415821	
0.82571	0.0420399	
0.826015	0.0425134	
0.826321	0.0430018	
0.826626	0.0435039	
0.826932	0.0440199	
0.827237	0.0445481	
0.827543	0.0450883	
0.827849	0.0456389	
0.828154	0.0461992	
0.82846	0.046768	
0.828765	0.0473436	
0.829071	0.0479251	
0.829376	0.0485115	
0.829682	0.0491004	
0.829988	0.0496916	
0.830293	0.0502829	
0.830599	0.0508729	
0.830904	0.0514612	
0.83121	0.0520453	
0.831515	0.0526246	
0.831821	0.0531975	
0.832126	0.0537638	
0.832432	0.0543214	
0.832738	0.0548705	
0.833043	0.05541	
0.833349	0.0559393	
0.833654	0.0564583	
0.83396	0.0569668	
0.834265	0.0574648	
0.834571	0.0579521	
0.834877	0.0584297	
0.835182	0.058898	
0.835488	0.0593577	
0.835793	0.0598095	
0.836099	0.0602547	
0.836404	0.0606947	
0.83671	0.0611305	
0.837016	0.0615638	
0.837321	0.0619959	
0.837627	0.062428	
0.837932	0.0628624	
0.838238	0.0632998	
0.838543	0.0637427	
0.838849	0.0641923	
0.839154	0.0646502	
0.83946	0.0651192	
0.839766	0.0656009	
0.840071	0.0660993	
0.840377	0.0666186	
0.840682	0.0671644	
0.840988	0.067744	
0.841293	0.0683684	
0.841599	0.0690501	
0.841905	0.0698049	
0.84221	0.0706524	
0.842516	0.0716135	
0.842821	0.0727091	
0.843127	0.0739582	
0.843432	0.0753738	
0.843738	0.0769589	
0.844044	0.0787016	
0.844349	0.0805728	
0.844655	0.0825237	
0.84496	0.0844873	
0.845266	0.0863805	
0.845571	0.0881113	
0.845877	0.0895862	
0.846182	0.0907194	
0.846488	0.0914413	
0.846794	0.0917066	
0.847099	0.0914998	
0.847405	0.090836	
0.84771	0.0897612	
0.848016	0.0883471	
0.848321	0.0866838	
0.848627	0.0848714	
0.848933	0.0830125	
0.849238	0.0812009	
0.849544	0.0795182	
0.849849	0.0780292	
0.850155	0.076779	
0.85046	0.0757974	
0.850766	0.0750996	
0.851072	0.0746906	
0.851377	0.074571	
0.851683	0.0747394	
0.851988	0.075195	
0.852294	0.0759412	
0.852599	0.0769839	
0.852905	0.078328	
0.85321	0.0799634	
0.853516	0.0818424	
0.853822	0.083847	
0.854127	0.08577	
0.854433	0.0873264	
0.854738	0.0882152	
0.855044	0.0882111	
0.855349	0.0872452	
0.855655	0.0854328	
0.855961	0.0830341	
0.856266	0.0803638	
0.856572	0.077704	
0.856877	0.0752535	
0.857183	0.0731215	
0.857488	0.0713527	
0.857794	0.0699572	
0.8581	0.0689317	
0.858405	0.0682704	
0.858711	0.0679698	
0.859016	0.0680283	
0.859322	0.0684474	
0.859627	0.0692338	
0.859933	0.0704009	
0.860238	0.0719696	
0.860544	0.0739649	
0.86085	0.0764024	
0.861155	0.0792563	
0.861461	0.0824139	
0.861766	0.0856318	
0.862072	0.0885349	
0.862377	0.0906754	
0.862683	0.09165	
0.862989	0.0912271	
0.863294	0.0894271	
0.8636	0.0865165	
0.863905	0.0829134	
0.864211	0.0790574	
0.864516	0.0753012	
0.864822	0.0718605	
0.865128	0.0688255	
0.865433	0.0662051	
0.865739	0.0639725	
0.866044	0.0620916	
0.86635	0.0605296	
0.866655	0.0592571	
0.866961	0.0582486	
0.867266	0.0574775	
0.867572	0.0569157	
0.867878	0.0565335	
0.868183	0.0562988	
0.868489	0.0561778	
0.868794	0.0561364	
0.8691	0.0561424	
0.869405	0.0561662	
0.869711	0.0561818	
0.870017	0.0561699	
0.870322	0.0561155	
0.870628	0.0560079	
0.870933	0.0558417	
0.871239	0.0556134	
0.871544	0.0553213	
0.87185	0.0549629	
0.872156	0.0545371	
0.872461	0.0540398	
0.872767	0.053468	
0.873072	0.052816	
0.873378	0.0520807	
0.873683	0.0512585	
0.873989	0.0503492	
0.874295	0.049356	
0.8746	0.0482868	
0.874906	0.047154	
0.875211	0.0459738	
0.875517	0.0447653	
0.875822	0.0435494	
0.876128	0.0423472	
0.876433	0.0411779	
0.876739	0.0400573	
0.877045	0.0389997	
0.87735	0.038014	
0.877656	0.0371065	
0.877961	0.036281	
0.878267	0.0355378	
0.878572	0.0348754	
0.878878	0.0342917	
0.879184	0.0337821	
0.879489	0.0333421	
0.879795	0.0329666	
0.8801	0.0326507	
0.880406	0.0323884	
0.880711	0.032175	
0.881017	0.0320043	
0.881323	0.0318717	
0.881628	0.0317719	
0.881934	0.0317004	
0.882239	0.0316519	
0.882545	0.0316229	
0.88285	0.0316091	
0.883156	0.0316065	
0.883461	0.0316113	
0.883767	0.0316206	
0.884073	0.0316314	
0.884378	0.0316415	
0.884684	0.0316478	
0.884989	0.0316486	
0.885295	0.0316422	
0.8856	0.0316266	
0.885906	0.0316013	
0.886212	0.0315644	
0.886517	0.0315152	
0.886823	0.0314534	
0.887128	0.0313774	
0.887434	0.0312876	
0.887739	0.0311825	
0.888045	0.0310626	
0.888351	0.0309266	
0.888656	0.030775	
0.888962	0.030607	
0.889267	0.0304222	
0.889573	0.0302207	
0.889878	0.030002	
0.890184	0.0297658	
0.890489	0.0295117	
0.890795	0.0292402	
0.891101	0.0289507	
0.891406	0.028643	
0.891712	0.0283178	
0.892017	0.0279751	
0.892323	0.0276148	
0.892628	0.0272378	
0.892934	0.0268448	
0.89324	0.0264365	
0.893545	0.0260141	
0.893851	0.0255782	
0.894156	0.0251308	
0.894462	0.0246733	
0.894767	0.0242069	
0.895073	0.0237335	
0.895379	0.0232548	
0.895684	0.0227731	
0.89599	0.0222892	
0.896295	0.021806	
0.896601	0.0213243	
0.896906	0.020846	
0.897212	0.0203729	
0.897517	0.0199061	
0.897823	0.0194468	
0.898129	0.018996	
0.898434	0.0185546	
0.89874	0.0181235	
0.899045	0.0177037	
0.899351	0.017295	
0.899656	0.0168979	
0.899962	0.0165131	
0.900268	0.0161402	
0.900573	0.0157796	
0.900879	0.0154313	
0.901184	0.0150949	
0.90149	0.0147704	
0.901795	0.0144575	
0.902101	0.0141557	
0.902407	0.0138652	
0.902712	0.0135854	
0.903018	0.0133161	
0.903323	0.0130568	
0.903629	0.0128072	
0.903934	0.0125669	
0.90424	0.0123356	
0.904545	0.0121132	
0.904851	0.0118986	
0.905157	0.0116922	
0.905462	0.0114936	
0.905768	0.0113022	
0.906073	0.0111178	
0.906379	0.0109397	
0.906684	0.0107683	
0.90699	0.0106029	
0.907296	0.0104435	
0.907601	0.0102893	
0.907907	0.0101406	
0.908212	0.00999719	
0.908518	0.00985824	
0.908823	0.00972413	
0.909129	0.00959449	
0.909435	0.00946894	
0.90974	0.00934787	
0.910046	0.00923015	
0.910351	0.00911653	
0.910657	0.00900626	
0.910962	0.00889972	
0.911268	0.00879616	
0.911573	0.00869595	
0.911879	0.00859872	
0.912185	0.00850409	
0.91249	0.00841245	
0.912796	0.00832342	
0.913101	0.00823699	
0.913407	0.0081528	
0.913712	0.00807121	
0.914018	0.00799187	
0.914324	0.00791475	
0.914629	0.00783987	
0.914935	0.00776649	
0.91524	0.0076957	
0.915546	0.00762641	
0.915851	0.00755899	
0.916157	0.00749342	
0.916463	0.00742935	
0.916768	0.00736676	
0.917074	0.00730604	
0.917379	0.00724681	
0.917685	0.00718907	
0.91799	0.00713281	
0.918296	0.00707768	
0.918602	0.00702403	
0.918907	0.00697188	
0.919213	0.00692047	
0.919518	0.00687055	
0.919824	0.00682212	
0.920129	0.00677444	
0.920435	0.00672787	
0.92074	0.00668243	
0.921046	0.00663809	
0.921352	0.00659488	
0.921657	0.00655241	
0.921963	0.00651106	
0.922268	0.00647046	
0.922574	0.0064306	
0.922879	0.00639185	
0.923185	0.00635423	
0.923491	0.00631697	
0.923796	0.00628084	
0.924102	0.00624545	
0.924407	0.0062108	
0.924713	0.0061769	
0.925018	0.00614375	
0.925324	0.00611134	
0.92563	0.0060793	
0.925935	0.00604838	
0.926241	0.00601783	
0.926546	0.00598803	
0.926852	0.00595897	
0.927157	0.00593066	
0.927463	0.00590272	
0.927768	0.00587516	
0.928074	0.00584871	
0.92838	0.00582226	
0.928685	0.00579692	
0.928991	0.00577159	
0.929296	0.00574738	
0.929602	0.00572316	
0.929907	0.00569969	
0.930213	0.0056766	
0.930519	0.00565425	
0.930824	0.00563227	
0.93113	0.00561066	
0.931435	0.0055898	
0.931741	0.00556931	
0.932046	0.00554919	
0.932352	0.00552945	
0.932658	0.00551008	
0.932963	0.00549145	
0.933269	0.00547282	
0.933574	0.00545494	
0.93388	0.00543743	
0.934185	0.0054203	
0.934491	0.00540353	
0.934796	0.00538714	
0.935102	0.00537112	
0.935408	0.00535548	
0.935713	0.0053402	
0.936019	0.00532568	
0.936324	0.00531115	
0.93663	0.00529699	
0.936935	0.00528321	
0.937241	0.0052698	
0.937547	0.00525676	
0.937852	0.00524409	
0.938158	0.0052318	
0.938463	0.0052195	
0.938769	0.00520796	
0.939074	0.00519678	
0.93938	0.0051856	
0.939686	0.0051748	
0.939991	0.00516437	
0.940297	0.00515431	
0.940602	0.00514463	
0.940908	0.00513531	
0.941213	0.005126	
0.941519	0.00511706	
0.941824	0.00510886	
0.94213	0.00510067	
0.942436	0.00509247	
0.942741	0.00508502	
0.943047	0.00507757	
0.943352	0.00507049	
0.943658	0.00506379	
0.943963	0.00505745	
0.944269	0.00505149	
0.944575	0.00504553	
0.94488	0.00503995	
0.945186	0.00503473	
0.945491	0.00502951	
0.945797	0.00502504	
0.946102	0.00502057	
0.946408	0.00501648	
0.946714	0.00501238	
0.947019	0.00500903	
0.947325	0.00500567	
0.94763	0.00500269	
0.947936	0.00500008	
0.948241	0.00499748	
0.948547	0.00499524	
0.948852	0.00499338	
0.949158	0.00499189	
0.949464	0.0049904	
0.949769	0.00498965	
0.950075	0.00498891	
0.95038	0.00498816	
0.950686	0.00498816	
0.950991	0.00498816	
0.951297	0.00498854	
0.951603	0.00498928	
0.951908	0.0049904	
0.952214	0.00499152	
0.952519	0.00499301	
0.952825	0.00499487	
0.95313	0.0049971	
0.953436	0.00499934	
0.953742	0.00500195	
0.954047	0.0050053	
0.954353	0.00500828	
0.954658	0.00501201	
0.954964	0.0050161	
0.955269	0.0050202	
0.955575	0.00502467	
0.95588	0.00502951	
0.956186	0.00503473	
0.956492	0.00504032	
0.956797	0.00504628	
0.957103	0.00505224	
0.957408	0.00505857	
0.957714	0.00506565	
0.958019	0.00507273	
0.958325	0.00508018	
0.958631	0.005088	
0.958936	0.0050962	
0.959242	0.00510477	
0.959547	0.00511333	
0.959853	0.00512265	
0.960158	0.00513233	
0.960464	0.00514239	
0.96077	0.00515245	
0.961075	0.00516325	
0.961381	0.00517443	
0.961686	0.00518598	
0.961992	0.0051979	
0.962297	0.00521019	
0.962603	0.00522323	
0.962909	0.00523627	
0.963214	0.00524968	
0.96352	0.00526384	
0.963825	0.00527836	
0.964131	0.00529326	
0.964436	0.00530891	
0.964742	0.00532493	
0.965047	0.00534132	
0.965353	0.00535809	
0.965659	0.00537559	
0.965964	0.00539348	
0.96627	0.0054121	
0.966575	0.0054311	
0.966881	0.00545084	
0.967186	0.00547133	
0.967492	0.00549182	
0.967798	0.00551343	
0.968103	0.00553578	
0.968409	0.00555851	
0.968714	0.00558197	
0.96902	0.00560582	
0.969325	0.00563078	
0.969631	0.00565648	
0.969937	0.00568293	
0.970242	0.00571012	
0.970548	0.00573844	
0.970853	0.00576712	
0.971159	0.0057973	
0.971464	0.00582784	
0.97177	0.00585988	
0.972075	0.00589266	
0.972381	0.00592656	
0.972687	0.00596158	
0.972992	0.00599809	
0.973298	0.00603572	
0.973603	0.00607446	
0.973909	0.00611506	
0.974214	0.00615679	
0.97452	0.00620037	
0.974826	0.00624545	
0.975131	0.00629276	
0.975437	0.00634156	
0.975742	0.00639297	
0.976048	0.00644661	
0.976353	0.00650249	
0.976659	0.00656173	
0.976965	0.00662357	
0.97727	0.00668876	
0.977576	0.00675805	
0.977881	0.00683144	
0.978187	0.00690967	
0.978492	0.00699311	
0.978798	0.00708289	
0.979103	0.00717975	
0.979409	0.00728481	
0.979715	0.00739992	
0.98002	0.00752658	
0.980326	0.00766702	
0.980631	0.00782423	
0.980937	0.00800267	
0.981242	0.00820681	
0.981548	0.00844412	
0.981854	0.00872388	
0.982159	0.00905916	
0.982465	0.00946745	
0.98277	0.00997446	
0.983076	0.0106148	
0.983381	0.0114333	
0.983687	0.012482	
0.983993	0.0137996	
0.984298	0.0153635	
0.984604	0.0170238	
0.984909	0.0185076	
0.985215	0.0195235	
0.98552	0.0198692	
0.985826	0.0194907	
0.986131	0.0184976	
0.986437	0.0171319	
0.986743	0.0156939	
0.987048	0.0144225	
0.987354	0.0134192	
0.987659	0.012679	
0.987965	0.0121549	
0.98827	0.0117972	
0.988576	0.0115648	
0.988882	0.011427	
0.989187	0.0113629	
0.989493	0.0113565	
0.989798	0.0113979	
0.990104	0.0114787	
0.990409	0.0115942	
0.990715	0.0117406	
0.991021	0.0119153	
0.991326	0.0121176	
0.991632	0.0123464	
0.991937	0.0126015	
0.992243	0.0128832	
0.992548	0.013192	
0.992854	0.0135295	
0.993159	0.0138968	
0.993465	0.0142951	
0.993771	0.0147264	
0.994076	0.0151925	
0.994382	0.015695	
0.994687	0.0162363	
0.994993	0.0168178	
0.995298	0.0174411	
0.995604	0.0181064	
0.99591	0.0188146	
0.996215	0.0195649	
0.996521	0.020355	
0.996826	0.021182	
0.997132	0.0220407	
0.997437	0.0229247	
0.997743	0.0238255	
0.998049	0.0247326	
0.998354	0.0256356	
0.99866	0.0265226	
0.998965	0.0273813	
0.999271	0.0282012	
0.999576	0.0289723	
0.999882	0.0296865	
1.00019	0.030338	
1.00049	0.0309233	
1.0008	0.0314403	
1.0011	0.0318885	
1.00141	0.0322685	
1.00172	0.032581	
1.00202	0.0328273	
1.00233	0.0330072	
1.00263	0.0331219	
1.00294	0.0331711	
1.00324	0.033154	
1.00355	0.0330705	
1.00385	0.0329208	
1.00416	0.0327054	
1.00447	0.0324268	
1.00477	0.0320893	
1.00508	0.0316989	
1.00538	0.0312641	
1.00569	0.0307951	
1.00599	0.0303037	
1.0063	0.0298023	
1.0066	0.0293039	
1.00691	0.0288207	
1.00722	0.0283636	
1.00752	0.0279423	
1.00783	0.0275657	
1.00813	0.0272393	
1.00844	0.0269692	
1.00874	0.0267595	
1.00905	0.0266124	
1.00935	0.0265315	
1.00966	0.0265189	
1.00997	0.0265766	
1.01027	0.0267081	
1.01058	0.0269171	
1.01088	0.0272084	
1.01119	0.0275895	
1.01149	0.0280686	
1.0118	0.0286575	
1.0121	0.0293724	
1.01241	0.0302326	
1.01272	0.0312638	
1.01302	0.0324983	
1.01333	0.033975	
1.01363	0.0357401	
1.01394	0.037843	
1.01424	0.0403307	
1.01455	0.0432342	
1.01485	0.0465449	
1.01516	0.0501871	
1.01547	0.0539944	
1.01577	0.0577129	
1.01608	0.0610594	
1.01638	0.0638228	
1.01669	0.0659645	
1.01699	0.0676379	
1.0173	0.0691012	
1.0176	0.0705756	
1.01791	0.0721257	
1.01822	0.0736296	
1.01852	0.0748508	
1.01883	0.0755772	
1.01913	0.0757504	
1.01944	0.0755087	
1.01974	0.0751298	
1.02005	0.0749178	
1.02035	0.0751194	
1.02066	0.0758886	
1.02097	0.0773001	
1.02127	0.0793759	
1.02158	0.082114	
1.02188	0.0855066	
1.02219	0.0895508	
1.02249	0.0942547	
1.0228	0.0996392	
1.0231	0.105738	
1.02341	0.112596	
1.02372	0.120271	
1.02402	0.128826	
1.02433	0.138333	
1.02463	0.148864	
1.02494	0.160487	
1.02524	0.17326	
1.02555	0.187217	
1.02586	0.202357	
1.02616	0.218628	
1.02647	0.235916	
1.02677	0.254026	
1.02708	0.27268	
1.02738	0.291519	
1.02769	0.310124	
1.02799	0.328046	
1.0283	0.344845	
1.02861	0.360128	
1.02891	0.373578	
1.02922	0.384963	
1.02952	0.394134	
1.02983	0.401006	
1.03013	0.405538	
1.03044	0.407713	
1.03074	0.407531	
1.03105	0.404998	
1.03136	0.400135	
1.03166	0.392986	
1.03197	0.383634	
1.03227	0.372224	
1.03258	0.358981	
1.03288	0.344215	
1.03319	0.328319	
1.03349	0.311736	
1.0338	0.294932	
1.03411	0.278347	
1.03441	0.262368	
1.03472	0.247306	
1.03502	0.233389	
1.03533	0.22077	
1.03563	0.209534	
1.03594	0.199718	
1.03624	0.191324	
1.03655	0.184334	
1.03686	0.178723	
1.03716	0.174464	
1.03747	0.171539	
1.03777	0.169941	
1.03808	0.169681	
1.03838	0.170784	
1.03869	0.173299	
1.03899	0.177294	
1.0393	0.182851	
1.03961	0.190069	
1.03991	0.199045	
1.04022	0.209862	
1.04052	0.222559	
1.04083	0.237099	
1.04113	0.253328	
1.04144	0.270939	
1.04174	0.289458	
1.04205	0.308245	
1.04236	0.326537	
1.04266	0.343523	
1.04297	0.358458	
1.04327	0.370807	
1.04358	0.380356	
1.04388	0.387233	
1.04419	0.391824	
1.04449	0.394604	
1.0448	0.395983	
1.04511	0.396203	
1.04541	0.395304	
1.04572	0.393141	
1.04602	0.389433	
1.04633	0.383829	
1.04663	0.375995	
1.04694	0.365706	
1.04724	0.352911	
1.04755	0.33776	
1.04786	0.320581	
1.04816	0.301846	
1.04847	0.28212	
1.04877	0.262013	
1.04908	0.242132	
1.04938	0.223016	
1.04969	0.205094	
1.04999	0.188663	
1.0503	0.173895	
1.05061	0.160872	
1.05091	0.149626	
1.05122	0.140184	
1.05152	0.132624	
1.05183	0.127118	
1.05213	0.123986	
1.05244	0.123629	
1.05274	0.126079	
1.05305	0.129813	
1.05336	0.130913	
1.05366	0.125616	
1.05397	0.115002	
1.05427	0.103415	
1.05458	0.0937577	
1.05488	0.0866495	
1.05519	0.0816967	
1.05549	0.0783801	
1.0558	0.0762906	
1.05611	0.0751112	
1.05641	0.0745486	
1.05672	0.0742767	
1.05702	0.0739153	
1.05733	0.0730783	
1.05763	0.0714708	
1.05794	0.0689905	
1.05824	0.0657547	
1.05855	0.0620339	
1.05886	0.0581361	
1.05916	0.0543121	
1.05947	0.0507176	
1.05977	0.0474241	
1.06008	0.0444494	
1.06038	0.0417814	
1.06069	0.0393953	
1.061	0.0372626	
1.0613	0.0353537	
1.06161	0.0336416	
1.06191	0.0321016	
1.06222	0.0307117	
1.06252	0.0294533	
1.06283	0.02831	
1.06313	0.0272676	
1.06344	0.0263155	
1.06375	0.0254426	
1.06405	0.0246417	
1.06436	0.0239052	
1.06466	0.0232276	
1.06497	0.0226047	
1.06527	0.0220321	
1.06558	0.0215083	
1.06588	0.0210308	
1.06619	0.0206001	
1.0665	0.0202164	
1.0668	0.0198826	
1.06711	0.019604	
1.06741	0.0193883	
1.06772	0.0192493	
1.06802	0.0192072	
1.06833	0.0192955	
1.06863	0.0195675	
1.06894	0.0201125	
1.06925	0.0210792	
1.06955	0.0227116	
1.06986	0.0253476	
1.07016	0.0291839	
1.07047	0.0335444	
1.07077	0.0366926	
1.07108	0.0373833	
1.07138	0.0353847	
1.07169	0.0311945	
1.072	0.0263821	
1.0723	0.022452	
1.07261	0.0197057	
1.07291	0.0178438	
1.07322	0.0165503	
1.07352	0.0156142	
1.07383	0.0149071	
1.07413	0.0143528	
1.07444	0.0139035	
1.07475	0.0135291	
1.07505	0.0132095	
1.07536	0.012932	
1.07566	0.0126868	
1.07597	0.0124674	
1.07627	0.0122689	
1.07658	0.0120878	
1.07688	0.0119213	
1.07719	0.0117671	
1.0775	0.0116237	
1.0778	0.0114899	
1.07811	0.0113644	
1.07841	0.0112463	
1.07872	0.0111353	
1.07902	0.0110302	
1.07933	0.0109311	
1.07963	0.0108372	
1.07994	0.0107482	
1.08025	0.010664	
1.08055	0.0105839	
1.08086	0.0105079	
1.08116	0.010436	
1.08147	0.0103675	
1.08177	0.0103027	
1.08208	0.0102412	
1.08238	0.0101831	
1.08269	0.0101279	
1.083	0.0100758	
1.0833	0.0100266	
1.08361	0.00998005	
1.08391	0.00993647	
1.08422	0.00989549	
1.08452	0.00985675	
1.08483	0.00982098	
1.08513	0.00978746	
1.08544	0.00975654	
1.08575	0.00972785	
1.08605	0.00970177	
1.08636	0.00967756	
1.08666	0.00965595	
1.08697	0.00963658	
1.08727	0.00961907	
1.08758	0.00960417	
1.08788	0.00959113	
1.08819	0.00958033	
1.0885	0.00957139	
1.0888	0.00956506	
1.08911	0.00956059	
1.08941	0.00955798	
1.08972	0.00955798	
1.09002	0.00955947	
1.09033	0.00956357	
1.09063	0.00956953	
1.09094	0.00957772	
1.09125	0.00958778	
1.09155	0.00960007	
1.09186	0.00961423	
1.09216	0.00963099	
1.09247	0.00964962	
1.09277	0.00967048	
1.09308	0.00969358	
1.09338	0.00971891	
1.09369	0.00974648	
1.094	0.00977628	
1.0943	0.00980869	
1.09461	0.00984333	
1.09491	0.00988021	
1.09522	0.0099197	
1.09552	0.0099618	
1.09583	0.0100065	
1.09614	0.0100538	
1.09644	0.0101041	
1.09675	0.010157	
1.09705	0.0102133	
1.09736	0.0102721	
1.09766	0.0103343	
1.09797	0.0103999	
1.09827	0.0104692	
1.09858	0.0105422	
1.09889	0.0106189	
1.09919	0.0106998	
1.0995	0.0107851	
1.0998	0.0108752	
1.10011	0.0109706	
1.10041	0.0110716	
1.10072	0.0111785	
1.10102	0.0112921	
1.10133	0.0114135	
1.10164	0.0115428	
1.10194	0.0116818	
1.10225	0.0118315	
1.10255	0.0119932	
1.10286	0.0121694	
1.10316	0.012362	
1.10347	0.0125743	
1.10377	0.0128105	
1.10408	0.013075	
1.10439	0.0133742	
1.10469	0.0137161	
1.105	0.014111	
1.1053	0.0145715	
1.10561	0.0151128	
1.10591	0.0157524	
1.10622	0.0165068	
1.10652	0.0173867	
1.10683	0.0183944	
1.10714	0.0195503	
1.10744	0.0210129	
1.10775	0.0231158	
1.10805	0.025617	
1.10836	0.0269253	
1.10866	0.0259034	
1.10897	0.0236887	
1.10927	0.0218723	
1.10958	0.0206959	
1.10989	0.0198264	
1.11019	0.0191052	
1.1105	0.0185113	
1.1108	0.0180431	
1.11111	0.0176892	
1.11141	0.0174332	
1.11172	0.0172582	
1.11202	0.0171479	
1.11233	0.0170894	
1.11264	0.0170734	
1.11294	0.0170905	
1.11325	0.0171352	
1.11355	0.0172015	
1.11386	0.0172861	
1.11416	0.0173848	
1.11447	0.0174955	
1.11477	0.0176154	
1.11508	0.0177428	
1.11539	0.0178754	
1.11569	0.0180125	
1.116	0.0181522	
1.1163	0.0182934	
1.11661	0.018435	
1.11691	0.0185758	
1.11722	0.0187147	
1.11752	0.0188515	
1.11783	0.0189841	
1.11814	0.019113	
1.11844	0.0192363	
1.11875	0.019354	
1.11905	0.019465	
1.11936	0.0195689	
1.11966	0.0196651	
1.11997	0.019753	
1.12027	0.0198323	
1.12058	0.0199024	
1.12089	0.0199631	
1.12119	0.0200141	
1.1215	0.0200555	
1.1218	0.0200868	
1.12211	0.020108	
1.12241	0.0201195	
1.12272	0.0201207	
1.12302	0.0201125	
1.12333	0.020095	
1.12364	0.0200681	
1.12394	0.0200324	
1.12425	0.0199888	
1.12455	0.019937	
1.12486	0.0198781	
1.12516	0.0198126	
1.12547	0.0197411	
1.12577	0.0196643	
1.12608	0.0195831	
1.12639	0.0194978	
1.12669	0.0194095	
1.127	0.0193194	
1.1273	0.0192273	
1.12761	0.019135	
1.12791	0.0190426	
1.12822	0.0189517	
1.12853	0.0188626	
1.12883	0.0187762	
1.12914	0.0186939	
1.12944	0.018616	
1.12975	0.0185438	
1.13005	0.0184778	
1.13036	0.0184197	
1.13066	0.0183694	
1.13097	0.0183292	
1.13128	0.018299	
1.13158	0.0182804	
1.13189	0.0182744	
1.13219	0.018283	
1.1325	0.0183064	
1.1328	0.0183471	
1.13311	0.0184063	
1.13341	0.0184856	
1.13372	0.0185877	
1.13403	0.018714	
1.13433	0.0188675	
1.13464	0.0190508	
1.13494	0.0192672	
1.13525	0.0195201	
1.13555	0.0198141	
1.13586	0.0201534	
1.13616	0.0205439	
1.13647	0.0209909	
1.13678	0.021502	
1.13708	0.022085	
1.13739	0.0227489	
1.13769	0.0235036	
1.138	0.0243612	
1.1383	0.0253338	
1.13861	0.0264358	
1.13891	0.0276826	
1.13922	0.0290893	
1.13953	0.0306726	
1.13983	0.0324469	
1.14014	0.0344239	
1.14044	0.0366118	
1.14075	0.039009	
1.14105	0.041604	
1.14136	0.0443712	
1.14166	0.0472669	
1.14197	0.0502296	
1.14228	0.0531822	
1.14258	0.0560381	
1.14289	0.0587087	
1.14319	0.0611152	
1.1435	0.0631984	
1.1438	0.0649225	
1.14411	0.0662759	
1.14441	0.0672657	
1.14472	0.0679083	
1.14503	0.0682227	
1.14533	0.0682205	
1.14564	0.0679024	
1.14594	0.067259	
1.14625	0.0662729	
1.14655	0.064927	
1.14686	0.0632115	
1.14716	0.061135	
1.14747	0.0587288	
1.14778	0.0560489	
1.14808	0.0531722	
1.14839	0.0501856	
1.14869	0.0471782	
1.149	0.0442304	
1.1493	0.0414066	
1.14961	0.0387549	
1.14991	0.0363048	
1.15022	0.0340723	
1.15053	0.0320602	
1.15083	0.030265	
1.15114	0.0286765	
1.15144	0.0272829	
1.15175	0.0260714	
1.15205	0.0250295	
1.15236	0.0241451	
1.15266	0.0234086	
1.15297	0.0228118	
1.15328	0.0223488	
1.15358	0.0220142	
1.15389	0.0218038	
1.15419	0.0217125	
1.1545	0.0217341	
1.1548	0.0218671	
1.15511	0.0221249	
1.15541	0.0225656	
1.15572	0.0232842	
1.15603	0.0242971	
1.15633	0.0253394	
1.15664	0.0259146	
1.15694	0.0257041	
1.15725	0.0248931	
1.15755	0.0239823	
1.15786	0.0233352	
1.15816	0.0230096	
1.15847	0.0229184	
1.15878	0.0229944	
1.15908	0.0232171	
1.15939	0.0235893	
1.15969	0.0241168	
1.16	0.0248019	
1.1603	0.0256382	
1.16061	0.0266124	
1.16091	0.027699	
1.16122	0.0288624	
1.16153	0.0300538	
1.16183	0.0312138	
1.16214	0.0322744	
1.16244	0.0331644	
1.16275	0.0338152	
1.16305	0.034168	
1.16336	0.0341844	
1.16367	0.0338525	
1.16397	0.0331879	
1.16428	0.0322323	
1.16458	0.0310443	
1.16489	0.0296906	
1.16519	0.0282392	
1.1655	0.0267521	
1.1658	0.0252817	
1.16611	0.0238691	
1.16642	0.0225425	
1.16672	0.0213183	
1.16703	0.0202037	
1.16733	0.0191987	
1.16764	0.0182983	
1.16794	0.0174955	
1.16825	0.0167809	
1.16855	0.0161462	
1.16886	0.0155829	
1.16917	0.0150826	
1.16947	0.0146389	
1.16978	0.0142444	
1.17008	0.0138946	
1.17039	0.0135839	
1.17069	0.0133082	
1.171	0.0130638	
1.1713	0.0128478	
1.17161	0.0126574	
1.17192	0.0124902	
1.17222	0.0123441	
1.17253	0.0122178	
1.17283	0.0121094	
1.17314	0.0120182	
1.17344	0.0119425	
1.17375	0.0118822	
1.17405	0.0118364	
1.17436	0.0118047	
1.17467	0.0117868	
1.17497	0.0117823	
1.17528	0.011792	
1.17558	0.0118151	
1.17589	0.0118528	
1.17619	0.0119053	
1.1765	0.0119735	
1.1768	0.012058	
1.17711	0.0121608	
1.17742	0.012283	
1.17772	0.0124268	
1.17803	0.0125948	
1.17833	0.0127897	
1.17864	0.0130154	
1.17894	0.0132769	
1.17925	0.0135798	
1.17955	0.0139311	
1.17986	0.0143398	
1.18017	0.0148173	
1.18047	0.0153784	
1.18078	0.0160404	
1.18108	0.0168271	
1.18139	0.0177689	
1.18169	0.018904	
1.182	0.0202809	
1.1823	0.0219613	
1.18261	0.0240169	
1.18292	0.0265252	
1.18322	0.0295494	
1.18353	0.0330996	
1.18383	0.0370741	
1.18414	0.0412103	
1.18444	0.0450913	
1.18475	0.0482328	
1.18505	0.0501871	
1.18536	0.0506509	
1.18567	0.0495553	
1.18597	0.0470925	
1.18628	0.0436492	
1.18658	0.0397034	
1.18689	0.0357207	
1.18719	0.032049	
1.1875	0.0288691	
1.1878	0.0262212	
1.18811	0.024062	
1.18842	0.022319	
1.18872	0.0209153	
1.18903	0.0197839	
1.18933	0.0188705	
1.18964	0.018131	
1.18994	0.0175316	
1.19025	0.0170454	
1.19055	0.0166524	
1.19086	0.0163361	
1.19117	0.0160839	
1.19147	0.0158858	
1.19178	0.0157341	
1.19208	0.015622	
1.19239	0.0155449	
1.19269	0.0154987	
1.193	0.0154801	
1.1933	0.0154868	
1.19361	0.015517	
1.19392	0.0155695	
1.19422	0.0156432	
1.19453	0.0157382	
1.19483	0.0158541	
1.19514	0.0159919	
1.19544	0.0161529	
1.19575	0.0163388	
1.19606	0.0165526	
1.19636	0.0167985	
1.19667	0.0170812	
1.19697	0.0174075	
1.19728	0.017786	
1.19758	0.0182264	
1.19789	0.0187401	
1.19819	0.0193384	
1.1985	0.0200294	
1.19881	0.0208128	
1.19911	0.0216726	
1.19942	0.0225712	
1.19972	0.0234488	
1.20003	0.024239	
1.20033	0.0248939	
1.20064	0.0254054	
1.20094	0.0258073	
1.20125	0.0261482	
1.20156	0.02646	
1.20186	0.0267372	
1.20217	0.0269402	
1.20247	0.0270218	
1.20278	0.0269599	
1.20308	0.0267766	
1.20339	0.0265285	
1.20369	0.0262834	
1.204	0.0260953	
1.20431	0.0259958	
1.20461	0.0259951	
1.20492	0.0260912	
1.20522	0.0262748	
1.20553	0.0265349	
1.20583	0.0268597	
1.20614	0.0272408	
1.20644	0.0276692	
1.20675	0.028139	
1.20706	0.0286449	
1.20736	0.0291824	
1.20767	0.0297487	
1.20797	0.0303403	
1.20828	0.0309549	
1.20858	0.0315901	
1.20889	0.0322435	
1.20919	0.0329133	
1.2095	0.0335973	
1.20981	0.0342928	
1.21011	0.034998	
1.21042	0.0357099	
1.21072	0.0364263	
1.21103	0.0371441	
1.21133	0.0378605	
1.21164	0.0385731	
1.21194	0.0392783	
1.21225	0.0399739	
1.21256	0.040656	
1.21286	0.0413228	
1.21317	0.0419714	
1.21347	0.0425994	
1.21378	0.0432055	
1.21408	0.0437878	
1.21439	0.0443459	
1.21469	0.0448793	
1.215	0.0453886	
1.21531	0.0458743	
1.21561	0.0463385	
1.21592	0.0467829	
1.21622	0.0472106	
1.21653	0.0476252	
1.21683	0.0480309	
1.21714	0.0484314	
1.21744	0.0488319	
1.21775	0.0492375	
1.21806	0.0496536	
1.21836	0.0500862	
1.21867	0.0505406	
1.21897	0.0510231	
1.21928	0.0515398	
1.21958	0.0520963	
1.21989	0.0526991	
1.22019	0.0533547	
1.2205	0.0540692	
1.22081	0.0548493	
1.22111	0.0557017	
1.22142	0.056633	
1.22172	0.0576507	
1.22203	0.0587624	
1.22233	0.0599761	
1.22264	0.0612997	
1.22294	0.0627432	
1.22325	0.0643156	
1.22356	0.0660282	
1.22386	0.0678919	
1.22417	0.0699196	
1.22447	0.0721246	
1.22478	0.0745222	
1.22508	0.0771292	
1.22539	0.079963	
1.22569	0.0830434	
1.226	0.0863932	
1.22631	0.0900347	
1.22661	0.093995	
1.22692	0.0983015	
1.22722	0.102985	
1.22753	0.108077	
1.22783	0.113614	
1.22814	0.119631	
1.22844	0.126167	
1.22875	0.133259	
1.22906	0.140946	
1.22936	0.149265	
1.22967	0.158244	
1.22997	0.167909	
1.23028	0.178264	
1.23058	0.189294	
1.23089	0.200948	
1.2312	0.213123	
1.2315	0.225647	
1.23181	0.238265	
1.23211	0.250627	
1.23242	0.262301	
1.23272	0.272787	
1.23303	0.28157	
1.23333	0.288176	
1.23364	0.292237	
1.23395	0.293547	
1.23425	0.292098	
1.23456	0.288079	
1.23486	0.281847	
1.23517	0.273875	
1.23547	0.264683	
1.23578	0.25478	
1.23608	0.244618	
1.23639	0.234562	
1.2367	0.224884	
1.237	0.215774	
1.23731	0.207347	
1.23761	0.199668	
1.23792	0.192763	
1.23822	0.186635	
1.23853	0.18127	
1.23883	0.176644	
1.23914	0.17273	
1.23945	0.169496	
1.23975	0.16691	
1.24006	0.164938	
1.24036	0.163546	
1.24067	0.162695	
1.24097	0.162344	
1.24128	0.162447	
1.24158	0.162946	
1.24189	0.163777	
1.2422	0.164861	
1.2425	0.166108	
1.24281	0.167418	
1.24311	0.16868	
1.24342	0.169782	
1.24372	0.170612	
1.24403	0.171068	
1.24433	0.171061	
1.24464	0.170526	
1.24495	0.169424	
1.24525	0.167743	
1.24556	0.1655	
1.24586	0.162741	
1.24617	0.159529	
1.24647	0.155948	
1.24678	0.152086	
1.24708	0.148037	
1.24739	0.143887	
1.2477	0.139717	
1.248	0.135591	
1.24831	0.131562	
1.24861	0.12767	
1.24892	0.12394	
1.24922	0.120388	
1.24953	0.11702	
1.24983	0.113839	
1.25014	0.110841	
1.25045	0.10802	
1.25075	0.105368	
1.25106	0.102878	
1.25136	0.100541	
1.25167	0.0983488	
1.25197	0.0962928	
1.25228	0.0943653	
1.25258	0.0925589	
1.25289	0.0908662	
1.2532	0.0892792	
1.2535	0.0877913	
1.25381	0.0863962	
1.25411	0.0850867	
1.25442	0.0838567	
1.25472	0.0827	
1.25503	0.0816107	
1.25533	0.0805829	
1.25564	0.0796113	
1.25595	0.0786904	
1.25625	0.0778157	
1.25656	0.0769816	
1.25686	0.076184	
1.25717	0.0754185	
1.25747	0.0746809	
1.25778	0.0739675	
1.25808	0.0732742	
1.25839	0.0725985	
1.2587	0.0719365	
1.259	0.0712853	
1.25931	0.0706423	
1.25961	0.0700053	
1.25992	0.069372	
1.26022	0.0687402	
1.26053	0.0681084	
1.26083	0.0674747	
1.26114	0.0668377	
1.26145	0.0661965	
1.26175	0.0655502	
1.26206	0.0648979	
1.26236	0.0642389	
1.26267	0.0635725	
1.26297	0.0628989	
1.26328	0.0622176	
1.26358	0.0615291	
1.26389	0.0608329	
1.2642	0.0601292	
1.2645	0.0594191	
1.26481	0.058702	
1.26511	0.0579793	
1.26542	0.057251	
1.26572	0.0565179	
1.26603	0.0557803	
1.26634	0.0550397	
1.26664	0.0542961	
1.26695	0.0535503	
1.26725	0.0528034	
1.26756	0.0520561	
1.26786	0.0513092	
1.26817	0.050563	
1.26847	0.0498187	
1.26878	0.0490766	
1.26909	0.0483379	
1.26939	0.0476032	
1.2697	0.0468727	
1.27	0.0461478	
1.27031	0.0454284	
1.27061	0.044715	
1.27092	0.0440087	
1.27122	0.0433099	
1.27153	0.0426184	
1.27184	0.0419356	
1.27214	0.0412609	
1.27245	0.0405956	
1.27275	0.0399392	
1.27306	0.0392921	
1.27336	0.0386551	
1.27367	0.0380281	
1.27397	0.0374112	
1.27428	0.0368048	
1.27459	0.0362091	
1.27489	0.0356235	
1.2752	0.035049	
1.2755	0.034485	
1.27581	0.0339318	
1.27611	0.0333898	
1.27642	0.0328582	
1.27672	0.0323378	
1.27703	0.0318281	
1.27734	0.0313289	
1.27764	0.0308409	
1.27795	0.0303634	
1.27825	0.0298962	
1.27856	0.0294399	
1.27886	0.0289939	
1.27917	0.0285584	
1.27947	0.028133	
1.27978	0.0277176	
1.28009	0.0273127	
1.28039	0.0269175	
1.2807	0.0265319	
1.281	0.0261564	
1.28131	0.0257902	
1.28161	0.0254337	
1.28192	0.0250865	
1.28222	0.024749	
1.28253	0.0244204	
1.28284	0.0241011	
1.28314	0.0237908	
1.28345	0.0234894	
1.28375	0.023197	
1.28406	0.0229135	
1.28436	0.0226386	
1.28467	0.0223726	
1.28497	0.0221152	
1.28528	0.0218667	
1.28559	0.0216268	
1.28589	0.0213955	
1.2862	0.0211731	
1.2865	0.0209596	
1.28681	0.0207547	
1.28711	0.0205588	
1.28742	0.0203717	
1.28772	0.0201944	
1.28803	0.020026	
1.28834	0.0198673	
1.28864	0.0197187	
1.28895	0.0195805	
1.28925	0.0194531	
1.28956	0.0193369	
1.28986	0.0192326	
1.29017	0.0191417	
1.29047	0.0190649	
1.29078	0.0190038	
1.29109	0.0189606	
1.29139	0.0189383	
1.2917	0.0189401	
1.292	0.0189718	
1.29231	0.0190411	
1.29261	0.0191577	
1.29292	0.0193369	
1.29322	0.0195995	
1.29353	0.0199731	
1.29384	0.0204936	
1.29414	0.0211973	
1.29445	0.0221048	
1.29475	0.0231851	
1.29506	0.0243116	
1.29536	0.0252765	
1.29567	0.025912	
1.29597	0.0262368	
1.29628	0.0264265	
1.29659	0.0266083	
1.29689	0.0267193	
1.2972	0.0265773	
1.2975	0.0260945	
1.29781	0.0253841	
1.29811	0.0246614	
1.29842	0.0240888	
1.29873	0.0237275	
1.29903	0.0235684	
1.29934	0.0235725	
1.29964	0.0236955	
1.29995	0.0238955	
1.30025	0.0241362	
1.30056	0.0243846	
1.30086	0.0246122	
1.30117	0.0247933	
1.30148	0.0249065	
1.30178	0.0249349	
1.30209	0.0248678	
1.30239	0.0247005	
1.3027	0.0244342	
1.303	0.0240754	
1.30331	0.023637	
1.30361	0.0231329	
1.30392	0.0225812	
1.30423	0.0219982	
1.30453	0.0214003	
1.30484	0.0208013	
1.30514	0.0202119	
1.30545	0.0196401	
1.30575	0.019091	
1.30606	0.0185672	
1.30636	0.0180703	
1.30667	0.0175994	
1.30698	0.0171542	
1.30728	0.0167329	
1.30759	0.0163343	
1.30789	0.0159569	
1.3082	0.0155997	
1.3085	0.0152618	
1.30881	0.0149418	
1.30911	0.0146396	
1.30942	0.0143539	
1.30973	0.0140846	
1.31003	0.0138309	
1.31034	0.0135925	
1.31064	0.0133689	
1.31095	0.0131603	
1.31125	0.0129659	
1.31156	0.0127859	
1.31186	0.0126205	
1.31217	0.0124693	
1.31248	0.0123329	
1.31278	0.0122115	
1.31309	0.0121057	
1.31339	0.0120163	
1.3137	0.011944	
1.314	0.0118911	
1.31431	0.0118583	
1.31461	0.0118487	
1.31492	0.0118643	
1.31523	0.0119094	
1.31553	0.0119869	
1.31584	0.0121027	
1.31614	0.0122614	
1.31645	0.0124689	
1.31675	0.0127304	
1.31706	0.0130489	
1.31736	0.0134233	
1.31767	0.0138462	
1.31798	0.0143003	
1.31828	0.01476	
1.31859	0.0151932	
1.31889	0.015565	
1.3192	0.0158448	
1.3195	0.0160068	
1.31981	0.016034	
1.32011	0.0159197	
1.32042	0.0156675	
1.32073	0.0152912	
1.32103	0.014814	
1.32134	0.0142653	
1.32164	0.0136781	
1.32195	0.0130866	
1.32225	0.0125188	
1.32256	0.0119936	
1.32286	0.0115212	
1.32317	0.0111043	
1.32348	0.0107408	
1.32378	0.0104249	
1.32409	0.0101518	
1.32439	0.00991486	
1.3247	0.0097096	
1.325	0.00953153	
1.32531	0.00937581	
1.32561	0.00924021	
1.32592	0.00912175	
1.32623	0.00901818	
1.32653	0.00892766	
1.32684	0.00884868	
1.32714	0.00878014	
1.32745	0.0087209	
1.32775	0.00867024	
1.32806	0.0086274	
1.32836	0.00859201	
1.32867	0.0085637	
1.32898	0.00854209	
1.32928	0.00852719	
1.32959	0.00851825	
1.32989	0.00851564	
1.3302	0.00851899	
1.3305	0.00852868	
1.33081	0.00854507	
1.33111	0.0085678	
1.33142	0.00859722	
1.33173	0.00863373	
1.33203	0.00867769	
1.33234	0.00872947	
1.33264	0.00878982	
1.33295	0.00885949	
1.33325	0.00893846	
1.33356	0.00902861	
1.33387	0.00912994	
1.33417	0.00924394	
1.33448	0.00937209	
1.33478	0.00951588	
1.33509	0.00967607	
1.33539	0.00985488	
1.3357	0.0100542	
1.336	0.0102751	
1.33631	0.0105198	
1.33662	0.0107896	
1.33692	0.011085	
1.33723	0.0114068	
1.33753	0.0117555	
1.33784	0.0121314	
1.33814	0.0125393	
1.33845	0.0129931	
1.33875	0.0135183	
1.33906	0.0141509	
1.33937	0.0149172	
1.33967	0.0157911	
1.33998	0.0166651	
1.34028	0.0173651	
1.34059	0.0177272	
1.34089	0.0176862	
1.3412	0.0173148	
1.3415	0.0167806	
1.34181	0.0162587	
1.34212	0.0158556	
1.34242	0.0155963	
1.34273	0.0154566	
1.34303	0.0154033	
1.34334	0.0154134	
1.34364	0.0154778	
1.34395	0.0155948	
1.34425	0.015768	
1.34456	0.0160012	
1.34487	0.0162989	
1.34517	0.0166655	
1.34548	0.0171058	
1.34578	0.0176255	
1.34609	0.0182312	
1.34639	0.0189304	
1.3467	0.0197329	
1.347	0.0206493	
1.34731	0.0216935	
1.34762	0.0228815	
1.34792	0.0242326	
1.34823	0.0257708	
1.34853	0.0275232	
1.34884	0.0295226	
1.34914	0.0318084	
1.34945	0.0344269	
1.34975	0.0374328	
1.35006	0.0408903	
1.35037	0.044873	
1.35067	0.0494663	
1.35098	0.0547651	
1.35128	0.0608761	
1.35159	0.0679176	
1.35189	0.0760231	
1.3522	0.085346	
1.3525	0.0960533	
1.35281	0.108253	
1.35312	0.121782	
1.35342	0.135838	
1.35373	0.148687	
1.35403	0.157893	
1.35434	0.161223	
1.35464	0.157771	
1.35495	0.148462	
1.35525	0.135535	
1.35556	0.121422	
1.35587	0.107849	
1.35617	0.0956085	
1.35648	0.0848599	
1.35678	0.0754923	
1.35709	0.0673395	
1.35739	0.0602473	
1.3577	0.0540826	
1.358	0.0487272	
1.35831	0.0440743	
1.35862	0.0400279	
1.35892	0.0365034	
1.35923	0.0334263	
1.35953	0.0307318	
1.35984	0.0283659	
1.36014	0.0262808	
1.36045	0.0244372	
1.36075	0.0228014	
1.36106	0.0213448	
1.36137	0.0200436	
1.36167	0.0188775	
1.36198	0.0178285	
1.36228	0.0168826	
1.36259	0.0160266	
1.36289	0.0152502	
1.3632	0.0145435	
1.3635	0.0138987	
1.36381	0.0133093	
1.36412	0.0127688	
1.36442	0.0122719	
1.36473	0.0118144	
1.36503	0.0113923	
1.36534	0.0110019	
1.36564	0.0106398	
1.36595	0.0103038	
1.36626	0.00999123	
1.36656	0.00970028	
1.36687	0.00942834	
1.36717	0.00917427	
1.36748	0.0089366	
1.36778	0.00871383	
1.36809	0.00850447	
1.36839	0.0083074	
1.3687	0.00812225	
1.36901	0.00794753	
1.36931	0.00778288	
1.36962	0.00762716	
1.36992	0.00748001	
1.37023	0.00734031	
1.37053	0.00720806	
1.37084	0.00708289	
1.37114	0.00696369	
1.37145	0.00685044	
1.37176	0.0067424	
1.37206	0.00663996	
1.37237	0.00654198	
1.37267	0.00644848	
1.37298	0.00635944	
1.37328	0.00627413	
1.37359	0.00619292	
1.37389	0.00611469	
1.3742	0.00604019	
1.37451	0.00596866	
1.37481	0.00590011	
1.37512	0.00583418	
1.37542	0.00577085	
1.37573	0.00571012	
1.37603	0.00565201	
1.37634	0.00559576	
1.37664	0.00554174	
1.37695	0.00548996	
1.37726	0.00543967	
1.37756	0.00539124	
1.37787	0.00534505	
1.37817	0.00529997	
1.37848	0.00525676	
1.37878	0.00521466	
1.37909	0.00517443	
1.37939	0.00513531	
1.3797	0.00509769	
1.38001	0.00506081	
1.38031	0.00502579	
1.38062	0.00499152	
1.38092	0.00495836	
1.38123	0.00492632	
1.38153	0.0048954	
1.38184	0.00486523	
1.38214	0.0048358	
1.38245	0.00480749	
1.38276	0.00478029	
1.38306	0.00475347	
1.38337	0.00472777	
1.38367	0.00470281	
1.38398	0.00467822	
1.38428	0.00465475	
1.38459	0.00463165	
1.38489	0.0046093	
1.3852	0.0045877	
1.38551	0.00456683	
1.38581	0.00454634	
1.38612	0.00452623	
1.38642	0.00450686	
1.38673	0.00448823	
1.38703	0.00446998	
1.38734	0.00445209	
1.38764	0.00443459	
1.38795	0.00441782	
1.38826	0.00440143	
1.38856	0.00438541	
1.38887	0.00436977	
1.38917	0.00435486	
1.38948	0.00433996	
1.38978	0.00432581	
1.39009	0.00431165	
1.39039	0.00429824	
1.3907	0.00428483	
1.39101	0.00427216	
1.39131	0.0042595	
1.39162	0.0042472	
1.39192	0.00423528	
1.39223	0.00422373	
1.39253	0.00421256	
1.39284	0.00420138	
1.39314	0.00419095	
1.39345	0.00418052	
1.39376	0.00417046	
1.39406	0.0041604	
1.39437	0.00415109	
1.39467	0.00414178	
1.39498	0.00413246	
1.39528	0.0041239	
1.39559	0.00411533	
1.39589	0.00410676	
1.3962	0.00409894	
1.39651	0.00409074	
1.39681	0.00408329	
1.39712	0.00407584	
1.39742	0.00406876	
1.39773	0.00406168	
1.39803	0.00405498	
1.39834	0.00404827	
1.39864	0.00404194	
1.39895	0.00403561	
1.39926	0.00402965	
1.39956	0.00402406	
1.39987	0.00401847	
1.40017	0.00401288	
1.40048	0.00400767	
1.40078	0.00400282	
1.40109	0.00399761	
1.4014	0.00399314	
1.4017	0.00398867	
1.40201	0.0039842	
1.40231	0.0039801	
1.40262	0.003976	
1.40292	0.0039719	
1.40323	0.00396818	
1.40353	0.00396483	
1.40384	0.00396147	
1.40415	0.00395812	
1.40445	0.00395514	
1.40476	0.00395216	
1.40506	0.00394918	
1.40537	0.00394657	
1.40567	0.00394434	
1.40598	0.0039421	
1.40628	0.00393987	
1.40659	0.00393763	
1.4069	0.00393577	
1.4072	0.00393428	
1.40751	0.00393242	
1.40781	0.00393093	
1.40812	0.00392981	
1.40842	0.00392832	
1.40873	0.00392757	
1.40903	0.00392646	
1.40934	0.00392571	
1.40965	0.00392497	
1.40995	0.00392459	
1.41026	0.00392422	
1.41056	0.00392385	
1.41087	0.00392385	
1.41117	0.00392385	
1.41148	0.00392385	
1.41178	0.00392422	
1.41209	0.00392459	
1.4124	0.00392534	
1.4127	0.00392571	
1.41301	0.00392683	
1.41331	0.00392757	
1.41362	0.00392869	
1.41392	0.00392981	
1.41423	0.0039313	
1.41453	0.00393279	
1.41484	0.00393428	
1.41515	0.00393614	
1.41545	0.003938	
1.41576	0.00393987	
1.41606	0.0039421	
1.41637	0.00394434	
1.41667	0.00394657	
1.41698	0.00394918	
1.41728	0.00395179	
1.41759	0.00395477	
1.4179	0.00395738	
1.4182	0.00396073	
1.41851	0.00396371	
1.41881	0.00396706	
1.41912	0.00397041	
1.41942	0.00397414	
1.41973	0.00397786	
1.42003	0.00398196	
1.42034	0.00398569	
1.42065	0.00399016	
1.42095	0.00399426	
1.42126	0.00399873	
1.42156	0.0040032	
1.42187	0.00400804	
1.42217	0.00401288	
1.42248	0.0040181	
1.42278	0.00402294	
1.42309	0.00402853	
1.4234	0.00403374	
1.4237	0.0040397	
1.42401	0.00404529	
1.42431	0.00405125	
1.42462	0.00405721	
1.42492	0.00406355	
1.42523	0.00406988	
1.42553	0.00407659	
1.42584	0.00408329	
1.42615	0.00409	
1.42645	0.00409707	
1.42676	0.00410452	
1.42706	0.00411198	
1.42737	0.00411943	
1.42767	0.00412725	
1.42798	0.00413507	
1.42828	0.00414327	
1.42859	0.00415146	
1.4289	0.00415966	
1.4292	0.0041686	
1.42951	0.00417717	
1.42981	0.00418611	
1.43012	0.00419542	
1.43042	0.00420474	
1.43073	0.00421442	
1.43103	0.00422411	
1.43134	0.00423416	
1.43165	0.00424422	
1.43195	0.00425465	
1.43226	0.00426546	
1.43256	0.00427626	
1.43287	0.00428744	
1.43317	0.00429861	
1.43348	0.00431016	
1.43378	0.00432171	
1.43409	0.00433363	
1.4344	0.00434592	
1.4347	0.00435822	
1.43501	0.00437088	
1.43531	0.00438392	
1.43562	0.00439696	
1.43592	0.00441037	
1.43623	0.00442415	
1.43654	0.00443831	
1.43684	0.00445247	
1.43715	0.004467	
1.43745	0.00448152	
1.43776	0.0044968	
1.43806	0.00451207	
1.43837	0.00452772	
1.43867	0.00454374	
1.43898	0.00455976	
1.43929	0.00457652	
1.43959	0.00459328	
1.4399	0.00461079	
1.4402	0.0046283	
1.44051	0.00464618	
1.44081	0.00466444	
1.44112	0.00468306	
1.44142	0.00470169	
1.44173	0.00472106	
1.44204	0.0047408	
1.44234	0.00476092	
1.44265	0.00478141	
1.44295	0.00480227	
1.44326	0.00482351	
1.44356	0.00484549	
1.44387	0.00486746	
1.44417	0.00489019	
1.44448	0.00491329	
1.44479	0.00493675	
1.44509	0.0049606	
1.4454	0.00498518	
1.4457	0.00501014	
1.44601	0.00503585	
1.44631	0.00506155	
1.44662	0.00508837	
1.44692	0.0051152	
1.44723	0.00514314	
1.44754	0.00517145	
1.44784	0.00520013	
1.44815	0.00522956	
1.44845	0.00525974	
1.44876	0.00529066	
1.44906	0.00532195	
1.44937	0.00535399	
1.44967	0.00538677	
1.44998	0.00542067	
1.45029	0.00545494	
1.45059	0.00548996	
1.4509	0.00552572	
1.4512	0.0055626	
1.45151	0.00560023	
1.45181	0.0056386	
1.45212	0.00567809	
1.45242	0.00571832	
1.45273	0.00575967	
1.45304	0.00580214	
1.45334	0.00584573	
1.45365	0.00589006	
1.45395	0.00593588	
1.45426	0.00598282	
1.45456	0.00603087	
1.45487	0.00608042	
1.45517	0.00613108	
1.45548	0.00618324	
1.45579	0.00623725	
1.45609	0.00629239	
1.4564	0.00634938	
1.4567	0.00640824	
1.45701	0.00646859	
1.45731	0.00653118	
1.45762	0.006596	
1.45792	0.00666305	
1.45823	0.00673234	
1.45854	0.00680424	
1.45884	0.00687912	
1.45915	0.00695698	
1.45945	0.00703782	
1.45976	0.00712276	
1.46006	0.00721179	
1.46037	0.00730529	
1.46067	0.00740401	
1.46098	0.00750832	
1.46129	0.00761971	
1.46159	0.00773855	
1.4619	0.0078667	
1.4622	0.00800528	
1.46251	0.00815727	
1.46281	0.00832528	
1.46312	0.00851266	
1.46342	0.008725	
1.46373	0.00896864	
1.46404	0.00925325	
1.46434	0.00959076	
1.46465	0.00999793	
1.46495	0.0104949	
1.46526	0.0111043	
1.46556	0.0118438	
1.46587	0.0127021	
1.46617	0.013601	
1.46648	0.0143595	
1.46679	0.0147417	
1.46709	0.0146315	
1.4674	0.0141457	
1.4677	0.0135202	
1.46801	0.0129364	
1.46831	0.0124738	
1.46862	0.0121422	
1.46893	0.0119265	
1.46923	0.0118036	
1.46954	0.0117533	
1.46984	0.0117604	
1.47015	0.0118125	
1.47045	0.0119008	
1.47076	0.0120196	
1.47106	0.0121638	
1.47137	0.0123307	
1.47168	0.0125173	
1.47198	0.0127226	
1.47229	0.0129454	
1.47259	0.0131845	
1.4729	0.0134397	
1.4732	0.0137109	
1.47351	0.0139982	
1.47381	0.0143014	
1.47412	0.014621	
1.47443	0.014957	
1.47473	0.0153102	
1.47504	0.0156809	
1.47534	0.0160698	
1.47565	0.0164773	
1.47595	0.0169042	
1.47626	0.0173513	
1.47656	0.0178192	
1.47687	0.0183087	
1.47718	0.0188205	
1.47748	0.0193559	
1.47779	0.0199158	
1.47809	0.0205014	
1.4784	0.0211142	
1.4787	0.0217557	
1.47901	0.0224281	
1.47931	0.0231329	
1.47962	0.0238724	
1.47993	0.0246491	
1.48023	0.025465	
1.48054	0.0263214	
1.48084	0.0272192	
1.48115	0.0281569	
1.48145	0.0291314	
1.48176	0.0301372	
1.48206	0.0311639	
1.48237	0.0321988	
1.48268	0.0332251	
1.48298	0.0342228	
1.48329	0.0351693	
1.48359	0.0360411	
1.4839	0.0368148	
1.4842	0.0374705	
1.48451	0.0379909	
1.48481	0.0383645	
1.48512	0.0385862	
1.48543	0.0386577	
1.48573	0.0385877	
1.48604	0.0383899	
1.48634	0.0380844	
1.48665	0.0376932	
1.48695	0.0372402	
1.48726	0.0367496	
1.48756	0.036243	
1.48787	0.0357401	
1.48818	0.0352569	
1.48848	0.034805	
1.48879	0.0343937	
1.48909	0.0340279	
1.4894	0.0337109	
1.4897	0.033443	
1.49001	0.033224	
1.49031	0.0330526	
1.49062	0.0329275	
1.49093	0.0328466	
1.49123	0.0328086	
1.49154	0.032812	
1.49184	0.0328559	
1.49215	0.032939	
1.49245	0.0330612	
1.49276	0.0332214	
1.49306	0.0334192	
1.49337	0.033655	
1.49368	0.0339281	
1.49398	0.0342384	
1.49429	0.0345863	
1.49459	0.0349715	
1.4949	0.0353947	
1.4952	0.0358563	
1.49551	0.0363559	
1.49581	0.0368942	
1.49612	0.037472	
1.49643	0.0380889	
1.49673	0.038746	
1.49704	0.0394434	
1.49734	0.0401802	
1.49765	0.040957	
1.49795	0.0417724	
1.49826	0.0426255	
1.49856	0.0435136	
1.49887	0.0444341	
1.49918	0.045383	
1.49948	0.0463549	
1.49979	0.0473443	
1.50009	0.0483435	
1.5004	0.0493433	
1.5007	0.050335	
1.50101	0.0513073	
1.50131	0.0522491	
1.50162	0.0531476	
1.50193	0.053991	
1.50223	0.0547674	
1.50254	0.055464	
1.50284	0.0560708	
1.50315	0.0565771	
1.50345	0.0569753	
1.50376	0.0572585	
1.50407	0.057422	
1.50437	0.0574645	
1.50468	0.0573851	
1.50498	0.0571866	
1.50529	0.0568736	
1.50559	0.056453	
1.5059	0.055933	
1.5062	0.0553239	
1.50651	0.054637	
1.50682	0.0538841	
1.50712	0.0530779	
1.50743	0.0522316	
1.50773	0.0513576	
1.50804	0.0504676	
1.50834	0.0495728	
1.50865	0.048684	
1.50895	0.04781	
1.50926	0.0469591	
1.50957	0.0461381	
1.50987	0.0453528	
1.51018	0.0446077	
1.51048	0.043907	
1.51079	0.0432532	
1.51109	0.042649	
1.5114	0.0420954	
1.5117	0.041594	
1.51201	0.0411458	
1.51232	0.0407506	
1.51262	0.0404093	
1.51293	0.0401217	
1.51323	0.0398878	
1.51354	0.0397075	
1.51384	0.0395808	
1.51415	0.0395086	
1.51445	0.0394922	
1.51476	0.0395343	
1.51507	0.0396404	
1.51537	0.03982	
1.51568	0.0400852	
1.51598	0.0404514	
1.51629	0.0409339	
1.51659	0.0415433	
1.5169	0.0422776	
1.5172	0.043115	
1.51751	0.0440113	
1.51782	0.0449017	
1.51812	0.0457123	
1.51843	0.0463739	
1.51873	0.0468384	
1.51904	0.047091	
1.51934	0.0471551	
1.51965	0.0470888	
1.51995	0.0469726	
1.52026	0.0468928	
1.52057	0.0469286	
1.52087	0.0471357	
1.52118	0.0475433	
1.52148	0.0481497	
1.52179	0.0489246	
1.52209	0.0498112	
1.5224	0.0507291	
1.5227	0.051583	
1.52301	0.0522703	
1.52332	0.0526935	
1.52362	0.052774	
1.52393	0.0524636	
1.52423	0.0517514	
1.52454	0.0506658	
1.52484	0.0492692	
1.52515	0.0476472	
1.52545	0.0458941	
1.52576	0.0441007	
1.52607	0.0423431	
1.52637	0.0406746	
1.52668	0.0391264	
1.52698	0.0377104	
1.52729	0.0364237	
1.52759	0.0352561	
1.5279	0.0341941	
1.5282	0.0332236	
1.52851	0.032334	
1.52882	0.0315167	
1.52912	0.0307646	
1.52943	0.0300743	
1.52973	0.0294421	
1.53004	0.0288662	
1.53034	0.0283446	
1.53065	0.0278771	
1.53095	0.0274617	
1.53126	0.0270978	
1.53157	0.0267841	
1.53187	0.0265196	
1.53218	0.0263035	
1.53248	0.0261348	
1.53279	0.0260126	
1.53309	0.0259355	
1.5334	0.0259034	
1.5337	0.025915	
1.53401	0.0259697	
1.53432	0.0260666	
1.53462	0.0262048	
1.53493	0.0263836	
1.53523	0.0266012	
1.53554	0.0268567	
1.53584	0.0271481	
1.53615	0.0274725	
1.53646	0.0278268	
1.53676	0.0282068	
1.53707	0.0286069	
1.53737	0.0290204	
1.53768	0.0294399	
1.53798	0.0298552	
1.53829	0.0302568	
1.53859	0.0306327	
1.5389	0.0309709	
1.53921	0.03126	
1.53951	0.031488	
1.53982	0.0316449	
1.54012	0.0317208	
1.54043	0.0317097	
1.54073	0.0316065	
1.54104	0.0314105	
1.54134	0.0311226	
1.54165	0.0307463	
1.54196	0.0302888	
1.54226	0.0297584	
1.54257	0.0291653	
1.54287	0.0285201	
1.54318	0.0278346	
1.54348	0.0271197	
1.54379	0.0263866	
1.54409	0.0256445	
1.5444	0.0249017	
1.54471	0.0241656	
1.54501	0.0234418	
1.54532	0.0227347	
1.54562	0.0220478	
1.54593	0.0213835	
1.54623	0.0207432	
1.54654	0.0201274	
1.54684	0.0195369	
1.54715	0.0189718	
1.54746	0.0184316	
1.54776	0.017916	
1.54807	0.0174247	
1.54837	0.0169568	
1.54868	0.016512	
1.54898	0.0160899	
1.54929	0.0156902	
1.54959	0.0153117	
1.5499	0.0149548	
1.55021	0.0146188	
1.55051	0.014304	
1.55082	0.0140097	
1.55112	0.0137366	
1.55143	0.0134848	
1.55173	0.013255	
1.55204	0.0130475	
1.55234	0.0128645	
1.55265	0.0127066	
1.55296	0.0125766	
1.55326	0.0124767	
1.55357	0.0124101	
1.55387	0.0123806	
1.55418	0.0123926	
1.55448	0.0124499	
1.55479	0.0125568	
1.55509	0.0127144	
1.5554	0.0129223	
1.55571	0.0131831	
1.55601	0.0135157	
1.55632	0.0139873	
1.55662	0.014697	
1.55693	0.0156205	
1.55723	0.0164084	
1.55754	0.0165451	
1.55784	0.0158515	
1.55815	0.0146836	
1.55846	0.0135463	
1.55876	0.0126604	
1.55907	0.0119764	
1.55937	0.0113979	
1.55968	0.0108771	
1.55998	0.0104036	
1.56029	0.00997707	
1.56059	0.00959598	
1.5609	0.00925772	
1.56121	0.00895783	
1.56151	0.00869147	
1.56182	0.00845343	
1.56212	0.00823997	
1.56243	0.00804774	
1.56273	0.00787303	
1.56304	0.00771359	
1.56334	0.00756718	
1.56365	0.00743233	
1.56396	0.00730716	
1.56426	0.00719093	
1.56457	0.00708215	
1.56487	0.00698008	
1.56518	0.00688396	
1.56548	0.00679307	
1.56579	0.00670739	
1.56609	0.0066258	
1.5664	0.00654832	
1.56671	0.00647418	
1.56701	0.0064034	
1.56732	0.00633597	
1.56762	0.00627115	
1.56793	0.00620894	
1.56823	0.00614896	
1.56854	0.00609159	
1.56884	0.00603609	
1.56915	0.00598244	
1.56946	0.00593066	
1.56976	0.00588074	
1.57007	0.00583269	
1.57037	0.00578575	
1.57068	0.00574067	
1.57098	0.00569671	
1.57129	0.00565425	
1.5716	0.00561289	
1.5719	0.00557266	
1.57221	0.00553355	
1.57251	0.00549592	
1.57282	0.00545904	
1.57312	0.00542291	
1.57343	0.00538826	
1.57373	0.00535436	
1.57404	0.0053212	
1.57435	0.00528879	
1.57465	0.0052575	
1.57496	0.00522658	
1.57526	0.00519678	
1.57557	0.00516735	
1.57587	0.00513904	
1.57618	0.0051111	
1.57648	0.0050839	
1.57679	0.00505745	
1.5771	0.00503138	
1.5774	0.00500605	
1.57771	0.00498146	
1.57801	0.00495724	
1.57832	0.0049334	
1.57862	0.00491031	
1.57893	0.00488758	
1.57923	0.0048656	
1.57954	0.00484362	
1.57985	0.00482239	
1.58015	0.0048019	
1.58046	0.00478141	
1.58076	0.00476129	
1.58107	0.00474192	
1.58137	0.00472292	
1.58168	0.00470392	
1.58198	0.00468567	
1.58229	0.00466779	
1.5826	0.00464991	
1.5829	0.00463277	
1.58321	0.00461563	
1.58351	0.00459924	
1.58382	0.00458285	
1.58412	0.00456683	
1.58443	0.00455119	
1.58473	0.00453591	
1.58504	0.00452101	
1.58535	0.00450611	
1.58565	0.00449158	
1.58596	0.00447743	
1.58626	0.00446327	
1.58657	0.00444986	
1.58687	0.00443645	
1.58718	0.00442304	
1.58748	0.00441037	
1.58779	0.00439733	
1.5881	0.00438504	
1.5884	0.00437275	
1.58871	0.00436082	
1.58901	0.0043489	
1.58932	0.00433736	
1.58962	0.00432618	
1.58993	0.004315	
1.59023	0.00430383	
1.59054	0.0042934	
1.59085	0.00428259	
1.59115	0.00427216	
1.59146	0.0042621	
1.59176	0.00425205	
1.59207	0.00424236	
1.59237	0.00423267	
1.59268	0.00422336	
1.59298	0.00421405	
1.59329	0.00420474	
1.5936	0.00419579	
1.5939	0.00418685	
1.59421	0.00417829	
1.59451	0.00416972	
1.59482	0.00416152	
1.59512	0.00415333	
1.59543	0.00414513	
1.59573	0.00413731	
1.59604	0.00412948	
1.59635	0.00412203	
1.59665	0.00411458	
1.59696	0.00410713	
1.59726	0.00410005	
1.59757	0.00409298	
1.59787	0.0040859	
1.59818	0.00407919	
1.59848	0.00407249	
1.59879	0.00406578	
1.5991	0.00405945	
1.5994	0.00405312	
1.59971	0.00404678	
1.60001	0.00404045	
1.60032	0.00403449	
1.60062	0.00402853	
1.60093	0.00402294	
1.60123	0.00401735	
1.60154	0.00401177	
1.60185	0.00400618	
1.60215	0.00400096	
1.60246	0.00399575	
1.60276	0.00399053	
1.60307	0.00398532	
1.60337	0.00398047	
1.60368	0.00397563	
1.60398	0.00397079	
1.60429	0.00396594	
1.6046	0.00396147	
1.6049	0.003957	
1.60521	0.00395253	
1.60551	0.00394806	
1.60582	0.00394396	
1.60612	0.00393987	
1.60643	0.00393577	
1.60674	0.00393167	
1.60704	0.00392795	
1.60735	0.00392385	
1.60765	0.00392012	
1.60796	0.0039164	
1.60826	0.00391304	
1.60857	0.00390932	
1.60887	0.00390597	
1.60918	0.00390261	
1.60949	0.00389926	
1.60979	0.00389628	
1.6101	0.00389293	
1.6104	0.00388995	
1.61071	0.00388697	
1.61101	0.00388399	
1.61132	0.00388101	
1.61162	0.0038784	
1.61193	0.00387542	
1.61224	0.00387281	
1.61254	0.0038702	
1.61285	0.00386797	
1.61315	0.00386536	
1.61346	0.00386275	
1.61376	0.00386052	
1.61407	0.00385828	
1.61437	0.00385605	
1.61468	0.00385381	
1.61499	0.00385195	
1.61529	0.00384971	
1.6156	0.00384785	
1.6159	0.00384599	
1.61621	0.00384413	
1.61651	0.00384226	
1.61682	0.0038404	
1.61712	0.00383891	
1.61743	0.00383705	
1.61774	0.00383556	
1.61804	0.00383407	
1.61835	0.00383258	
1.61865	0.00383109	
1.61896	0.00382997	
1.61926	0.00382848	
1.61957	0.00382736	
1.61987	0.00382587	
1.62018	0.00382476	
1.62049	0.00382364	
1.62079	0.00382252	
1.6211	0.00382178	
1.6214	0.00382066	
1.62171	0.00381991	
1.62201	0.0038188	
1.62232	0.00381805	
1.62262	0.0038173	
1.62293	0.00381656	
1.62324	0.00381581	
1.62354	0.00381544	
1.62385	0.0038147	
1.62415	0.00381432	
1.62446	0.00381358	
1.62476	0.00381321	
1.62507	0.00381283	
1.62537	0.00381246	
1.62568	0.00381209	
1.62599	0.00381209	
1.62629	0.00381172	
1.6266	0.00381172	
1.6269	0.00381134	
1.62721	0.00381134	
1.62751	0.00381134	
1.62782	0.00381134	
1.62812	0.00381134	
1.62843	0.00381134	
1.62874	0.00381134	
1.62904	0.00381172	
1.62935	0.00381172	
1.62965	0.00381209	
1.62996	0.00381246	
1.63026	0.00381246	
1.63057	0.00381283	
1.63087	0.00381321	
1.63118	0.00381395	
1.63149	0.00381432	
1.63179	0.0038147	
1.6321	0.00381544	
1.6324	0.00381581	
1.63271	0.00381656	
1.63301	0.0038173	
1.63332	0.00381805	
1.63362	0.0038188	
1.63393	0.00381954	
1.63424	0.00382029	
1.63454	0.00382103	
1.63485	0.00382178	
1.63515	0.00382289	
1.63546	0.00382364	
1.63576	0.00382476	
1.63607	0.00382587	
1.63637	0.00382699	
1.63668	0.00382811	
1.63699	0.00382923	
1.63729	0.00383034	
1.6376	0.00383146	
1.6379	0.00383258	
1.63821	0.00383407	
1.63851	0.00383519	
1.63882	0.00383668	
1.63913	0.00383817	
1.63943	0.00383928	
1.63974	0.00384077	
1.64004	0.00384226	
1.64035	0.00384375	
1.64065	0.00384562	
1.64096	0.00384711	
1.64126	0.0038486	
1.64157	0.00385046	
1.64188	0.00385195	
1.64218	0.00385381	
1.64249	0.0038553	
1.64279	0.00385717	
1.6431	0.00385903	
1.6434	0.00386089	
1.64371	0.00386275	
1.64401	0.00386462	
1.64432	0.00386648	
1.64463	0.00386871	
1.64493	0.00387058	
1.64524	0.00387281	
1.64554	0.00387467	
1.64585	0.00387691	
1.64615	0.00387914	
1.64646	0.00388101	
1.64676	0.00388324	
1.64707	0.00388548	
1.64738	0.00388771	
1.64768	0.00389032	
1.64799	0.00389256	
1.64829	0.00389479	
1.6486	0.0038974	
1.6489	0.00389963	
1.64921	0.00390224	
1.64951	0.00390485	
1.64982	0.00390708	
1.65013	0.00390969	
1.65043	0.0039123	
1.65074	0.00391491	
1.65104	0.00391752	
1.65135	0.0039205	
1.65165	0.0039231	
1.65196	0.00392571	
1.65226	0.00392869	
1.65257	0.0039313	
1.65288	0.00393428	
1.65318	0.00393726	
1.65349	0.00393987	
1.65379	0.00394285	
1.6541	0.00394583	
1.6544	0.00394881	
1.65471	0.00395179	
1.65501	0.00395514	
1.65532	0.00395812	
1.65563	0.0039611	
1.65593	0.00396445	
1.65624	0.00396743	
1.65654	0.00397079	
1.65685	0.00397414	
1.65715	0.00397749	
1.65746	0.00398085	
1.65776	0.0039842	
1.65807	0.00398755	
1.65838	0.0039909	
1.65868	0.00399426	
1.65899	0.00399761	
1.65929	0.00400133	
1.6596	0.00400469	
1.6599	0.00400841	
1.66021	0.00401214	
1.66051	0.00401549	
1.66082	0.00401922	
1.66113	0.00402294	
1.66143	0.00402667	
1.66174	0.00403039	
1.66204	0.00403449	
1.66235	0.00403821	
1.66265	0.00404194	
1.66296	0.00404604	
1.66326	0.00404976	
1.66357	0.00405386	
1.66388	0.00405796	
1.66418	0.00406168	
1.66449	0.00406578	
1.66479	0.00406988	
1.6651	0.00407398	
1.6654	0.00407808	
1.66571	0.00408255	
1.66601	0.00408664	
1.66632	0.00409111	
1.66663	0.00409521	
1.66693	0.00409968	
1.66724	0.00410378	
1.66754	0.00410825	
1.66785	0.00411272	
1.66815	0.00411719	
1.66846	0.00412166	
1.66876	0.00412613	
1.66907	0.0041306	
1.66938	0.00413544	
1.66968	0.00413992	
1.66999	0.00414476	
1.67029	0.00414923	
1.6706	0.00415407	
1.6709	0.00415891	
1.67121	0.00416376	
1.67151	0.0041686	
1.67182	0.00417344	
1.67213	0.00417829	
1.67243	0.00418313	
1.67274	0.00418834	
1.67304	0.00419319	
1.67335	0.0041984	
1.67365	0.00420325	
1.67396	0.00420846	
1.67427	0.00421368	
1.67457	0.00421889	
1.67488	0.00422411	
1.67518	0.00422932	
1.67549	0.00423454	
1.67579	0.00424013	
1.6761	0.00424534	
1.6764	0.00425093	
1.67671	0.00425614	
1.67702	0.00426173	
1.67732	0.00426732	
1.67763	0.00427291	
1.67793	0.0042785	
1.67824	0.00428408	
1.67854	0.00428967	
1.67885	0.00429563	
1.67915	0.00430122	
1.67946	0.00430718	
1.67977	0.00431277	
1.68007	0.00431873	
1.68038	0.00432469	
1.68068	0.00433065	
1.68099	0.00433661	
1.68129	0.00434257	
1.6816	0.00434853	
1.6819	0.00435486	
1.68221	0.00436082	
1.68252	0.00436716	
1.68282	0.00437349	
1.68313	0.00437945	
1.68343	0.00438578	
1.68374	0.00439212	
1.68404	0.00439882	
1.68435	0.00440516	
1.68465	0.00441149	
1.68496	0.00441819	
1.68527	0.00442453	
1.68557	0.00443123	
1.68588	0.00443794	
1.68618	0.00444464	
1.68649	0.00445135	
1.68679	0.00445805	
1.6871	0.00446513	
1.6874	0.00447184	
1.68771	0.00447892	
1.68802	0.00448562	
1.68832	0.0044927	
1.68863	0.00449978	
1.68893	0.00450686	
1.68924	0.00451393	
1.68954	0.00452101	
1.68985	0.00452846	
1.69015	0.00453554	
1.69046	0.00454299	
1.69077	0.00455044	
1.69107	0.00455789	
1.69138	0.00456534	
1.69168	0.00457279	
1.69199	0.00458024	
1.69229	0.00458807	
1.6926	0.00459552	
1.6929	0.00460334	
1.69321	0.00461116	
1.69352	0.00461899	
1.69382	0.00462681	
1.69413	0.00463463	
1.69443	0.00464246	
1.69474	0.00465065	
1.69504	0.00465885	
1.69535	0.00466667	
1.69565	0.00467487	
1.69596	0.00468306	
1.69627	0.00469126	
1.69657	0.00469983	
1.69688	0.00470802	
1.69718	0.00471659	
1.69749	0.00472516	
1.69779	0.00473373	
1.6981	0.00474229	
1.6984	0.00475086	
1.69871	0.00475943	
1.69902	0.00476837	
1.69932	0.00477694	
1.69963	0.00478588	
1.69993	0.00479482	
1.70024	0.00480376	
1.70054	0.0048127	
1.70085	0.00482202	
1.70115	0.00483096	
1.70146	0.00484027	
1.70177	0.00484958	
1.70207	0.0048589	
1.70238	0.00486821	
1.70268	0.0048779	
1.70299	0.00488721	
1.70329	0.00489689	
1.7036	0.00490658	
1.7039	0.00491627	
1.70421	0.00492595	
1.70452	0.00493564	
1.70482	0.0049457	
1.70513	0.00495538	
1.70543	0.00496544	
1.70574	0.0049755	
1.70604	0.00498556	
1.70635	0.00499599	
1.70666	0.00500605	
1.70696	0.00501648	
1.70727	0.00502691	
1.70757	0.00503734	
1.70788	0.00504814	
1.70818	0.00505857	
1.70849	0.00506938	
1.70879	0.00508018	
1.7091	0.00509098	
1.70941	0.00510179	
1.70971	0.00511259	
1.71002	0.00512376	
1.71032	0.00513494	
1.71063	0.00514612	
1.71093	0.00515729	
1.71124	0.00516847	
1.71154	0.00518002	
1.71185	0.00519156	
1.71216	0.00520274	
1.71246	0.00521429	
1.71277	0.00522621	
1.71307	0.00523776	
1.71338	0.00524968	
1.71368	0.0052616	
1.71399	0.00527389	
1.71429	0.00528581	
1.7146	0.00529811	
1.71491	0.0053104	
1.71521	0.00532269	
1.71552	0.00533499	
1.71582	0.00534765	
1.71613	0.00535995	
1.71643	0.00537261	
1.71674	0.00538565	
1.71704	0.00539832	
1.71735	0.00541136	
1.71766	0.0054244	
1.71796	0.00543743	
1.71827	0.00545047	
1.71857	0.00546388	
1.71888	0.00547729	
1.71918	0.00549071	
1.71949	0.00550412	
1.71979	0.0055179	
1.7201	0.00553168	
1.72041	0.00554547	
1.72071	0.00555925	
1.72102	0.00557341	
1.72132	0.00558756	
1.72163	0.00560172	
1.72193	0.00561588	
1.72224	0.0056304	
1.72254	0.00564493	
1.72285	0.00565946	
1.72316	0.00567436	
1.72346	0.00568889	
1.72377	0.00570379	
1.72407	0.00571907	
1.72438	0.00573397	
1.72468	0.00574924	
1.72499	0.00576451	
1.72529	0.00578016	
1.7256	0.00579543	
1.72591	0.00581108	
1.72621	0.0058271	
1.72652	0.00584275	
1.72682	0.00585876	
1.72713	0.00587478	
1.72743	0.00589117	
1.72774	0.00590757	
1.72804	0.00592396	
1.72835	0.00594035	
1.72866	0.00595711	
1.72896	0.00597388	
1.72927	0.00599101	
1.72957	0.00600778	
1.72988	0.00602491	
1.73018	0.00604242	
1.73049	0.00605956	
1.73079	0.00607707	
1.7311	0.00609495	
1.73141	0.00611246	
1.73171	0.00613034	
1.73202	0.00614859	
1.73232	0.00616685	
1.73263	0.0061851	
1.73293	0.00620335	
1.73324	0.00622198	
1.73354	0.00624061	
1.73385	0.00625961	
1.73416	0.0062786	
1.73446	0.0062976	
1.73477	0.00631697	
1.73507	0.00633635	
1.73538	0.00635572	
1.73568	0.00637546	
1.73599	0.00639521	
1.73629	0.00641532	
1.7366	0.00643544	
1.73691	0.00645556	
1.73721	0.00647604	
1.73752	0.00649653	
1.73782	0.00651702	
1.73813	0.00653788	
1.73843	0.00655912	
1.73874	0.00658035	
1.73904	0.00660159	
1.73935	0.00662319	
1.73966	0.0066448	
1.73996	0.00666641	
1.74027	0.00668839	
1.74057	0.00671074	
1.74088	0.00673309	
1.74118	0.00675544	
1.74149	0.00677817	
1.7418	0.00680089	
1.7421	0.00682399	
1.74241	0.00684708	
1.74271	0.00687055	
1.74302	0.00689402	
1.74332	0.00691786	
1.74363	0.00694171	
1.74393	0.00696555	
1.74424	0.00699013	
1.74455	0.00701435	
1.74485	0.00703894	
1.74516	0.0070639	
1.74546	0.00708885	
1.74577	0.00711419	
1.74607	0.00713952	
1.74638	0.00716522	
1.74668	0.00719093	
1.74699	0.007217	
1.7473	0.00724308	
1.7476	0.00726953	
1.74791	0.00729598	
1.74821	0.0073228	
1.74852	0.00735	
1.74882	0.00737719	
1.74913	0.00740476	
1.74943	0.00743233	
1.74974	0.00746027	
1.75005	0.00748821	
1.75035	0.00751652	
1.75066	0.0075452	
1.75096	0.00757389	
1.75127	0.00760294	
1.75157	0.007632	
1.75188	0.00766143	
1.75218	0.00769123	
1.75249	0.00772104	
1.7528	0.00775121	
1.7531	0.00778176	
1.75341	0.00781231	
1.75371	0.00784323	
1.75402	0.00787452	
1.75432	0.00790581	
1.75463	0.00793748	
1.75493	0.00796951	
1.75524	0.00800155	
1.75555	0.00803396	
1.75585	0.00806674	
1.75616	0.00809953	
1.75646	0.00813268	
1.75677	0.00816621	
1.75707	0.00820011	
1.75738	0.00823401	
1.75768	0.00826828	
1.75799	0.00830293	
1.7583	0.00833757	
1.7586	0.00837259	
1.75891	0.00840798	
1.75921	0.00844374	
1.75952	0.00847988	
1.75982	0.00851601	
1.76013	0.00855252	
1.76043	0.0085894	
1.76074	0.00862665	
1.76105	0.00866428	
1.76135	0.00870191	
1.76166	0.0087399	
1.76196	0.00877827	
1.76227	0.00881702	
1.76257	0.00885613	
1.76288	0.00889525	
1.76318	0.00893511	
1.76349	0.00897497	
1.7638	0.0090152	
1.7641	0.00905581	
1.76441	0.00909679	
1.76471	0.00913814	
1.76502	0.00917986	
1.76532	0.00922158	
1.76563	0.00926405	
1.76593	0.00930652	
1.76624	0.00934936	
1.76655	0.00939295	
1.76685	0.00943653	
1.76716	0.00948049	
1.76746	0.00952482	
1.76777	0.0095699	
1.76807	0.00961497	
1.76838	0.00966042	
1.76868	0.00970624	
1.76899	0.00975244	
1.7693	0.009799	
1.7696	0.00984594	
1.76991	0.00989325	
1.77021	0.00994094	
1.77052	0.00998899	
1.77082	0.0100378	
1.77113	0.0100866	
1.77143	0.0101358	
1.77174	0.0101857	
1.77205	0.0102356	
1.77235	0.0102859	
1.77266	0.0103369	
1.77296	0.0103883	
1.77327	0.0104398	
1.77357	0.0104919	
1.77388	0.0105444	
1.77418	0.0105973	
1.77449	0.010651	
1.7748	0.0107046	
1.7751	0.0107586	
1.77541	0.0108134	
1.77571	0.0108685	
1.77602	0.010924	
1.77632	0.0109799	
1.77663	0.0110362	
1.77694	0.0110928	
1.77724	0.0111502	
1.77755	0.0112075	
1.77785	0.0112657	
1.77816	0.0113241	
1.77846	0.0113834	
1.77877	0.0114426	
1.77907	0.0115026	
1.77938	0.0115629	
1.77969	0.0116237	
1.77999	0.0116851	
1.7803	0.0117466	
1.7806	0.0118088	
1.78091	0.0118714	
1.78121	0.0119347	
1.78152	0.011998	
1.78182	0.0120621	
1.78213	0.0121266	
1.78244	0.0121918	
1.78274	0.012257	
1.78305	0.0123229	
1.78335	0.0123892	
1.78366	0.0124563	
1.78396	0.0125233	
1.78427	0.0125911	
1.78457	0.0126597	
1.78488	0.0127282	
1.78519	0.0127975	
1.78549	0.0128672	
1.7858	0.0129372	
1.7861	0.013008	
1.78641	0.0130791	
1.78671	0.0131506	
1.78702	0.0132225	
1.78732	0.0132952	
1.78763	0.0133682	
1.78794	0.0134416	
1.78824	0.0135154	
1.78855	0.0135899	
1.78885	0.0136647	
1.78916	0.01374	
1.78946	0.0138156	
1.78977	0.013892	
1.79007	0.0139687	
1.79038	0.0140458	
1.79069	0.0141233	
1.79099	0.0142016	
1.7913	0.0142802	
1.7916	0.0143591	
1.79191	0.0144385	
1.79221	0.0145182	
1.79252	0.0145987	
1.79282	0.0146795	
1.79313	0.0147603	
1.79344	0.0148419	
1.79374	0.0149243	
1.79405	0.0150066	
1.79435	0.0150893	
1.79466	0.0151727	
1.79496	0.0152562	
1.79527	0.0153404	
1.79557	0.0154249	
1.79588	0.0155095	
1.79619	0.0155948	
1.79649	0.0156805	
1.7968	0.0157665	
1.7971	0.015853	
1.79741	0.0159394	
1.79771	0.0160266	
1.79802	0.0161141	
1.79832	0.0162017	
1.79863	0.0162896	
1.79894	0.0163782	
1.79924	0.0164669	
1.79955	0.0165559	
1.79985	0.016645	
1.80016	0.0167347	
1.80046	0.0168245	
1.80077	0.0169147	
1.80107	0.0170048	
1.80138	0.0170957	
1.80169	0.0171863	
1.80199	0.0172775	
1.8023	0.0173688	
1.8026	0.0174604	
1.80291	0.0175521	
1.80321	0.0176441	
1.80352	0.0177361	
1.80382	0.0178281	
1.80413	0.0179205	
1.80444	0.0180133	
1.80474	0.0181057	
1.80505	0.0181988	
1.80535	0.0182915	
1.80566	0.0183843	
1.80596	0.0184774	
1.80627	0.0185706	
1.80657	0.0186637	
1.80688	0.0187568	
1.80719	0.01885	
1.80749	0.0189435	
1.8078	0.0190366	
1.8081	0.0191297	
1.80841	0.0192229	
1.80871	0.019316	
1.80902	0.0194091	
1.80933	0.0195019	
1.80963	0.019595	
1.80994	0.0196878	
1.81024	0.0197805	
1.81055	0.0198729	
1.81085	0.0199653	
1.81116	0.0200573	
1.81146	0.0201497	
1.81177	0.0202414	
1.81208	0.020333	
1.81238	0.0204243	
1.81269	0.0205155	
1.81299	0.0206064	
1.8133	0.020697	
1.8136	0.0207875	
1.81391	0.0208776	
1.81421	0.0209671	
1.81452	0.0210565	
1.81483	0.0211459	
1.81513	0.0212345	
1.81544	0.0213228	
1.81574	0.0214107	
1.81605	0.0214983	
1.81635	0.0215851	
1.81666	0.0216719	
1.81696	0.0217579	
1.81727	0.021844	
1.81758	0.0219293	
1.81788	0.0220139	
1.81819	0.022098	
1.81849	0.0221819	
1.8188	0.0222653	
1.8191	0.022348	
1.81941	0.02243	
1.81971	0.0225116	
1.82002	0.0225928	
1.82033	0.0226729	
1.82063	0.022753	
1.82094	0.0228319	
1.82124	0.0229105	
1.82155	0.0229884	
1.82185	0.0230659	
1.82216	0.0231422	
1.82246	0.0232182	
1.82277	0.0232935	
1.82308	0.023368	
1.82338	0.0234421	
1.82369	0.0235151	
1.82399	0.0235878	
1.8243	0.0236593	
1.8246	0.0237305	
1.82491	0.0238009	
1.82521	0.0238702	
1.82552	0.0239391	
1.82583	0.0240069	
1.82613	0.0240743	
1.82644	0.024141	
1.82674	0.0242066	
1.82705	0.0242714	
1.82735	0.0243358	
1.82766	0.0243992	
1.82796	0.0244617	
1.82827	0.0245236	
1.82858	0.0245847	
1.82888	0.0246447	
1.82919	0.0247043	
1.82949	0.0247627	
1.8298	0.0248205	
1.8301	0.0248775	
1.83041	0.0249337	
1.83071	0.0249889	
1.83102	0.0250436	
1.83133	0.0250973	
1.83163	0.0251502	
1.83194	0.0252023	
1.83224	0.0252537	
1.83255	0.0253044	
1.83285	0.025354	
1.83316	0.0254028	
1.83346	0.0254508	
1.83377	0.0254981	
1.83408	0.0255447	
1.83438	0.0255905	
1.83469	0.0256352	
1.83499	0.0256792	
1.8353	0.0257228	
1.8356	0.0257652	
1.83591	0.0258069	
1.83621	0.0258479	
1.83652	0.0258878	
1.83683	0.0259273	
1.83713	0.025966	
1.83744	0.0260036	
1.83774	0.0260409	
1.83805	0.026077	
1.83835	0.0261128	
1.83866	0.0261474	
1.83896	0.0261817	
1.83927	0.0262149	
1.83958	0.0262477	
1.83988	0.0262793	
1.84019	0.0263106	
1.84049	0.0263412	
1.8408	0.0263706	
1.8411	0.0263996	
1.84141	0.026428	
1.84171	0.0264555	
1.84202	0.0264823	
1.84233	0.0265088	
1.84263	0.0265341	
1.84294	0.0265587	
1.84324	0.0265829	
1.84355	0.0266064	
1.84385	0.0266291	
1.84416	0.0266515	
1.84447	0.0266727	
1.84477	0.0266936	
1.84508	0.0267137	
1.84538	0.0267331	
1.84569	0.0267521	
1.84599	0.0267699	
1.8463	0.0267874	
1.8466	0.0268046	
1.84691	0.0268206	
1.84722	0.0268362	
1.84752	0.0268511	
1.84783	0.0268657	
1.84813	0.0268795	
1.84844	0.0268925	
1.84874	0.0269052	
1.84905	0.0269167	
1.84935	0.0269283	
1.84966	0.0269387	
1.84997	0.0269488	
1.85027	0.0269581	
1.85058	0.026967	
1.85088	0.0269752	
1.85119	0.0269827	
1.85149	0.0269897	
1.8518	0.0269961	
1.8521	0.027002	
1.85241	0.0270069	
1.85272	0.0270117	
1.85302	0.0270154	
1.85333	0.0270188	
1.85363	0.0270214	
1.85394	0.0270236	
1.85424	0.0270251	
1.85455	0.0270259	
1.85485	0.0270262	
1.85516	0.0270259	
1.85547	0.0270251	
1.85577	0.0270233	
1.85608	0.027021	
1.85638	0.0270184	
1.85669	0.0270151	
1.85699	0.027011	
1.8573	0.0270061	
1.8576	0.0270009	
1.85791	0.0269949	
1.85822	0.0269882	
1.85852	0.0269808	
1.85883	0.026973	
1.85913	0.0269644	
1.85944	0.0269551	
1.85974	0.0269454	
1.86005	0.0269346	
1.86035	0.0269234	
1.86066	0.0269119	
1.86097	0.0268992	
1.86127	0.0268858	
1.86158	0.026872	
1.86188	0.0268575	
1.86219	0.0268422	
1.86249	0.0268262	
1.8628	0.0268098	
1.8631	0.0267923	
1.86341	0.0267744	
1.86372	0.0267554	
1.86402	0.026736	
1.86433	0.0267159	
1.86463	0.0266951	
1.86494	0.0266735	
1.86524	0.0266511	
1.86555	0.0266284	
1.86585	0.0266045	
1.86616	0.0265799	
1.86647	0.0265546	
1.86677	0.0265289	
1.86708	0.0265021	
1.86738	0.0264745	
1.86769	0.0264466	
1.86799	0.0264175	
1.8683	0.0263877	
1.8686	0.0263575	
1.86891	0.0263263	
1.86922	0.0262942	
1.86952	0.0262618	
1.86983	0.0262283	
1.87013	0.026194	
1.87044	0.0261594	
1.87074	0.0261236	
1.87105	0.0260871	
1.87135	0.0260498	
1.87166	0.0260118	
1.87197	0.0259735	
1.87227	0.025934	
1.87258	0.0258937	
1.87288	0.0258528	
1.87319	0.025811	
1.87349	0.025769	
1.8738	0.0257257	
1.8741	0.0256822	
1.87441	0.0256374	
1.87472	0.0255924	
1.87502	0.0255462	
1.87533	0.0254996	
1.87563	0.0254523	
1.87594	0.0254042	
1.87624	0.0253554	
1.87655	0.0253063	
1.87686	0.025256	
1.87716	0.0252053	
1.87747	0.0251539	
1.87777	0.0251021	
1.87808	0.0250496	
1.87838	0.0249963	
1.87869	0.0249423	
1.87899	0.0248879	
1.8793	0.0248332	
1.87961	0.0247777	
1.87991	0.0247214	
1.88022	0.0246648	
1.88052	0.0246078	
1.88083	0.02455	
1.88113	0.0244919	
1.88144	0.0244334	
1.88174	0.0243746	
1.88205	0.024315	
1.88236	0.0242554	
1.88266	0.024195	
1.88297	0.0241347	
1.88327	0.0240736	
1.88358	0.0240125	
1.88388	0.023951	
1.88419	0.0238892	
1.88449	0.0238273	
1.8848	0.0237651	
1.88511	0.0237025	
1.88541	0.0236399	
1.88572	0.0235774	
1.88602	0.0235148	
1.88633	0.0234518	
1.88663	0.0233892	
1.88694	0.0233267	
1.88724	0.0232641	
1.88755	0.0232015	
1.88786	0.0231393	
1.88816	0.0230771	
1.88847	0.0230152	
1.88877	0.0229537	
1.88908	0.0228927	
1.88938	0.0228319	
1.88969	0.0227716	
1.88999	0.022712	
1.8903	0.0226531	
1.89061	0.022595	
1.89091	0.0225376	
1.89122	0.0224814	
1.89152	0.0224262	
1.89183	0.0223722	
1.89213	0.0223193	
1.89244	0.0222676	
1.89274	0.0222176	
1.89305	0.0221696	
1.89336	0.0221234	
1.89366	0.0220794	
1.89397	0.0220373	
1.89427	0.0219982	
1.89458	0.0219617	
1.89488	0.0219285	
1.89519	0.0218991	
1.89549	0.021873	
1.8958	0.0218518	
1.89611	0.021835	
1.89641	0.0218239	
1.89672	0.021819	
1.89702	0.0218209	
1.89733	0.0218302	
1.89763	0.0218485	
1.89794	0.0218768	
1.89824	0.0219163	
1.89855	0.0219684	
1.89886	0.0220358	
1.89916	0.0221208	
1.89947	0.0222255	
1.89977	0.022354	
1.90008	0.0225101	
1.90038	0.0226989	
1.90069	0.0229273	
1.90099	0.0232026	
1.9013	0.0235353	
1.90161	0.0239383	
1.90191	0.0244286	
1.90222	0.025028	
1.90252	0.0257663	
1.90283	0.0266828	
1.90313	0.027832	
1.90344	0.0292912	
1.90374	0.0311691	
1.90405	0.0336234	
1.90436	0.0368863	
1.90466	0.0413012	
1.90497	0.0473619	
1.90527	0.0557203	
1.90558	0.0670046	
1.90588	0.081148	
1.90619	0.0962704	
1.90649	0.108583	
1.9068	0.114204	
1.90711	0.111165	
1.90741	0.100512	
1.90772	0.0856966	
1.90802	0.0707861	
1.90833	0.0583723	
1.90863	0.0489905	
1.90894	0.0421308	
1.90924	0.0371132	
1.90955	0.0333883	
1.90986	0.030569	
1.91016	0.0283919	
1.91047	0.0266779	
1.91077	0.0253048	
1.91108	0.0241868	
1.91138	0.0232633	
1.91169	0.02249	
1.912	0.0218347	
1.9123	0.0212733	
1.91261	0.0207871	
1.91291	0.0203628	
1.91322	0.0199888	
1.91352	0.0196569	
1.91383	0.01936	
1.91413	0.0190925	
1.91444	0.01885	
1.91475	0.0186294	
1.91505	0.0184271	
1.91536	0.0182409	
1.91566	0.0180684	
1.91597	0.0179086	
1.91627	0.0177592	
1.91658	0.0176195	
1.91688	0.0174884	
1.91719	0.0173647	
1.9175	0.0172481	
1.9178	0.0171375	
1.91811	0.0170324	
1.91841	0.0169322	
1.91872	0.0168364	
1.91902	0.0167452	
1.91933	0.0166576	
1.91963	0.0165738	
1.91994	0.0164934	
1.92025	0.0164155	
1.92055	0.0163406	
1.92086	0.0162687	
1.92116	0.0161991	
1.92147	0.0161316	
1.92177	0.0160661	
1.92208	0.0160031	
1.92238	0.0159416	
1.92269	0.0158824	
1.923	0.0158247	
1.9233	0.0157684	
1.92361	0.015714	
1.92391	0.0156611	
1.92422	0.0156093	
1.92452	0.015559	
1.92483	0.0155102	
1.92513	0.0154626	
1.92544	0.0154164	
1.92575	0.0153713	
1.92605	0.0153273	
1.92636	0.0152841	
1.92666	0.0152424	
1.92697	0.0152018	
1.92727	0.0151619	
1.92758	0.0151232	
1.92788	0.0150852	
1.92819	0.0150483	
1.9285	0.0150125	
1.9288	0.0149775	
1.92911	0.0149433	
1.92941	0.0149097	
1.92972	0.0148773	
1.93002	0.0148457	
1.93033	0.0148151	
1.93063	0.0147849	
1.93094	0.0147559	
1.93125	0.0147276	
1.93155	0.0146996	
1.93186	0.0146728	
1.93216	0.0146467	
1.93247	0.0146214	
1.93277	0.0145964	
1.93308	0.0145726	
1.93338	0.0145491	
1.93369	0.0145268	
1.934	0.0145048	
1.9343	0.0144836	
1.93461	0.0144631	
1.93491	0.014443	
1.93522	0.014424	
1.93552	0.0144053	
1.93583	0.0143874	
1.93613	0.0143703	
1.93644	0.0143535	
1.93675	0.0143375	
1.93705	0.0143223	
1.93736	0.0143073	
1.93766	0.0142936	
1.93797	0.0142798	
1.93827	0.0142671	
1.93858	0.0142548	
1.93888	0.0142433	
1.93919	0.0142321	
1.9395	0.0142217	
1.9398	0.014212	
1.94011	0.0142027	
1.94041	0.0141941	
1.94072	0.0141859	
1.94102	0.0141785	
1.94133	0.0141714	
1.94163	0.014165	
1.94194	0.0141595	
1.94225	0.0141542	
1.94255	0.0141494	
1.94286	0.0141457	
1.94316	0.0141419	
1.94347	0.014139	
1.94377	0.0141367	
1.94408	0.0141349	
1.94438	0.0141338	
1.94469	0.014133	
1.945	0.014133	
1.9453	0.0141334	
1.94561	0.0141345	
1.94591	0.014136	
1.94622	0.0141382	
1.94652	0.0141408	
1.94683	0.0141438	
1.94714	0.0141475	
1.94744	0.014152	
1.94775	0.0141568	
1.94805	0.0141621	
1.94836	0.014168	
1.94866	0.0141744	
1.94897	0.0141814	
1.94927	0.0141889	
1.94958	0.0141971	
1.94989	0.0142056	
1.95019	0.014215	
1.9505	0.0142246	
1.9508	0.0142347	
1.95111	0.0142455	
1.95141	0.0142567	
1.95172	0.0142686	
1.95202	0.0142809	
1.95233	0.0142939	
1.95264	0.0143073	
1.95294	0.0143211	
1.95325	0.0143357	
1.95355	0.0143509	
1.95386	0.0143662	
1.95416	0.0143826	
1.95447	0.014399	
1.95477	0.0144161	
1.95508	0.014434	
1.95539	0.0144519	
1.95569	0.0144709	
1.956	0.0144899	
1.9563	0.01451	
1.95661	0.0145301	
1.95691	0.014551	
1.95722	0.0145722	
1.95752	0.0145942	
1.95783	0.0146169	
1.95814	0.0146396	
1.95844	0.0146631	
1.95875	0.0146873	
1.95905	0.0147119	
1.95936	0.0147369	
1.95966	0.0147626	
1.95997	0.0147887	
1.96027	0.0148151	
1.96058	0.0148423	
1.96089	0.0148702	
1.96119	0.0148986	
1.9615	0.0149272	
1.9618	0.0149567	
1.96211	0.0149865	
1.96241	0.0150166	
1.96272	0.0150476	
1.96302	0.0150792	
1.96333	0.0151109	
1.96364	0.0151433	
1.96394	0.0151765	
1.96425	0.01521	
1.96455	0.0152439	
1.96486	0.0152785	
1.96516	0.0153139	
1.96547	0.0153493	
1.96577	0.0153854	
1.96608	0.0154223	
1.96639	0.0154596	
1.96669	0.0154972	
1.967	0.0155356	
1.9673	0.0155743	
1.96761	0.0156134	
1.96791	0.0156533	
1.96822	0.0156939	
1.96852	0.0157345	
1.96883	0.0157759	
1.96914	0.015818	
1.96944	0.0158604	
1.96975	0.0159033	
1.97005	0.0159469	
1.97036	0.0159908	
1.97066	0.0160351	
1.97097	0.0160802	
1.97127	0.0161257	
1.97158	0.0161719	
1.97189	0.0162184	
1.97219	0.0162654	
1.9725	0.016313	
1.9728	0.0163611	
1.97311	0.0164095	
1.97341	0.0164587	
1.97372	0.0165083	
1.97402	0.0165585	
1.97433	0.0166088	
1.97464	0.0166602	
1.97494	0.0167117	
1.97525	0.0167638	
1.97555	0.0168163	
1.97586	0.0168692	
1.97616	0.0169229	
1.97647	0.0169769	
1.97677	0.0170313	
1.97708	0.017086	
1.97739	0.0171416	
1.97769	0.0171974	
1.978	0.0172537	
1.9783	0.0173103	
1.97861	0.0173677	
1.97891	0.0174254	
1.97922	0.0174835	
1.97953	0.017542	
1.97983	0.0176013	
1.98014	0.0176609	
1.98044	0.0177205	
1.98075	0.0177808	
1.98105	0.0178415	
1.98136	0.017903	
1.98166	0.0179645	
1.98197	0.0180263	
1.98228	0.0180889	
1.98258	0.0181518	
1.98289	0.0182148	
1.98319	0.0182785	
1.9835	0.0183426	
1.9838	0.0184067	
1.98411	0.0184715	
1.98441	0.0185367	
1.98472	0.0186019	
1.98503	0.0186678	
1.98533	0.0187337	
1.98564	0.0188004	
1.98594	0.0188671	
1.98625	0.0189342	
1.98655	0.0190016	
1.98686	0.0190694	
1.98716	0.0191376	
1.98747	0.0192057	
1.98778	0.0192743	
1.98808	0.0193432	
1.98839	0.0194125	
1.98869	0.0194818	
1.989	0.0195514	
1.9893	0.0196215	
1.98961	0.0196915	
1.98991	0.0197619	
1.99022	0.0198323	
1.99053	0.0199031	
1.99083	0.0199743	
1.99114	0.0200454	
1.99144	0.0201166	
1.99175	0.0201881	
1.99205	0.0202596	
1.99236	0.0203315	
1.99266	0.0204034	
1.99297	0.0204757	
1.99328	0.0205476	
1.99358	0.0206199	
1.99389	0.0206925	
1.99419	0.0207648	
1.9945	0.0208374	
1.9948	0.0209097	
1.99511	0.0209823	
1.99541	0.021055	
1.99572	0.021128	
1.99603	0.0212006	
1.99633	0.0212733	
1.99664	0.0213459	
1.99694	0.0214186	
1.99725	0.0214912	
1.99755	0.0215638	
1.99786	0.0216361	
1.99816	0.0217088	
1.99847	0.021781	
1.99878	0.0218533	
1.99908	0.0219256	
1.99939	0.0219975	
1.99969	0.0220694	
2	0.0221413	
2.0003	0.0222128	
2.00061	0.0222843	
2.00091	0.0223555	
2.00122	0.0224266	
2.00153	0.0224974	
2.00183	0.0225682	
2.00214	0.0226386	
2.00244	0.0227086	
2.00275	0.0227787	
2.00305	0.0228483	
2.00336	0.0229176	
2.00366	0.0229865	
2.00397	0.0230554	
2.00428	0.023124	
2.00458	0.0231922	
2.00489	0.02326	
2.00519	0.0233274	
2.0055	0.0233945	
2.0058	0.0234615	
2.00611	0.0235278	
2.00641	0.0235938	
2.00672	0.0236593	
2.00703	0.0237245	
2.00733	0.0237893	
2.00764	0.0238538	
2.00794	0.0239175	
2.00825	0.0239812	
2.00855	0.0240441	
2.00886	0.0241067	
2.00916	0.0241686	
2.00947	0.0242304	
2.00978	0.0242911	
2.01008	0.0243519	
2.01039	0.0244118	
2.01069	0.0244714	
2.011	0.0245307	
2.0113	0.0245892	
2.01161	0.0246469	
2.01191	0.0247043	
2.01222	0.0247613	
2.01253	0.0248175	
2.01283	0.0248734	
2.01314	0.0249285	
2.01344	0.0249829	
2.01375	0.0250369	
2.01405	0.0250906	
2.01436	0.0251435	
2.01467	0.0251956	
2.01497	0.0252474	
2.01528	0.0252984	
2.01558	0.0253487	
2.01589	0.0253987	
2.01619	0.0254478	
2.0165	0.0254963	
2.0168	0.0255443	
2.01711	0.0255916	
2.01742	0.0256386	
2.01772	0.0256848	
2.01803	0.0257302	
2.01833	0.0257749	
2.01864	0.0258192	
2.01894	0.0258628	
2.01925	0.025906	
2.01955	0.0259485	
2.01986	0.0259902	
2.02017	0.0260312	
2.02047	0.0260718	
2.02078	0.0261117	
2.02108	0.0261512	
2.02139	0.0261895	
2.02169	0.0262279	
2.022	0.0262652	
2.0223	0.026302	
2.02261	0.0263382	
2.02292	0.0263739	
2.02322	0.026409	
2.02353	0.0264432	
2.02383	0.0264771	
2.02414	0.0265103	
2.02444	0.0265431	
2.02475	0.0265751	
2.02505	0.0266068	
2.02536	0.0266377	
2.02567	0.0266679	
2.02597	0.0266977	
2.02628	0.0267267	
2.02658	0.0267554	
2.02689	0.0267837	
2.02719	0.0268113	
2.0275	0.0268381	
2.0278	0.0268646	
2.02811	0.0268906	
2.02842	0.026916	
2.02872	0.0269409	
2.02903	0.0269655	
2.02933	0.0269894	
2.02964	0.0270125	
2.02994	0.0270355	
2.03025	0.0270579	
2.03055	0.0270799	
2.03086	0.0271011	
2.03117	0.027122	
2.03147	0.0271425	
2.03178	0.0271626	
2.03208	0.0271823	
2.03239	0.0272013	
2.03269	0.02722	
2.033	0.0272382	
2.0333	0.0272561	
2.03361	0.0272732	
2.03392	0.0272904	
2.03422	0.0273068	
2.03453	0.0273228	
2.03483	0.0273388	
2.03514	0.0273541	
2.03544	0.027369	
2.03575	0.0273831	
2.03605	0.0273973	
2.03636	0.0274111	
2.03667	0.0274245	
2.03697	0.0274375	
2.03728	0.0274502	
2.03758	0.0274621	
2.03789	0.027474	
2.03819	0.0274856	
2.0385	0.0274967	
2.0388	0.0275075	
2.03911	0.027518	
2.03942	0.027528	
2.03972	0.0275377	
2.04003	0.027547	
2.04033	0.0275563	
2.04064	0.0275649	
2.04094	0.0275735	
2.04125	0.0275817	
2.04155	0.0275891	
2.04186	0.0275966	
2.04217	0.0276037	
2.04247	0.0276107	
2.04278	0.0276171	
2.04308	0.027623	
2.04339	0.027629	
2.04369	0.0276346	
2.044	0.0276398	
2.0443	0.0276446	
2.04461	0.0276491	
2.04492	0.0276532	
2.04522	0.0276569	
2.04553	0.0276607	
2.04583	0.027664	
2.04614	0.0276666	
2.04644	0.0276692	
2.04675	0.0276715	
2.04706	0.0276733	
2.04736	0.0276752	
2.04767	0.0276763	
2.04797	0.027677	
2.04828	0.0276778	
2.04858	0.0276782	
2.04889	0.0276778	
2.04919	0.0276774	
2.0495	0.0276767	
2.04981	0.0276756	
2.05011	0.0276741	
2.05042	0.0276722	
2.05072	0.02767	
2.05103	0.0276674	
2.05133	0.0276644	
2.05164	0.027661	
2.05194	0.0276573	
2.05225	0.0276532	
2.05256	0.0276487	
2.05286	0.0276439	
2.05317	0.0276387	
2.05347	0.0276327	
2.05378	0.0276268	
2.05408	0.0276204	
2.05439	0.0276133	
2.05469	0.0276059	
2.055	0.0275984	
2.05531	0.0275902	
2.05561	0.0275817	
2.05592	0.0275724	
2.05622	0.0275631	
2.05653	0.027553	
2.05683	0.0275429	
2.05714	0.0275318	
2.05744	0.0275206	
2.05775	0.0275087	
2.05806	0.0274967	
2.05836	0.0274841	
2.05867	0.0274707	
2.05897	0.0274573	
2.05928	0.0274431	
2.05958	0.0274286	
2.05989	0.0274133	
2.06019	0.0273976	
2.0605	0.0273816	
2.06081	0.0273649	
2.06111	0.0273481	
2.06142	0.0273302	
2.06172	0.0273123	
2.06203	0.0272937	
2.06233	0.0272747	
2.06264	0.027255	
2.06294	0.0272349	
2.06325	0.0272144	
2.06356	0.0271931	
2.06386	0.0271715	
2.06417	0.0271495	
2.06447	0.0271268	
2.06478	0.0271037	
2.06508	0.0270799	
2.06539	0.0270557	
2.06569	0.0270311	
2.066	0.0270061	
2.06631	0.0269804	
2.06661	0.0269547	
2.06692	0.0269283	
2.06722	0.0269011	
2.06753	0.0268739	
2.06783	0.0268459	
2.06814	0.026818	
2.06844	0.0267893	
2.06875	0.0267603	
2.06906	0.0267312	
2.06936	0.0267014	
2.06967	0.0266716	
2.06997	0.0266414	
2.07028	0.0266112	
2.07058	0.0265807	
2.07089	0.0265498	
2.07119	0.0265189	
2.0715	0.0264879	
2.07181	0.026457	
2.07211	0.0264261	
2.07242	0.0263955	
2.07272	0.026365	
2.07303	0.0263348	
2.07333	0.026305	
2.07364	0.0262756	
2.07394	0.0262469	
2.07425	0.0262193	
2.07456	0.0261925	
2.07486	0.0261672	
2.07517	0.026143	
2.07547	0.0261206	
2.07578	0.0261005	
2.07608	0.0260826	
2.07639	0.0260681	
2.07669	0.0260569	
2.077	0.0260498	
2.07731	0.026048	
2.07761	0.0260521	
2.07792	0.0260632	
2.07822	0.0260834	
2.07853	0.0261143	
2.07883	0.0261579	
2.07914	0.0262178	
2.07944	0.0262972	
2.07975	0.0264019	
2.08006	0.0265371	
2.08036	0.0267122	
2.08067	0.0269376	
2.08097	0.0272274	
2.08128	0.027601	
2.08158	0.028082	
2.08189	0.0287	
2.0822	0.0294905	
2.0825	0.0304949	
2.08281	0.0317704	
2.08311	0.0334095	
2.08342	0.0354469	
2.08372	0.0374373	
2.08403	0.0382848	
2.08433	0.0373192	
2.08464	0.0352103	
2.08495	0.0330545	
2.08525	0.0312973	
2.08556	0.0299037	
2.08586	0.0287812	
2.08617	0.027873	
2.08647	0.0271372	
2.08678	0.0265386	
2.08708	0.026048	
2.08739	0.0256408	
2.0877	0.0252988	
2.088	0.0250071	
2.08831	0.0247557	
2.08861	0.0245351	
2.08892	0.0243403	
2.08922	0.0241652	
2.08953	0.0240065	
2.08983	0.0238612	
2.09014	0.0237271	
2.09045	0.0236023	
2.09075	0.0234853	
2.09106	0.0233747	
2.09136	0.0232693	
2.09167	0.0231691	
2.09197	0.023073	
2.09228	0.0229802	
2.09258	0.0228904	
2.09289	0.0228032	
2.0932	0.0227187	
2.0935	0.0226364	
2.09381	0.0225555	
2.09411	0.0224769	
2.09442	0.0223994	
2.09472	0.0223234	
2.09503	0.0222486	
2.09533	0.0221748	
2.09564	0.0221021	
2.09595	0.0220306	
2.09625	0.0219598	
2.09656	0.0218902	
2.09686	0.0218209	
2.09717	0.0217527	
2.09747	0.0216849	
2.09778	0.0216182	
2.09808	0.0215519	
2.09839	0.021486	
2.0987	0.0214212	
2.099	0.0213567	
2.09931	0.0212926	
2.09961	0.0212293	
2.09992	0.0211664	
2.10022	0.0211041	
2.10053	0.0210423	
2.10083	0.0209808	
2.10114	0.0209201	
2.10145	0.0208598	
2.10175	0.0208002	
2.10206	0.0207409	
2.10236	0.0206821	
2.10267	0.0206236	
2.10297	0.0205658	
2.10328	0.0205085	
2.10358	0.0204515	
2.10389	0.0203948	
2.1042	0.020339	
2.1045	0.0202835	
2.10481	0.0202287	
2.10511	0.0201739	
2.10542	0.0201199	
2.10572	0.0200663	
2.10603	0.0200134	
2.10633	0.0199609	
2.10664	0.0199087	
2.10695	0.0198573	
2.10725	0.0198059	
2.10756	0.0197556	
2.10786	0.0197053	
2.10817	0.0196557	
2.10847	0.0196066	
2.10878	0.0195581	
2.10908	0.0195101	
2.10939	0.0194624	
2.1097	0.0194151	
2.11	0.0193685	
2.11031	0.0193227	
2.11061	0.0192773	
2.11092	0.0192322	
2.11122	0.0191875	
2.11153	0.0191435	
2.11183	0.0191003	
2.11214	0.0190571	
2.11245	0.019015	
2.11275	0.0189729	
2.11306	0.0189319	
2.11336	0.0188909	
2.11367	0.0188507	
2.11397	0.0188112	
2.11428	0.0187721	
2.11459	0.0187334	
2.11489	0.0186954	
2.1152	0.0186577	
2.1155	0.0186209	
2.11581	0.0185847	
2.11611	0.018549	
2.11642	0.0185136	
2.11672	0.0184793	
2.11703	0.018445	
2.11734	0.0184115	
2.11764	0.0183787	
2.11795	0.0183467	
2.11825	0.018315	
2.11856	0.0182837	
2.11886	0.0182535	
2.11917	0.0182237	
2.11947	0.0181947	
2.11978	0.018166	
2.12009	0.0181384	
2.12039	0.0181112	
2.1207	0.0180848	
2.121	0.0180591	
2.12131	0.0180341	
2.12161	0.0180099	
2.12192	0.0179868	
2.12222	0.0179641	
2.12253	0.0179425	
2.12284	0.017922	
2.12314	0.0179023	
2.12345	0.0178836	
2.12375	0.0178665	
2.12406	0.0178505	
2.12436	0.0178359	
2.12467	0.0178233	
2.12497	0.0178121	
2.12528	0.0178035	
2.12559	0.0177976	
2.12589	0.017795	
2.1262	0.0177965	
2.1265	0.0178028	
2.12681	0.0178155	
2.12711	0.0178371	
2.12742	0.0178706	
2.12772	0.0179209	
2.12803	0.0179958	
2.12834	0.0181079	
2.12864	0.0182796	
2.12895	0.0185531	
2.12925	0.0190098	
2.12956	0.0198167	
2.12986	0.0212811	
2.13017	0.023552	
2.13047	0.025278	
2.13078	0.0243925	
2.13109	0.022031	
2.13139	0.020216	
2.1317	0.0191838	
2.132	0.0186011	
2.13231	0.0182509	
2.13261	0.0180271	
2.13292	0.0178754	
2.13322	0.0177685	
2.13353	0.0176899	
2.13384	0.0176307	
2.13414	0.0175852	
2.13445	0.0175491	
2.13475	0.0175204	
2.13506	0.0174973	
2.13536	0.0174787	
2.13567	0.0174638	
2.13597	0.0174515	
2.13628	0.0174418	
2.13659	0.017434	
2.13689	0.017428	
2.1372	0.0174239	
2.1375	0.0174209	
2.13781	0.0174195	
2.13811	0.0174191	
2.13842	0.0174198	
2.13872	0.0174217	
2.13903	0.0174243	
2.13934	0.017428	
2.13964	0.0174325	
2.13995	0.0174381	
2.14025	0.017444	
2.14056	0.0174511	
2.14086	0.0174589	
2.14117	0.0174675	
2.14147	0.0174772	
2.14178	0.0174873	
2.14209	0.0174981	
2.14239	0.01751	
2.1427	0.0175223	
2.143	0.0175353	
2.14331	0.0175491	
2.14361	0.017564	
2.14392	0.0175793	
2.14422	0.0175953	
2.14453	0.0176121	
2.14484	0.0176299	
2.14514	0.0176482	
2.14545	0.0176676	
2.14575	0.0176873	
2.14606	0.0177082	
2.14636	0.0177298	
2.14667	0.0177521	
2.14697	0.0177756	
2.14728	0.0177994	
2.14759	0.0178244	
2.14789	0.0178505	
2.1482	0.0178773	
2.1485	0.0179052	
2.14881	0.0179343	
2.14911	0.0179641	
2.14942	0.0179954	
2.14973	0.0180274	
2.15003	0.018061	
2.15034	0.018096	
2.15064	0.0181321	
2.15095	0.0181697	
2.15125	0.0182092	
2.15156	0.0182506	
2.15186	0.0182938	
2.15217	0.0183396	
2.15248	0.0183873	
2.15278	0.0184383	
2.15309	0.0184923	
2.15339	0.0185501	
2.1537	0.0186123	
2.154	0.0186797	
2.15431	0.0187531	
2.15461	0.018834	
2.15492	0.0189241	
2.15523	0.0190254	
2.15553	0.0191413	
2.15584	0.0192754	
2.15614	0.019433	
2.15645	0.0196218	
2.15675	0.0198513	
2.15706	0.0201356	
2.15736	0.0204921	
2.15767	0.0209417	
2.15798	0.0215087	
2.15828	0.0222284	
2.15859	0.0231761	
2.15889	0.0243768	
2.1592	0.0253491	
2.1595	0.0252757	
2.15981	0.024284	
2.16011	0.0232186	
2.16042	0.0224244	
2.16073	0.0218388	
2.16103	0.0213969	
2.16134	0.0210676	
2.16164	0.0208274	
2.16195	0.0206552	
2.16225	0.0205349	
2.16256	0.0204537	
2.16286	0.0204023	
2.16317	0.0203736	
2.16348	0.0203628	
2.16378	0.0203662	
2.16409	0.0203807	
2.16439	0.0204049	
2.1647	0.0204369	
2.165	0.0204757	
2.16531	0.0205204	
2.16561	0.0205699	
2.16592	0.0206243	
2.16623	0.0206832	
2.16653	0.0207461	
2.16684	0.0208132	
2.16714	0.020884	
2.16745	0.0209589	
2.16775	0.0210375	
2.16806	0.0211202	
2.16836	0.0212073	
2.16867	0.021299	
2.16898	0.0213958	
2.16928	0.0214983	
2.16959	0.0216067	
2.16989	0.0217222	
2.1702	0.0218451	
2.1705	0.021977	
2.17081	0.0221193	
2.17111	0.0222739	
2.17142	0.0224426	
2.17173	0.0226282	
2.17203	0.0228345	
2.17234	0.0230659	
2.17264	0.0233274	
2.17295	0.0236265	
2.17325	0.0239722	
2.17356	0.0243749	
2.17386	0.0248488	
2.17417	0.0254083	
2.17448	0.0260696	
2.17478	0.0268444	
2.17509	0.0277363	
2.17539	0.0287279	
2.1757	0.0297751	
2.176	0.0308037	
2.17631	0.0317283	
2.17661	0.0324801	
2.17692	0.0330273	
2.17723	0.0333734	
2.17753	0.0335317	
2.17784	0.0335071	
2.17814	0.0332884	
2.17845	0.0328649	
2.17875	0.0322495	
2.17906	0.0314943	
2.17936	0.0306815	
2.17967	0.0298936	
2.17998	0.0291917	
2.18028	0.0286054	
2.18059	0.0281408	
2.18089	0.0277899	
2.1812	0.0275388	
2.1815	0.0273723	
2.18181	0.0272777	
2.18211	0.027243	
2.18242	0.0272602	
2.18273	0.027322	
2.18303	0.0274237	
2.18334	0.0275619	
2.18364	0.0277348	
2.18395	0.0279408	
2.18425	0.02818	
2.18456	0.0284526	
2.18487	0.02876	
2.18517	0.0291046	
2.18548	0.0294887	
2.18578	0.0299156	
2.18609	0.0303898	
2.18639	0.0309166	
2.1867	0.0315014	
2.187	0.0321515	
2.18731	0.0328753	
2.18762	0.0336822	
2.18792	0.0345822	
2.18823	0.0355877	
2.18853	0.0367116	
2.18884	0.0379678	
2.18914	0.0393707	
2.18945	0.0409342	
2.18975	0.0426706	
2.19006	0.0445861	
2.19037	0.046679	
2.19067	0.0489336	
2.19098	0.0513099	
2.19128	0.0537381	
2.19159	0.0561099	
2.19189	0.0582796	
2.1922	0.0600759	
2.1925	0.0613306	
2.19281	0.061914	
2.19312	0.0617687	
2.19342	0.0609264	
2.19373	0.059497	
2.19403	0.0576422	
2.19434	0.0555355	
2.19464	0.0533331	
2.19495	0.0511561	
2.19525	0.0490867	
2.19556	0.0471726	
2.19587	0.045437	
2.19617	0.0438865	
2.19648	0.0425167	
2.19678	0.0413176	
2.19709	0.040276	
2.19739	0.0393789	
2.1977	0.0386126	
2.198	0.0379648	
2.19831	0.0374235	
2.19862	0.0369795	
2.19892	0.0366233	
2.19923	0.036348	
2.19953	0.0361472	
2.19984	0.0360161	
2.20014	0.0359509	
2.20045	0.0359479	
2.20075	0.0360057	
2.20106	0.036123	
2.20137	0.0362989	
2.20167	0.0365339	
2.20198	0.0368293	
2.20228	0.037187	
2.20259	0.037609	
2.20289	0.0380989	
2.2032	0.0386611	
2.2035	0.0393	
2.20381	0.0400215	
2.20412	0.0408322	
2.20442	0.0417393	
2.20473	0.0427503	
2.20503	0.0438742	
2.20534	0.04512	
2.20564	0.0464965	
2.20595	0.048013	
2.20625	0.0496786	
2.20656	0.0515018	
2.20687	0.0534922	
2.20717	0.0556611	
2.20748	0.058027	
2.20778	0.0606205	
2.20809	0.0634935	
2.20839	0.0667222	
2.2087	0.0703994	
2.209	0.074596	
2.20931	0.0792906	
2.20962	0.0842839	
2.20992	0.0891488	
2.21023	0.0932727	
2.21053	0.0960033	
2.21084	0.0968494	
2.21114	0.095652	
2.21145	0.0926413	
2.21175	0.0883542	
2.21206	0.083451	
2.21237	0.0785165	
2.21267	0.0739355	
2.21298	0.0698671	
2.21328	0.0663094	
2.21359	0.0631824	
2.21389	0.0603944	
2.2142	0.0578739	
2.2145	0.0555735	
2.21481	0.0534657	
2.21512	0.0515334	
2.21542	0.0497658	
2.21573	0.0481538	
2.21603	0.0466887	
2.21634	0.045361	
2.21664	0.0441622	
2.21695	0.0430822	
2.21726	0.0421129	
2.21756	0.0412453	
2.21787	0.0404716	
2.21817	0.0397846	
2.21848	0.0391778	
2.21878	0.0386458	
2.21909	0.0381835	
2.21939	0.0377871	
2.2197	0.037453	
2.22001	0.0371784	
2.22031	0.036962	
2.22062	0.0368021	
2.22092	0.0366986	
2.22123	0.0366513	
2.22153	0.0366613	
2.22184	0.0367302	
2.22214	0.036861	
2.22245	0.0370562	
2.22276	0.0373203	
2.22306	0.0376586	
2.22337	0.0380766	
2.22367	0.0385817	
2.22398	0.0391811	
2.22428	0.0398841	
2.22459	0.0406999	
2.22489	0.0416391	
2.2252	0.0427134	
2.22551	0.043935	
2.22581	0.0453159	
2.22612	0.0468675	
2.22642	0.0485923	
2.22673	0.0504732	
2.22703	0.0524554	
2.22734	0.0544306	
2.22764	0.056231	
2.22795	0.0576485	
2.22826	0.0584822	
2.22856	0.0585929	
2.22887	0.0579499	
2.22917	0.0566393	
2.22948	0.0548374	
2.22978	0.052755	
2.23009	0.0505835	
2.23039	0.0484627	
2.2307	0.0464723	
2.23101	0.0446457	
2.23131	0.042988	
2.23162	0.0414908	
2.23192	0.0401415	
2.23223	0.0389263	
2.23253	0.0378329	
2.23284	0.0368491	
2.23314	0.0359643	
2.23345	0.0351679	
2.23376	0.0344507	
2.23406	0.0338037	
2.23437	0.0332199	
2.23467	0.0326917	
2.23498	0.0322126	
2.23528	0.0317778	
2.23559	0.0313822	
2.23589	0.0310209	
2.2362	0.0306908	
2.23651	0.0303883	
2.23681	0.0301104	
2.23712	0.0298545	
2.23742	0.0296187	
2.23773	0.0294004	
2.23803	0.0291985	
2.23834	0.0290107	
2.23864	0.0288364	
2.23895	0.0286739	
2.23926	0.0285223	
2.23956	0.0283808	
2.23987	0.0282478	
2.24017	0.0281237	
2.24048	0.0280067	
2.24078	0.0278972	
2.24109	0.0277936	
2.24139	0.0276964	
2.2417	0.0276048	
2.24201	0.027518	
2.24231	0.0274364	
2.24262	0.0273589	
2.24292	0.0272855	
2.24323	0.0272162	
2.24353	0.0271507	
2.24384	0.0270884	
2.24414	0.0270292	
2.24445	0.0269733	
2.24476	0.0269204	
2.24506	0.0268698	
2.24537	0.0268221	
2.24567	0.026777	
2.24598	0.0267342	
2.24628	0.0266936	
2.24659	0.0266552	
2.24689	0.0266187	
2.2472	0.0265844	
2.24751	0.0265516	
2.24781	0.0265211	
2.24812	0.0264924	
2.24842	0.0264652	
2.24873	0.0264399	
2.24903	0.026416	
2.24934	0.0263937	
2.24964	0.0263728	
2.24995	0.0263534	
2.25026	0.0263356	
2.25056	0.0263192	
2.25087	0.0263043	
2.25117	0.0262909	
2.25148	0.0262786	
2.25178	0.0262674	
2.25209	0.0262577	
2.2524	0.0262495	
2.2527	0.0262421	
2.25301	0.0262361	
2.25331	0.0262316	
2.25362	0.0262283	
2.25392	0.0262257	
2.25423	0.0262249	
2.25453	0.0262249	
2.25484	0.026226	
2.25515	0.0262287	
2.25545	0.0262324	
2.25576	0.0262368	
2.25606	0.0262428	
2.25637	0.0262499	
2.25667	0.0262585	
2.25698	0.0262678	
2.25728	0.0262782	
2.25759	0.0262901	
2.2579	0.0263032	
2.2582	0.0263173	
2.25851	0.0263326	
2.25881	0.026349	
2.25912	0.0263665	
2.25942	0.0263855	
2.25973	0.0264056	
2.26003	0.0264272	
2.26034	0.0264496	
2.26065	0.0264738	
2.26095	0.0264991	
2.26126	0.0265256	
2.26156	0.0265535	
2.26187	0.0265829	
2.26217	0.0266135	
2.26248	0.0266459	
2.26278	0.0266794	
2.26309	0.0267148	
2.2634	0.0267517	
2.2637	0.0267901	
2.26401	0.0268303	
2.26431	0.0268724	
2.26462	0.0269163	
2.26492	0.0269618	
2.26523	0.0270098	
2.26553	0.0270594	
2.26584	0.0271115	
2.26615	0.0271659	
2.26645	0.0272229	
2.26676	0.0272825	
2.26706	0.0273447	
2.26737	0.0274099	
2.26767	0.0274785	
2.26798	0.0275504	
2.26828	0.027626	
2.26859	0.0277057	
2.2689	0.0277895	
2.2692	0.0278782	
2.26951	0.0279721	
2.26981	0.0280716	
2.27012	0.0281774	
2.27042	0.0282899	
2.27073	0.0284102	
2.27103	0.0285387	
2.27134	0.0286765	
2.27165	0.0288252	
2.27195	0.028985	
2.27226	0.0291586	
2.27256	0.0293467	
2.27287	0.0295512	
2.27317	0.0297744	
2.27348	0.0300188	
2.27378	0.0302862	
2.27409	0.0305798	
2.2744	0.0309024	
2.2747	0.0312563	
2.27501	0.0316441	
2.27531	0.032068	
2.27562	0.0325292	
2.27592	0.0330269	
2.27623	0.0335593	
2.27653	0.0341214	
2.27684	0.0347055	
2.27715	0.0353005	
2.27745	0.0358932	
2.27776	0.036468	
2.27806	0.03701	
2.27837	0.0375055	
2.27867	0.0379454	
2.27898	0.0383239	
2.27928	0.0386409	
2.27959	0.0388995	
2.2799	0.0391051	
2.2802	0.0392631	
2.28051	0.0393771	
2.28081	0.0394493	
2.28112	0.0394776	
2.28142	0.0394583	
2.28173	0.0393856	
2.28203	0.0392549	
2.28234	0.0390634	
2.28265	0.0388127	
2.28295	0.0385087	
2.28326	0.0381622	
2.28356	0.0377867	
2.28387	0.0373986	
2.28417	0.0370126	
2.28448	0.0366427	
2.28479	0.0362992	
2.28509	0.0359904	
2.2854	0.0357214	
2.2857	0.0354938	
2.28601	0.0353094	
2.28631	0.0351667	
2.28662	0.0350643	
2.28692	0.035001	
2.28723	0.0349745	
2.28754	0.0349827	
2.28784	0.0350244	
2.28815	0.0350978	
2.28845	0.0352021	
2.28876	0.0353362	
2.28906	0.0355002	
2.28937	0.0356935	
2.28967	0.0359159	
2.28998	0.0361674	
2.29029	0.0364479	
2.29059	0.0367578	
2.2909	0.0370957	
2.2912	0.0374615	
2.29151	0.0378523	
2.29181	0.0382654	
2.29212	0.0386961	
2.29242	0.0391379	
2.29273	0.0395831	
2.29304	0.0400219	
2.29334	0.0404429	
2.29365	0.0408337	
2.29395	0.0411816	
2.29426	0.0414763	
2.29456	0.041708	
2.29487	0.0418719	
2.29517	0.0419669	
2.29548	0.0419967	
2.29579	0.0419687	
2.29609	0.0418935	
2.2964	0.0417829	
2.2967	0.0416495	
2.29701	0.0415049	
2.29731	0.0413593	
2.29762	0.0412218	
2.29792	0.0410993	
2.29823	0.0409964	
2.29854	0.0409171	
2.29884	0.0408635	
2.29915	0.0408363	
2.29945	0.0408359	
2.29976	0.0408627	
2.30006	0.0409156	
2.30037	0.0409942	
2.30067	0.041097	
2.30098	0.0412241	
2.30129	0.0413742	
2.30159	0.0415467	
2.3019	0.0417408	
2.3022	0.0419561	
2.30251	0.0421926	
2.30281	0.0424501	
2.30312	0.0427283	
2.30342	0.0430271	
2.30373	0.0433475	
2.30404	0.0436891	
2.30434	0.0440527	
2.30465	0.0444394	
2.30495	0.0448491	
2.30526	0.0452835	
2.30556	0.0457436	
2.30587	0.0462309	
2.30617	0.0467464	
2.30648	0.0472926	
2.30679	0.0478711	
2.30709	0.0484839	
2.3074	0.0491343	
2.3077	0.0498246	
2.30801	0.0505585	
2.30831	0.0513397	
2.30862	0.0521723	
2.30892	0.0530615	
2.30923	0.054013	
2.30954	0.055033	
2.30984	0.0561293	
2.31015	0.0573106	
2.31045	0.0585865	
2.31076	0.0599697	
2.31106	0.0614736	
2.31137	0.0631154	
2.31167	0.0649139	
2.31198	0.0668943	
2.31229	0.0690848	
2.31259	0.0715204	
2.3129	0.0742454	
2.3132	0.0773132	
2.31351	0.0807911	
2.31381	0.0847638	
2.31412	0.0893392	
2.31442	0.0946522	
2.31473	0.100874	
2.31504	0.108217	
2.31534	0.116936	
2.31565	0.127308	
2.31595	0.139584	
2.31626	0.153859	
2.31656	0.16987	
2.31687	0.186747	
2.31717	0.202902	
2.31748	0.216258	
2.31779	0.224996	
2.31809	0.228604	
2.3184	0.228309	
2.3187	0.226447	
2.31901	0.225436	
2.31931	0.22716	
2.31962	0.232842	
2.31993	0.243188	
2.32023	0.25856	
2.32054	0.279018	
2.32084	0.304138	
2.32115	0.332718	
2.32145	0.362521	
2.32176	0.390321	
2.32206	0.412419	
2.32237	0.42573	
2.32268	0.429142	
2.32298	0.424149	
2.32329	0.414172	
2.32359	0.40319	
2.3239	0.39467	
2.3242	0.391068	
2.32451	0.393799	
2.32481	0.403516	
2.32512	0.420412	
2.32543	0.444287	
2.32573	0.47413	
2.32604	0.507268	
2.32634	0.538716	
2.32665	0.561829	
2.32695	0.570642	
2.32726	0.562717	
2.32756	0.540435	
2.32787	0.509697	
2.32818	0.477066	
2.32848	0.447417	
2.32879	0.423283	
2.32909	0.405504	
2.3294	0.394115	
2.3297	0.388839	
2.33001	0.389178	
2.33031	0.394274	
2.33062	0.402719	
2.33093	0.412403	
2.33123	0.420572	
2.33154	0.424229	
2.33184	0.420933	
2.33215	0.409672	
2.33245	0.391256	
2.33276	0.367922	
2.33306	0.342462	
2.33337	0.31745	
2.33368	0.294843	
2.33398	0.275942	
2.33429	0.261504	
2.33459	0.251837	
2.3349	0.246723	
2.3352	0.245178	
2.33551	0.245354	
2.33581	0.245035	
2.33612	0.242514	
2.33643	0.236901	
2.33673	0.22784	
2.33704	0.215308	
2.33734	0.199771	
2.33765	0.182489	
2.33795	0.165279	
2.33826	0.149679	
2.33856	0.136404	
2.33887	0.125471	
2.33918	0.116559	
2.33948	0.109276	
2.33979	0.103271	
2.34009	0.0982616	
2.3404	0.0940334	
2.3407	0.0904236	
2.34101	0.08731	
2.34131	0.0846002	
2.34162	0.0822227	
2.34193	0.0801228	
2.34223	0.0782561	
2.34254	0.0765882	
2.34284	0.0750914	
2.34315	0.0737425	
2.34345	0.0725228	
2.34376	0.0714168	
2.34406	0.070411	
2.34437	0.0694945	
2.34468	0.0686582	
2.34498	0.067893	
2.34529	0.0671927	
2.34559	0.0665512	
2.3459	0.0659626	
2.3462	0.0654224	
2.34651	0.0649266	
2.34681	0.0644717	
2.34712	0.0640541	
2.34743	0.0636708	
2.34773	0.0633199	
2.34804	0.0629984	
2.34834	0.0627045	
2.34865	0.0624359	
2.34895	0.0621911	
2.34926	0.0619691	
2.34956	0.0617675	
2.34987	0.0615858	
2.35018	0.0614226	
2.35048	0.0612762	
2.35079	0.0611465	
2.35109	0.0610322	
2.3514	0.0609323	
2.3517	0.0608463	
2.35201	0.0607733	
2.35231	0.0607125	
2.35262	0.0606637	
2.35293	0.0606265	
2.35323	0.0605993	
2.35354	0.0605825	
2.35384	0.0605755	
2.35415	0.0605781	
2.35445	0.0605892	
2.35476	0.060609	
2.35507	0.0606369	
2.35537	0.0606727	
2.35568	0.0607159	
2.35598	0.0607666	
2.35629	0.0608243	
2.35659	0.0608888	
2.3569	0.0609599	
2.3572	0.061037	
2.35751	0.0611205	
2.35782	0.0612099	
2.35812	0.0613049	
2.35843	0.0614055	
2.35873	0.0615116	
2.35904	0.061623	
2.35934	0.0617392	
2.35965	0.0618607	
2.35995	0.061987	
2.36026	0.0621177	
2.36057	0.0622533	
2.36087	0.0623934	
2.36118	0.0625379	
2.36148	0.0626866	
2.36179	0.0628397	
2.36209	0.0629969	
2.3624	0.0631582	
2.3627	0.0633232	
2.36301	0.0634924	
2.36332	0.0636656	
2.36362	0.0638422	
2.36393	0.0640228	
2.36423	0.0642069	
2.36454	0.064395	
2.36484	0.0645861	
2.36515	0.0647813	
2.36545	0.0649795	
2.36576	0.0651814	
2.36607	0.065387	
2.36637	0.0655957	
2.36668	0.0658076	
2.36698	0.0660229	
2.36729	0.0662416	
2.36759	0.0664633	
2.3679	0.0666887	
2.3682	0.0669166	
2.36851	0.0671484	
2.36882	0.0673831	
2.36912	0.0676207	
2.36943	0.0678618	
2.36973	0.0681058	
2.37004	0.0683531	
2.37034	0.0686035	
2.37065	0.0688568	
2.37095	0.0691131	
2.37126	0.0693727	
2.37157	0.0696354	
2.37187	0.069901	
2.37218	0.0701699	
2.37248	0.0704415	
2.37279	0.0707164	
2.37309	0.0709943	
2.3734	0.0712752	
2.3737	0.0715591	
2.37401	0.0718463	
2.37432	0.0721365	
2.37462	0.0724297	
2.37493	0.0727259	
2.37523	0.0730254	
2.37554	0.0733275	
2.37584	0.073633	
2.37615	0.0739418	
2.37645	0.0742536	
2.37676	0.0745684	
2.37707	0.0748862	
2.37737	0.0752073	
2.37768	0.0755314	
2.37798	0.0758588	
2.37829	0.0761896	
2.37859	0.0765234	
2.3789	0.0768606	
2.3792	0.0772007	
2.37951	0.0775442	
2.37982	0.077891	
2.38012	0.0782408	
2.38043	0.0785943	
2.38073	0.0789508	
2.38104	0.0793107	
2.38134	0.0796743	
2.38165	0.0800408	
2.38195	0.0804108	
2.38226	0.0807844	
2.38257	0.0811614	
2.38287	0.0815418	
2.38318	0.0819258	
2.38348	0.0823133	
2.38379	0.0827044	
2.38409	0.0830989	
2.3844	0.0834972	
2.3847	0.0838991	
2.38501	0.0843044	
2.38532	0.0847138	
2.38562	0.0851266	
2.38593	0.0855435	
2.38623	0.0859637	
2.38654	0.086388	
2.38684	0.086816	
2.38715	0.0872482	
2.38746	0.087684	
2.38776	0.088124	
2.38807	0.0885677	
2.38837	0.0890154	
2.38868	0.0894673	
2.38898	0.0899237	
2.38929	0.0903837	
2.38959	0.0908479	
2.3899	0.0913166	
2.39021	0.0917893	
2.39051	0.0922661	
2.39082	0.0927474	
2.39112	0.0932332	
2.39143	0.0937235	
2.39173	0.0942182	
2.39204	0.0947174	
2.39234	0.095221	
2.39265	0.0957292	
2.39296	0.0962421	
2.39326	0.0967596	
2.39357	0.0972819	
2.39387	0.097809	
2.39418	0.098341	
2.39448	0.0988778	
2.39479	0.0994198	
2.39509	0.0999667	
2.3954	0.100518	
2.39571	0.101075	
2.39601	0.101637	
2.39632	0.102205	
2.39662	0.102777	
2.39693	0.103355	
2.39723	0.103939	
2.39754	0.104528	
2.39784	0.105122	
2.39815	0.105722	
2.39846	0.106327	
2.39876	0.106938	
2.39907	0.107555	
2.39937	0.108178	
2.39968	0.108807	
2.39998	0.109441	
2.40029	0.110082	
2.40059	0.110729	
2.4009	0.111382	
2.40121	0.112041	
2.40151	0.112706	
2.40182	0.113378	
2.40212	0.114057	
2.40243	0.114742	
2.40273	0.115434	
2.40304	0.116132	
2.40334	0.116837	
2.40365	0.117549	
2.40396	0.118268	
2.40426	0.118994	
2.40457	0.119727	
2.40487	0.120468	
2.40518	0.121216	
2.40548	0.121971	
2.40579	0.122734	
2.40609	0.123504	
2.4064	0.124282	
2.40671	0.125068	
2.40701	0.125862	
2.40732	0.126664	
2.40762	0.127473	
2.40793	0.128292	
2.40823	0.129118	
2.40854	0.129953	
2.40884	0.130796	
2.40915	0.131648	
2.40946	0.132509	
2.40976	0.133378	
2.41007	0.134257	
2.41037	0.135145	
2.41068	0.136042	
2.41098	0.136948	
2.41129	0.137864	
2.41159	0.13879	
2.4119	0.139725	
2.41221	0.14067	
2.41251	0.141626	
2.41282	0.142591	
2.41312	0.143567	
2.41343	0.144553	
2.41373	0.14555	
2.41404	0.146557	
2.41434	0.147576	
2.41465	0.148606	
2.41496	0.149646	
2.41526	0.150698	
2.41557	0.151762	
2.41587	0.152837	
2.41618	0.153925	
2.41648	0.155024	
2.41679	0.156136	
2.41709	0.15726	
2.4174	0.158396	
2.41771	0.159546	
2.41801	0.160708	
2.41832	0.161884	
2.41862	0.163072	
2.41893	0.164275	
2.41923	0.165491	
2.41954	0.166721	
2.41984	0.167966	
2.42015	0.169225	
2.42046	0.170498	
2.42076	0.171786	
2.42107	0.17309	
2.42137	0.174408	
2.42168	0.175742	
2.42198	0.177092	
2.42229	0.178459	
2.4226	0.179841	
2.4229	0.18124	
2.42321	0.182655	
2.42351	0.184089	
2.42382	0.185539	
2.42412	0.187007	
2.42443	0.188492	
2.42473	0.189997	
2.42504	0.191519	
2.42535	0.19306	
2.42565	0.194621	
2.42596	0.196201	
2.42626	0.197801	
2.42657	0.19942	
2.42687	0.201061	
2.42718	0.202722	
2.42748	0.204404	
2.42779	0.206108	
2.4281	0.207833	
2.4284	0.209581	
2.42871	0.211352	
2.42901	0.213145	
2.42932	0.214962	
2.42962	0.216803	
2.42993	0.218668	
2.43023	0.220557	
2.43054	0.222472	
2.43085	0.224413	
2.43115	0.226379	
2.43146	0.228372	
2.43176	0.230392	
2.43207	0.232439	
2.43237	0.234514	
2.43268	0.236618	
2.43298	0.23875	
2.43329	0.240912	
2.4336	0.243105	
2.4339	0.245328	
2.43421	0.247582	
2.43451	0.249868	
2.43482	0.252185	
2.43512	0.254537	
2.43543	0.256922	
2.43573	0.259341	
2.43604	0.261795	
2.43635	0.264284	
2.43665	0.266811	
2.43696	0.269374	
2.43726	0.271974	
2.43757	0.274613	
2.43787	0.277292	
2.43818	0.28001	
2.43848	0.28277	
2.43879	0.285571	
2.4391	0.288415	
2.4394	0.291302	
2.43971	0.294233	
2.44001	0.29721	
2.44032	0.300232	
2.44062	0.303302	
2.44093	0.30642	
2.44123	0.309587	
2.44154	0.312804	
2.44185	0.316072	
2.44215	0.319393	
2.44246	0.322767	
2.44276	0.326195	
2.44307	0.32968	
2.44337	0.333221	
2.44368	0.336821	
2.44398	0.34048	
2.44429	0.3442	
2.4446	0.347982	
2.4449	0.351828	
2.44521	0.355739	
2.44551	0.359717	
2.44582	0.363763	
2.44612	0.367878	
2.44643	0.372065	
2.44673	0.376325	
2.44704	0.380659	
2.44735	0.38507	
2.44765	0.389559	
2.44796	0.394128	
2.44826	0.398779	
2.44857	0.403515	
2.44887	0.408337	
2.44918	0.413246	
2.44948	0.418246	
2.44979	0.423339	
2.4501	0.428527	
2.4504	0.433812	
2.45071	0.439197	
2.45101	0.444685	
2.45132	0.450277	
2.45162	0.455978	
2.45193	0.461788	
2.45223	0.467713	
2.45254	0.473754	
2.45285	0.479914	
2.45315	0.486197	
2.45346	0.492607	
2.45376	0.499145	
2.45407	0.505817	
2.45437	0.512626	
2.45468	0.519575	
2.45499	0.526668	
2.45529	0.533911	
2.4556	0.541306	
2.4559	0.548857	
2.45621	0.556571	
2.45651	0.564451	
2.45682	0.572503	
2.45712	0.58073	
2.45743	0.589139	
2.45774	0.597735	
2.45804	0.606523	
2.45835	0.615511	
2.45865	0.624702	
2.45896	0.634105	
2.45926	0.643725	
2.45957	0.653569	
2.45987	0.663644	
2.46018	0.673959	
2.46049	0.68452	
2.46079	0.695335	
2.4611	0.706414	
2.4614	0.717764	
2.46171	0.729394	
2.46201	0.741315	
2.46232	0.753536	
2.46262	0.766067	
2.46293	0.778919	
2.46324	0.792104	
2.46354	0.805633	
2.46385	0.819518	
2.46415	0.833772	
2.46446	0.848408	
2.46476	0.863442	
2.46507	0.878886	
2.46537	0.894758	
2.46568	0.911072	
2.46599	0.927846	
2.46629	0.945097	
2.4666	0.962844	
2.4669	0.981108	
2.46721	0.999908	
2.46751	1.01927	
2.46782	1.0392	
2.46812	1.05975	
2.46843	1.08092	
2.46874	1.10275	
2.46904	1.12526	
2.46935	1.14849	
2.46965	1.17247	
2.46996	1.19722	
2.47026	1.22278	
2.47057	1.2492	
2.47087	1.27651	
2.47118	1.30474	
2.47149	1.33395	
2.47179	1.36419	
2.4721	1.39549	
2.4724	1.42792	
2.47271	1.46152	
2.47301	1.49637	
2.47332	1.53252	
2.47362	1.57004	
2.47393	1.60901	
2.47424	1.6495	
2.47454	1.69159	
2.47485	1.73538	
2.47515	1.78096	
2.47546	1.82843	
2.47576	1.8779	
2.47607	1.9295	
2.47637	1.98335	
2.47668	2.03959	
2.47699	2.09837	
2.47729	2.15986	
2.4776	2.22423	
2.4779	2.29167	
2.47821	2.3624	
2.47851	2.43665	
2.47882	2.51466	
2.47912	2.59672	
2.47943	2.68312	
2.47974	2.7742	
2.48004	2.87034	
2.48035	2.97193	
2.48065	3.07945	
2.48096	3.19339	
2.48126	3.31434	
2.48157	3.44293	
2.48187	3.57988	
2.48218	3.72603	
2.48249	3.88231	
2.48279	4.0498	
2.4831	4.22974	
2.4834	4.42358	
2.48371	4.63302	
2.48401	4.86004	
2.48432	5.10701	
2.48462	5.37681	
2.48493	5.67288	
2.48524	5.9995	
2.48554	6.36196	
2.48585	6.76698	
2.48615	7.22315	
2.48646	7.74169	
2.48676	8.33743	
2.48707	9.0304	
2.48737	9.84798	
2.48768	10.828	
2.48799	12.023	
2.48829	13.5045	
2.4886	15.3644	
2.4889	17.7048	
2.48921	20.5944	
2.48951	23.9721	
2.48982	27.5384	
2.49013	30.808	
2.49043	33.4123	
2.49074	35.3083	
2.49104	36.6021	
2.49135	37.3039	
2.49165	37.383	
2.49196	37.0466	
2.49226	36.8059	
2.49257	37.1858	
2.49288	38.4832	
2.49318	40.7831	
2.49349	44.0674	
2.49379	48.2721	
2.4941	53.2705	
2.4944	58.7965	
2.49471	64.3512	
2.49501	69.1953	
2.49532	72.5344	
2.49563	73.8635	
2.49593	73.2465	
2.49624	71.2973	
2.49654	68.8802	
2.49685	66.773	
2.49715	65.502	
2.49746	65.3586	
2.49776	66.4842	
2.49807	68.9297	
2.49838	72.6645	
2.49868	77.5401	
2.49899	83.2276	
2.49929	89.1597	
2.4996	94.5282	
2.4999	98.4024	
2.50021	100	
2.50051	99.0074	
2.50082	95.7284	
2.50113	90.934	
2.50143	85.5399	
2.50174	80.3365	
2.50204	75.8717	
2.50235	72.4592	
2.50265	70.2452	
2.50296	69.2747	
2.50326	69.5129	
2.50357	70.7941	
2.50388	72.7223	
2.50418	74.6205	
2.50449	75.6411	
2.50479	75.0489	
2.5051	72.5292	
2.5054	68.3227	
2.50571	63.09	
2.50601	57.6022	
2.50632	52.4614	
2.50663	47.9949	
2.50693	44.3197	
2.50724	41.4653	
2.50754	39.4568	
2.50785	38.3214	
2.50815	38.0097	
2.50846	38.2523	
2.50876	38.5101	
2.50907	38.2524	
2.50938	37.3387	
2.50968	35.9248	
2.50999	34.0376	
2.51029	31.479	
2.5106	28.1986	
2.5109	24.5722	
2.51121	21.1397	
2.51151	18.2253	
2.51182	15.8839	
2.51213	14.0331	
2.51243	12.5617	
2.51274	11.3729	
2.51304	10.394	
2.51335	9.57279	
2.51365	8.87205	
2.51396	8.26536	
2.51426	7.73356	
2.51457	7.26253	
2.51488	6.84164	
2.51518	6.46275	
2.51549	6.11951	
2.51579	5.80688	
2.5161	5.52079	
2.5164	5.25791	
2.51671	5.0155	
2.51701	4.79125	
2.51732	4.58321	
2.51763	4.38973	
2.51793	4.20939	
2.51824	4.04096	
2.51854	3.88338	
2.51885	3.73574	
2.51915	3.59724	
2.51946	3.46721	
2.51976	3.34509	
2.52007	3.23046	
2.52038	3.12302	
2.52068	3.02267	
2.52099	2.92957	
2.52129	2.84426	
2.5216	2.7676	
2.5219	2.70024	
2.52221	2.6407	
2.52251	2.5835	
2.52282	2.52225	
2.52313	2.45435	
2.52343	2.37943	
2.52374	2.29838	
2.52404	2.21585	
2.52435	2.138	
2.52465	2.06744	
2.52496	2.00364	
2.52527	1.9452	
2.52557	1.89095	
2.52588	1.84007	
2.52618	1.79198	
2.52649	1.74629	
2.52679	1.70274	
2.5271	1.66109	
2.5274	1.6212	
2.52771	1.58292	
2.52802	1.54615	
2.52832	1.51078	
2.52863	1.47674	
2.52893	1.44394	
2.52924	1.41232	
2.52954	1.38182	
2.52985	1.35238	
2.53015	1.32395	
2.53046	1.29648	
2.53077	1.26992	
2.53107	1.24424	
2.53138	1.2194	
2.53168	1.19535	
2.53199	1.17206	
2.53229	1.14951	
2.5326	1.12765	
2.5329	1.10646	
2.53321	1.08592	
2.53352	1.066	
2.53382	1.04667	
2.53413	1.0279	
2.53443	1.00969	
2.53474	0.991995	
2.53504	0.974809	
2.53535	0.95811	
2.53565	0.941879	
2.53596	0.926099	
2.53627	0.910752	
2.53657	0.895824	
2.53688	0.881299	
2.53718	0.867164	
2.53749	0.853403	
2.53779	0.840004	
2.5381	0.826954	
2.5384	0.814242	
2.53871	0.801855	
2.53902	0.789782	
2.53932	0.778014	
2.53963	0.76654	
2.53993	0.75535	
2.54024	0.744434	
2.54054	0.733784	
2.54085	0.723391	
2.54115	0.713247	
2.54146	0.703343	
2.54177	0.693674	
2.54207	0.684229	
2.54238	0.675004	
2.54268	0.66599	
2.54299	0.657182	
2.54329	0.648572	
2.5436	0.640156	
2.5439	0.631927	
2.54421	0.623879	
2.54452	0.616008	
2.54482	0.608306	
2.54513	0.600771	
2.54543	0.593397	
2.54574	0.586179	
2.54604	0.579112	
2.54635	0.572192	
2.54665	0.565416	
2.54696	0.558778	
2.54727	0.552276	
2.54757	0.545904	
2.54788	0.53966	
2.54818	0.53354	
2.54849	0.52754	
2.54879	0.521658	
2.5491	0.515889	
2.5494	0.510232	
2.54971	0.504682	
2.55002	0.499237	
2.55032	0.493895	
2.55063	0.488652	
2.55093	0.483505	
2.55124	0.478453	
2.55154	0.473493	
2.55185	0.468623	
2.55215	0.463839	
2.55246	0.459141	
2.55277	0.454525	
2.55307	0.44999	
2.55338	0.445535	
2.55368	0.441156	
2.55399	0.436851	
2.55429	0.43262	
2.5546	0.42846	
2.5549	0.42437	
2.55521	0.420348	
2.55552	0.416392	
2.55582	0.412501	
2.55613	0.408674	
2.55643	0.404908	
2.55674	0.401203	
2.55704	0.397557	
2.55735	0.393968	
2.55766	0.390437	
2.55796	0.38696	
2.55827	0.383537	
2.55857	0.380167	
2.55888	0.376849	
2.55918	0.373582	
2.55949	0.370364	
2.55979	0.367194	
2.5601	0.364073	
2.56041	0.360997	
2.56071	0.357967	
2.56102	0.354982	
2.56132	0.35204	
2.56163	0.349142	
2.56193	0.346285	
2.56224	0.34347	
2.56254	0.340694	
2.56285	0.337959	
2.56316	0.335262	
2.56346	0.332603	
2.56377	0.329982	
2.56407	0.327397	
2.56438	0.324848	
2.56468	0.322334	
2.56499	0.319855	
2.56529	0.31741	
2.5656	0.314997	
2.56591	0.312618	
2.56621	0.310271	
2.56652	0.307955	
2.56682	0.30567	
2.56713	0.303415	
2.56743	0.30119	
2.56774	0.298994	
2.56804	0.296827	
2.56835	0.294688	
2.56866	0.292576	
2.56896	0.290491	
2.56927	0.288433	
2.56957	0.286401	
2.56988	0.284394	
2.57018	0.282413	
2.57049	0.280455	
2.57079	0.278523	
2.5711	0.276613	
2.57141	0.274727	
2.57171	0.272864	
2.57202	0.271022	
2.57232	0.269203	
2.57263	0.267405	
2.57293	0.265628	
2.57324	0.263871	
2.57354	0.262135	
2.57385	0.260418	
2.57416	0.25872	
2.57446	0.257041	
2.57477	0.255381	
2.57507	0.253738	
2.57538	0.252113	
2.57568	0.250506	
2.57599	0.248915	
2.57629	0.247341	
2.5766	0.245783	
2.57691	0.244241	
2.57721	0.242714	
2.57752	0.241202	
2.57782	0.239705	
2.57813	0.238221	
2.57843	0.236752	
2.57874	0.235296	
2.57904	0.233854	
2.57935	0.232425	
2.57966	0.231007	
2.57996	0.229603	
2.58027	0.22821	
2.58057	0.226829	
2.58088	0.225459	
2.58118	0.2241	
2.58149	0.222752	
2.58179	0.221415	
2.5821	0.220087	
2.58241	0.21877	
2.58271	0.217461	
2.58302	0.216163	
2.58332	0.214873	
2.58363	0.213592	
2.58393	0.21232	
2.58424	0.211056	
2.58454	0.209799	
2.58485	0.208551	
2.58516	0.207311	
2.58546	0.206078	
2.58577	0.204852	
2.58607	0.203633	
2.58638	0.202421	
2.58668	0.201216	
2.58699	0.200017	
2.58729	0.198825	
2.5876	0.197638	
2.58791	0.196458	
2.58821	0.195283	
2.58852	0.194115	
2.58882	0.192951	
2.58913	0.191794	
2.58943	0.190641	
2.58974	0.189494	
2.59004	0.188353	
2.59035	0.187216	
2.59066	0.186083	
2.59096	0.184957	
2.59127	0.183834	
2.59157	0.182717	
2.59188	0.181604	
2.59218	0.180496	
2.59249	0.179392	
2.5928	0.178293	
2.5931	0.177198	
2.59341	0.176108	
2.59371	0.175022	
2.59402	0.173941	
2.59432	0.172864	
2.59463	0.171792	
2.59493	0.170724	
2.59524	0.16966	
2.59555	0.168601	
2.59585	0.167546	
2.59616	0.166496	
2.59646	0.16545	
2.59677	0.164409	
2.59707	0.163371	
2.59738	0.162339	
2.59768	0.161311	
2.59799	0.160288	
2.5983	0.15927	
2.5986	0.158256	
2.59891	0.157246	
2.59921	0.156242	
2.59952	0.155243	
2.59982	0.154248	
2.60013	0.153258	
2.60043	0.152273	
2.60074	0.151293	
2.60105	0.150318	
2.60135	0.149348	
2.60166	0.148383	
2.60196	0.147424	
2.60227	0.146469	
2.60257	0.14552	
2.60288	0.144577	
2.60318	0.143638	
2.60349	0.142705	
2.6038	0.141778	
2.6041	0.140857	
2.60441	0.13994	
2.60471	0.13903	
2.60502	0.138125	
2.60532	0.137226	
2.60563	0.136333	
2.60593	0.135445	
2.60624	0.134563	
2.60655	0.133687	
2.60685	0.132817	
2.60716	0.131954	
2.60746	0.131096	
2.60777	0.130244	
2.60807	0.129398	
2.60838	0.128558	
2.60868	0.127725	
2.60899	0.126897	
2.6093	0.126076	
2.6096	0.125261	
2.60991	0.124452	
2.61021	0.123649	
2.61052	0.122853	
2.61082	0.122062	
2.61113	0.121279	
2.61143	0.120501	
2.61174	0.11973	
2.61205	0.118965	
2.61235	0.118206	
2.61266	0.117454	
2.61296	0.116707	
2.61327	0.115968	
2.61357	0.115234	
2.61388	0.114507	
2.61418	0.113786	
2.61449	0.113072	
2.6148	0.112364	
2.6151	0.111662	
2.61541	0.110966	
2.61571	0.110277	
2.61602	0.109594	
2.61632	0.108917	
2.61663	0.108246	
2.61693	0.107582	
2.61724	0.106924	
2.61755	0.106272	
2.61785	0.105626	
2.61816	0.104986	
2.61846	0.104353	
2.61877	0.103725	
2.61907	0.103104	
2.61938	0.102489	
2.61968	0.10188	
2.61999	0.101277	
2.6203	0.10068	
2.6206	0.100089	
2.62091	0.099504	
2.62121	0.0989251	
2.62152	0.0983521	
2.62182	0.0977848	
2.62213	0.0972234	
2.62243	0.0966683	
2.62274	0.0961185	
2.62305	0.0955749	
2.62335	0.095037	
2.62366	0.094505	
2.62396	0.0939786	
2.62427	0.0934582	
2.62457	0.0929434	
2.62488	0.0924341	
2.62519	0.0919309	
2.62549	0.0914332	
2.6258	0.090941	
2.6261	0.0904545	
2.62641	0.0899736	
2.62671	0.0894982	
2.62702	0.0890289	
2.62732	0.0885647	
2.62763	0.0881065	
2.62794	0.0876535	
2.62824	0.0872061	
2.62855	0.0867642	
2.62885	0.086328	
2.62916	0.0858974	
2.62946	0.0854719	
2.62977	0.0850525	
2.63007	0.0846382	
2.63038	0.0842296	
2.63069	0.0838265	
2.63099	0.083429	
2.6313	0.0830371	
2.6316	0.0826504	
2.63191	0.0822697	
2.63221	0.0818945	
2.63252	0.0815246	
2.63282	0.0811607	
2.63313	0.0808023	
2.63344	0.0804495	
2.63374	0.0801027	
2.63405	0.0797614	
2.63435	0.0794258	
2.63466	0.0790961	
2.63496	0.0787724	
2.63527	0.0784546	
2.63557	0.0781428	
2.63588	0.077837	
2.63619	0.0775371	
2.63649	0.0772435	
2.6368	0.0769563	
2.6371	0.076675	
2.63741	0.0764005	
2.63771	0.0761326	
2.63802	0.0758711	
2.63832	0.0756167	
2.63863	0.075369	
2.63894	0.0751279	
2.63924	0.0748944	
2.63955	0.0746682	
2.63985	0.0744492	
2.64016	0.074238	
2.64046	0.0740346	
2.64077	0.0738394	
2.64107	0.0736523	
2.64138	0.0734735	
2.64169	0.0733037	
2.64199	0.0731427	
2.6423	0.0729915	
2.6426	0.0728495	
2.64291	0.0727177	
2.64321	0.0725958	
2.64352	0.0724852	
2.64382	0.0723854	
2.64413	0.0722975	
2.64444	0.0722215	
2.64474	0.0721585	
2.64505	0.0721086	
2.64535	0.0720724	
2.64566	0.0720512	
2.64596	0.0720453	
2.64627	0.0720557	
2.64657	0.0720829	
2.64688	0.0721287	
2.64719	0.0721935	
2.64749	0.0722785	
2.6478	0.0723854	
2.6481	0.0725158	
2.64841	0.0726707	
2.64871	0.0728521	
2.64902	0.0730623	
2.64932	0.0733033	
2.64963	0.0735775	
2.64994	0.0738878	
2.65024	0.0742376	
2.65055	0.0746299	
2.65085	0.0750694	
2.65116	0.0755601	
2.65146	0.0761077	
2.65177	0.0767183	
2.65207	0.0773985	
2.65238	0.0781573	
2.65269	0.0790041	
2.65299	0.0799503	
2.6533	0.0810102	
2.6536	0.0821996	
2.65391	0.0835393	
2.65421	0.0850536	
2.65452	0.0867736	
2.65482	0.0887372	
2.65513	0.0909932	
2.65544	0.093605	
2.65574	0.0966538	
2.65605	0.100247	
2.65635	0.104528	
2.65666	0.109687	
2.65696	0.115978	
2.65727	0.123724	
2.65757	0.133318	
2.65788	0.145155	
2.65819	0.159448	
2.65849	0.175885	
2.6588	0.193297	
2.6591	0.209804	
2.65941	0.223637	
2.65971	0.233831	
2.66002	0.240147	
2.66033	0.242753	
2.66063	0.242222	
2.66094	0.23986	
2.66124	0.237845	
2.66155	0.238582	
2.66185	0.243868	
2.66216	0.254663	
2.66246	0.271311	
2.66277	0.293668	
2.66308	0.320917	
2.66338	0.351227	
2.66369	0.381567	
2.66399	0.407976	
2.6643	0.426417	
2.6646	0.434235	
2.66491	0.431499	
2.66521	0.421044	
2.66552	0.407172	
2.66583	0.394174	
2.66613	0.385413	
2.66644	0.382999	
2.66674	0.387925	
2.66705	0.400363	
2.66735	0.419878	
2.66766	0.445405	
2.66796	0.475049	
2.66827	0.505874	
2.66858	0.533912	
2.66888	0.554667	
2.66919	0.564258	
2.66949	0.560806	
2.6698	0.545236	
2.6701	0.520846	
2.67041	0.492004	
2.67071	0.462835	
2.67102	0.436482	
2.67133	0.414954	
2.67163	0.399306	
2.67194	0.389912	
2.67224	0.38669	
2.67255	0.389141	
2.67285	0.396175	
2.67316	0.405771	
2.67346	0.414807	
2.67377	0.419492	
2.67408	0.416551	
2.67438	0.404583	
2.67469	0.384679	
2.67499	0.3598	
2.6753	0.333418	
2.6756	0.308339	
2.67591	0.286279	
2.67621	0.268075	
2.67652	0.254067	
2.67683	0.24434	
2.67713	0.238712	
2.67744	0.236528	
2.67774	0.236434	
2.67805	0.236481	
2.67835	0.234584	
2.67866	0.229074	
2.67896	0.219208	
2.67927	0.205429	
2.67958	0.189099	
2.67988	0.171987	
2.68019	0.155718	
2.68049	0.141307	
2.6808	0.129073	
2.6811	0.118879	
2.68141	0.110411	
2.68171	0.103337	
2.68202	0.0973709	
2.68233	0.0922851	
2.68263	0.0879027	
2.68294	0.084088	
2.68324	0.080736	
2.68355	0.0777662	
2.68385	0.0751149	
2.68416	0.0727326	
2.68446	0.0705782	
2.68477	0.0686198	
2.68508	0.0668306	
2.68538	0.0651892	
2.68569	0.0636768	
2.68599	0.0622783	
2.6863	0.0609808	
2.6866	0.059773	
2.68691	0.0586461	
2.68721	0.0575915	
2.68752	0.0566021	
2.68783	0.0556719	
2.68813	0.0547957	
2.68844	0.0539683	
2.68874	0.0531856	
2.68905	0.0524439	
2.68935	0.0517402	
2.68966	0.0510711	
2.68996	0.0504345	
2.69027	0.0498272	
2.69058	0.0492476	
2.69088	0.0486936	
2.69119	0.0481639	
2.69149	0.0476558	
2.6918	0.0471689	
2.6921	0.0467014	
2.69241	0.0462521	
2.69271	0.0458196	
2.69302	0.0454035	
2.69333	0.0450026	
2.69363	0.0446159	
2.69394	0.0442427	
2.69424	0.0438821	
2.69455	0.0435334	
2.69485	0.0431966	
2.69516	0.0428703	
2.69547	0.042554	
2.69577	0.0422478	
2.69608	0.0419509	
2.69638	0.0416629	
2.69669	0.0413831	
2.69699	0.0411116	
2.6973	0.0408474	
2.6976	0.0405908	
2.69791	0.0403412	
2.69822	0.0400983	
2.69852	0.0398621	
2.69883	0.0396319	
2.69913	0.0394076	
2.69944	0.0391889	
2.69974	0.0389762	
2.70005	0.0387684	
2.70035	0.0385657	
2.70066	0.0383683	
2.70097	0.0381753	
2.70127	0.0379868	
2.70158	0.0378031	
2.70188	0.0376236	
2.70219	0.0374481	
2.70249	0.0372767	
2.7028	0.0371095	
2.7031	0.0369459	
2.70341	0.0367861	
2.70372	0.0366297	
2.70402	0.0364769	
2.70433	0.0363275	
2.70463	0.0361815	
2.70494	0.0360388	
2.70524	0.0358991	
2.70555	0.0357628	
2.70585	0.035629	
2.70616	0.0354987	
2.70647	0.0353713	
2.70677	0.0352465	
2.70708	0.0351243	
2.70738	0.0350051	
2.70769	0.0348888	
2.70799	0.0347748	
2.7083	0.0346635	
2.7086	0.034555	
2.70891	0.0344489	
2.70922	0.0343453	
2.70952	0.034244	
2.70983	0.0341453	
2.71013	0.0340492	
2.71044	0.0339553	
2.71074	0.0338636	
2.71105	0.0337742	
2.71135	0.0336874	
2.71166	0.0336029	
2.71197	0.0335205	
2.71227	0.0334404	
2.71258	0.033363	
2.71288	0.0332873	
2.71319	0.0332139	
2.71349	0.0331432	
2.7138	0.0330742	
2.7141	0.0330076	
2.71441	0.0329435	
2.71472	0.0328813	
2.71502	0.0328213	
2.71533	0.0327636	
2.71563	0.0327084	
2.71594	0.0326551	
2.71624	0.0326041	
2.71655	0.0325553	
2.71685	0.0325087	
2.71716	0.0324648	
2.71747	0.0324227	
2.71777	0.0323828	
2.71808	0.0323456	
2.71838	0.0323106	
2.71869	0.0322778	
2.71899	0.0322472	
2.7193	0.0322189	
2.7196	0.0321932	
2.71991	0.0321701	
2.72022	0.0321489	
2.72052	0.0321303	
2.72083	0.0321142	
2.72113	0.0321008	
2.72144	0.0320897	
2.72174	0.0320807	
2.72205	0.0320747	
2.72235	0.032071	
2.72266	0.0320703	
2.72297	0.0320718	
2.72327	0.0320762	
2.72358	0.0320829	
2.72388	0.0320926	
2.72419	0.0321049	
2.72449	0.0321198	
2.7248	0.0321377	
2.7251	0.0321586	
2.72541	0.032182	
2.72572	0.0322081	
2.72602	0.0322375	
2.72633	0.0322696	
2.72663	0.0323046	
2.72694	0.0323426	
2.72724	0.0323836	
2.72755	0.0324275	
2.72786	0.0324745	
2.72816	0.0325244	
2.72847	0.0325777	
2.72877	0.0326339	
2.72908	0.0326931	
2.72938	0.0327557	
2.72969	0.0328213	
2.72999	0.0328898	
2.7303	0.0329621	
2.73061	0.033037	
2.73091	0.0331156	
2.73122	0.0331968	
2.73152	0.0332817	
2.73183	0.0333697	
2.73213	0.0334606	
2.73244	0.0335548	
2.73274	0.0336524	
2.73305	0.033753	
2.73336	0.0338566	
2.73366	0.0339631	
2.73397	0.034073	
2.73427	0.0341859	
2.73458	0.0343017	
2.73488	0.0344206	
2.73519	0.034542	
2.73549	0.0346664	
2.7358	0.0347938	
2.73611	0.0349239	
2.73641	0.0350565	
2.73672	0.0351913	
2.73702	0.0353288	
2.73733	0.0354689	
2.73763	0.0356108	
2.73794	0.0357553	
2.73824	0.0359014	
2.73855	0.0360496	
2.73886	0.0361998	
2.73916	0.0363514	
2.73947	0.0365045	
2.73977	0.0366591	
2.74008	0.0368148	
2.74038	0.0369716	
2.74069	0.0371296	
2.74099	0.0372883	
2.7413	0.0374474	
2.74161	0.0376072	
2.74191	0.037767	
2.74222	0.0379268	
2.74252	0.038087	
2.74283	0.0382464	
2.74313	0.0384059	
2.74344	0.0385646	
2.74374	0.0387225	
2.74405	0.0388797	
2.74436	0.0390358	
2.74466	0.0391908	
2.74497	0.0393443	
2.74527	0.0394963	
2.74558	0.0396468	
2.74588	0.0397954	
2.74619	0.0399422	
2.74649	0.0400871	
2.7468	0.0402298	
2.74711	0.0403706	
2.74741	0.0405088	
2.74772	0.0406448	
2.74802	0.0407789	
2.74833	0.04091	
2.74863	0.0410393	
2.74894	0.0411656	
2.74924	0.04129	
2.74955	0.0414114	
2.74986	0.041531	
2.75016	0.041648	
2.75047	0.0417627	
2.75077	0.0418749	
2.75108	0.0419851	
2.75138	0.0420932	
2.75169	0.0421993	
2.75199	0.0423033	
2.7523	0.0424054	
2.75261	0.0425059	
2.75291	0.0426047	
2.75322	0.0427015	
2.75352	0.0427973	
2.75383	0.0428911	
2.75413	0.0429839	
2.75444	0.0430755	
2.75474	0.0431657	
2.75505	0.0432551	
2.75536	0.043343	
2.75566	0.0434302	
2.75597	0.0435159	
2.75627	0.0436012	
2.75658	0.043685	
2.75688	0.0437681	
2.75719	0.0438496	
2.75749	0.0439305	
2.7578	0.0440102	
2.75811	0.0440884	
2.75841	0.0441652	
2.75872	0.0442408	
2.75902	0.0443146	
2.75933	0.0443865	
2.75963	0.0444561	
2.75994	0.0445239	
2.76024	0.0445891	
2.76055	0.0446517	
2.76086	0.0447113	
2.76116	0.0447676	
2.76147	0.0448205	
2.76177	0.0448696	
2.76208	0.0449147	
2.76238	0.0449557	
2.76269	0.0449914	
2.763	0.0450227	
2.7633	0.0450481	
2.76361	0.0450682	
2.76391	0.045082	
2.76422	0.0450898	
2.76452	0.0450905	
2.76483	0.0450846	
2.76513	0.0450712	
2.76544	0.0450499	
2.76575	0.0450213	
2.76605	0.0449844	
2.76636	0.0449389	
2.76666	0.0448853	
2.76697	0.0448227	
2.76727	0.0447515	
2.76758	0.0446711	
2.76788	0.0445813	
2.76819	0.0444826	
2.7685	0.0443745	
2.7688	0.0442572	
2.76911	0.0441305	
2.76941	0.0439949	
2.76972	0.0438496	
2.77002	0.0436954	
2.77033	0.0435323	
2.77063	0.0433601	
2.77094	0.0431791	
2.77125	0.0429899	
2.77155	0.042792	
2.77186	0.0425857	
2.77216	0.0423718	
2.77247	0.0421502	
2.77277	0.0419211	
2.77308	0.0416849	
2.77338	0.0414416	
2.77369	0.0411917	
2.774	0.0409357	
2.7743	0.0406735	
2.77461	0.040406	
2.77491	0.0401329	
2.77522	0.039855	
2.77552	0.0395726	
2.77583	0.0392858	
2.77613	0.0389948	
2.77644	0.0387006	
2.77675	0.0384029	
2.77705	0.0381026	
2.77736	0.0377994	
2.77766	0.0374943	
2.77797	0.0371873	
2.77827	0.0368789	
2.77858	0.0365689	
2.77888	0.0362583	
2.77919	0.0359468	
2.7795	0.035635	
2.7798	0.0353236	
2.78011	0.0350118	
2.78041	0.0347011	
2.78072	0.0343908	
2.78102	0.0340812	
2.78133	0.0337731	
2.78163	0.0334665	
2.78194	0.0331614	
2.78225	0.0328582	
2.78255	0.0325572	
2.78286	0.032258	
2.78316	0.0319611	
2.78347	0.0316668	
2.78377	0.0313751	
2.78408	0.0310861	
2.78438	0.0308	
2.78469	0.0305168	
2.785	0.0302367	
2.7853	0.0299599	
2.78561	0.0296865	
2.78591	0.029416	
2.78622	0.0291489	
2.78652	0.0288855	
2.78683	0.0286255	
2.78713	0.0283688	
2.78744	0.0281159	
2.78775	0.0278667	
2.78805	0.0276208	
2.78836	0.0273786	
2.78866	0.0271402	
2.78897	0.0269055	
2.78927	0.0266742	
2.78958	0.026447	
2.78988	0.0262231	
2.79019	0.0260029	
2.7905	0.0257861	
2.7908	0.025573	
2.79111	0.0253636	
2.79141	0.0251576	
2.79172	0.0249553	
2.79202	0.0247564	
2.79233	0.0245612	
2.79263	0.024369	
2.79294	0.0241805	
2.79325	0.0239953	
2.79355	0.0238132	
2.79386	0.0236347	
2.79416	0.0234593	
2.79447	0.0232868	
2.79477	0.0231177	
2.79508	0.0229515	
2.79539	0.0227883	
2.79569	0.0226285	
2.796	0.0224713	
2.7963	0.0223171	
2.79661	0.0221655	
2.79691	0.0220168	
2.79722	0.0218708	
2.79752	0.0217278	
2.79783	0.0215869	
2.79814	0.0214491	
2.79844	0.0213135	
2.79875	0.0211805	
2.79905	0.0210501	
2.79936	0.020922	
2.79966	0.0207961	
2.79997	0.0206728	
2.80027	0.0205513	
2.80058	0.0204325	
2.80089	0.0203155	
2.80119	0.0202008	
2.8015	0.0200883	
2.8018	0.0199776	
2.80211	0.0198688	
2.80241	0.0197623	
2.80272	0.0196576	
2.80302	0.0195544	
2.80333	0.0194535	
2.80364	0.019354	
2.80394	0.0192564	
2.80425	0.0191607	
2.80455	0.0190664	
2.80486	0.0189736	
2.80516	0.0188828	
2.80547	0.0187933	
2.80577	0.0187054	
2.80608	0.018619	
2.80639	0.0185341	
2.80669	0.0184506	
2.807	0.0183683	
2.8073	0.0182878	
2.80761	0.0182081	
2.80791	0.0181302	
2.80822	0.0180535	
2.80852	0.0179779	
2.80883	0.0179034	
2.80914	0.0178304	
2.80944	0.0177581	
2.80975	0.0176873	
2.81005	0.0176176	
2.81036	0.0175491	
2.81066	0.0174817	
2.81097	0.017415	
2.81127	0.0173494	
2.81158	0.017285	
2.81189	0.0172216	
2.81219	0.0171591	
2.8125	0.0170972	
2.8128	0.0170369	
2.81311	0.0169769	
2.81341	0.016918	
2.81372	0.0168599	
2.81402	0.0168029	
2.81433	0.0167463	
2.81464	0.0166908	
2.81494	0.016636	
2.81525	0.016582	
2.81555	0.0165287	
2.81586	0.0164762	
2.81616	0.0164244	
2.81647	0.0163734	
2.81677	0.0163231	
2.81708	0.0162736	
2.81739	0.0162244	
2.81769	0.016176	
2.818	0.0161283	
2.8183	0.0160813	
2.81861	0.0160348	
2.81891	0.0159889	
2.81922	0.0159439	
2.81952	0.0158992	
2.81983	0.0158552	
2.82014	0.0158116	
2.82044	0.0157684	
2.82075	0.0157259	
2.82105	0.0156842	
2.82136	0.0156429	
2.82166	0.0156019	
2.82197	0.0155617	
2.82227	0.0155218	
2.82258	0.0154823	
2.82289	0.0154432	
2.82319	0.0154048	
2.8235	0.0153668	
2.8238	0.0153292	
2.82411	0.0152919	
2.82441	0.0152554	
2.82472	0.0152193	
2.82502	0.0151832	
2.82533	0.0151478	
2.82564	0.0151128	
2.82594	0.0150781	
2.82625	0.0150438	
2.82655	0.0150099	
2.82686	0.0149764	
2.82716	0.0149436	
2.82747	0.0149108	
2.82777	0.0148784	
2.82808	0.0148464	
2.82839	0.0148147	
2.82869	0.0147831	
2.829	0.0147521	
2.8293	0.0147216	
2.82961	0.0146911	
2.82991	0.0146613	
2.83022	0.0146315	
2.83053	0.014602	
2.83083	0.014573	
2.83114	0.0145443	
2.83144	0.0145156	
2.83175	0.0144877	
2.83205	0.0144597	
2.83236	0.0144321	
2.83266	0.0144046	
2.83297	0.0143778	
2.83328	0.0143509	
2.83358	0.0143245	
2.83389	0.014298	
2.83419	0.0142723	
2.8345	0.0142466	
2.8348	0.0142209	
2.83511	0.014196	
2.83541	0.014171	
2.83572	0.0141464	
2.83603	0.0141218	
2.83633	0.0140976	
2.83664	0.0140738	
2.83694	0.0140499	
2.83725	0.0140265	
2.83755	0.0140034	
2.83786	0.0139803	
2.83816	0.0139575	
2.83847	0.0139352	
2.83878	0.0139128	
2.83908	0.0138905	
2.83939	0.0138689	
2.83969	0.0138473	
2.84	0.0138257	
2.8403	0.0138044	
2.84061	0.0137836	
2.84091	0.0137627	
2.84122	0.0137422	
2.84153	0.0137217	
2.84183	0.0137016	
2.84214	0.0136815	
2.84244	0.0136618	
2.84275	0.0136424	
2.84305	0.013623	
2.84336	0.0136036	
2.84366	0.013585	
2.84397	0.013566	
2.84428	0.0135474	
2.84458	0.0135291	
2.84489	0.0135109	
2.84519	0.013493	
2.8455	0.0134751	
2.8458	0.0134576	
2.84611	0.0134405	
2.84641	0.013423	
2.84672	0.0134062	
2.84703	0.0133894	
2.84733	0.0133727	
2.84764	0.0133563	
2.84794	0.0133399	
2.84825	0.0133239	
2.84855	0.0133079	
2.84886	0.0132922	
2.84916	0.0132769	
2.84947	0.0132617	
2.84978	0.0132464	
2.85008	0.0132315	
2.85039	0.0132166	
2.85069	0.0132021	
2.851	0.0131875	
2.8513	0.0131734	
2.85161	0.0131596	
2.85191	0.0131458	
2.85222	0.013132	
2.85253	0.0131186	
2.85283	0.0131052	
2.85314	0.0130922	
2.85344	0.0130795	
2.85375	0.0130668	
2.85405	0.0130542	
2.85436	0.0130419	
2.85466	0.0130296	
2.85497	0.0130177	
2.85528	0.0130061	
2.85558	0.0129946	
2.85589	0.0129834	
2.85619	0.0129722	
2.8565	0.012961	
2.8568	0.0129502	
2.85711	0.0129398	
2.85741	0.0129294	
2.85772	0.0129193	
2.85803	0.0129092	
2.85833	0.0128996	
2.85864	0.0128902	
2.85894	0.0128809	
2.85925	0.0128716	
2.85955	0.0128627	
2.85986	0.0128541	
2.86016	0.0128455	
2.86047	0.0128374	
2.86078	0.0128295	
2.86108	0.0128217	
2.86139	0.0128143	
2.86169	0.0128068	
2.862	0.0127997	
2.8623	0.0127926	
2.86261	0.0127863	
2.86291	0.0127796	
2.86322	0.0127736	
2.86353	0.0127677	
2.86383	0.0127621	
2.86414	0.0127565	
2.86444	0.0127513	
2.86475	0.0127465	
2.86505	0.012742	
2.86536	0.0127375	
2.86567	0.0127334	
2.86597	0.0127297	
2.86628	0.012726	
2.86658	0.0127226	
2.86689	0.0127196	
2.86719	0.012717	
2.8675	0.0127148	
2.8678	0.0127126	
2.86811	0.0127107	
2.86842	0.0127092	
2.86872	0.0127081	
2.86903	0.0127073	
2.86933	0.0127066	
2.86964	0.0127066	
2.86994	0.0127066	
2.87025	0.012707	
2.87055	0.0127081	
2.87086	0.0127092	
2.87117	0.0127107	
2.87147	0.0127126	
2.87178	0.0127148	
2.87208	0.0127174	
2.87239	0.0127204	
2.87269	0.0127241	
2.873	0.0127278	
2.8733	0.0127323	
2.87361	0.0127368	
2.87392	0.012742	
2.87422	0.0127476	
2.87453	0.0127535	
2.87483	0.0127599	
2.87514	0.0127669	
2.87544	0.0127744	
2.87575	0.0127822	
2.87605	0.0127908	
2.87636	0.0127994	
2.87667	0.012809	
2.87697	0.0128187	
2.87728	0.0128295	
2.87758	0.0128403	
2.87789	0.0128519	
2.87819	0.0128642	
2.8785	0.0128772	
2.8788	0.0128906	
2.87911	0.0129044	
2.87942	0.0129189	
2.87972	0.0129346	
2.88003	0.0129502	
2.88033	0.012967	
2.88064	0.0129845	
2.88094	0.0130024	
2.88125	0.0130214	
2.88155	0.0130408	
2.88186	0.0130612	
2.88217	0.0130821	
2.88247	0.0131041	
2.88278	0.0131268	
2.88308	0.0131503	
2.88339	0.0131749	
2.88369	0.0132002	
2.884	0.0132263	
2.8843	0.0132535	
2.88461	0.0132818	
2.88492	0.0133108	
2.88522	0.013341	
2.88553	0.0133719	
2.88583	0.0134043	
2.88614	0.0134375	
2.88644	0.0134721	
2.88675	0.0135075	
2.88705	0.013544	
2.88736	0.013582	
2.88767	0.0136212	
2.88797	0.0136618	
2.88828	0.0137031	
2.88858	0.0137463	
2.88889	0.0137907	
2.88919	0.0138365	
2.8895	0.0138834	
2.8898	0.0139322	
2.89011	0.0139825	
2.89042	0.0140339	
2.89072	0.0140872	
2.89103	0.0141423	
2.89133	0.0141989	
2.89164	0.0142571	
2.89194	0.014317	
2.89225	0.0143789	
2.89255	0.0144426	
2.89286	0.0145081	
2.89317	0.0145756	
2.89347	0.0146452	
2.89378	0.0147168	
2.89408	0.0147901	
2.89439	0.0148658	
2.89469	0.0149436	
2.895	0.0150237	
2.8953	0.0151064	
2.89561	0.015191	
2.89592	0.0152782	
2.89622	0.0153679	
2.89653	0.01546	
2.89683	0.0155546	
2.89714	0.0156522	
2.89744	0.015752	
2.89775	0.0158548	
2.89806	0.0159606	
2.89836	0.016069	
2.89867	0.0161804	
2.89897	0.0162948	
2.89928	0.0164121	
2.89958	0.0165328	
2.89989	0.0166565	
2.90019	0.0167836	
2.9005	0.0169136	
2.90081	0.0170473	
2.90111	0.0171844	
2.90142	0.0173248	
2.90172	0.0174686	
2.90203	0.0176162	
2.90233	0.0177674	
2.90264	0.0179224	
2.90294	0.0180811	
2.90325	0.0182431	
2.90356	0.0184093	
2.90386	0.0185791	
2.90417	0.0187531	
2.90447	0.0189308	
2.90478	0.0191122	
2.90508	0.0192977	
2.90539	0.0194874	
2.90569	0.0196807	
2.906	0.0198781	
2.90631	0.0200797	
2.90661	0.020285	
2.90692	0.0204943	
2.90722	0.0207074	
2.90753	0.0209242	
2.90783	0.0211451	
2.90814	0.0213694	
2.90844	0.0215977	
2.90875	0.0218295	
2.90906	0.0220649	
2.90936	0.0223037	
2.90967	0.0225455	
2.90997	0.0227906	
2.91028	0.0230387	
2.91058	0.0232898	
2.91089	0.0235435	
2.91119	0.0237998	
2.9115	0.0240583	
2.91181	0.0243191	
2.91211	0.0245817	
2.91242	0.0248458	
2.91272	0.0251114	
2.91303	0.0253785	
2.91333	0.025646	
2.91364	0.0259142	
2.91394	0.0261825	
2.91425	0.0264511	
2.91456	0.0267189	
2.91486	0.0269864	
2.91517	0.0272524	
2.91547	0.0275172	
2.91578	0.0277802	
2.91608	0.0280414	
2.91639	0.0282995	
2.91669	0.0285551	
2.917	0.0288073	
2.91731	0.0290561	
2.91761	0.0293005	
2.91792	0.0295412	
2.91822	0.0297766	
2.91853	0.0300072	
2.91883	0.0302326	
2.91914	0.030452	
2.91944	0.0306658	
2.91975	0.0308733	
2.92006	0.0310741	
2.92036	0.0312682	
2.92067	0.0314556	
2.92097	0.0316355	
2.92128	0.0318084	
2.92158	0.0319738	
2.92189	0.0321317	
2.92219	0.0322819	
2.9225	0.0324242	
2.92281	0.032559	
2.92311	0.0326861	
2.92342	0.0328057	
2.92372	0.0329174	
2.92403	0.0330217	
2.92433	0.0331189	
2.92464	0.0332087	
2.92494	0.0332914	
2.92525	0.0333678	
2.92556	0.0334371	
2.92586	0.0335004	
2.92617	0.0335578	
2.92647	0.0336092	
2.92678	0.0336554	
2.92708	0.0336964	
2.92739	0.0337325	
2.92769	0.0337642	
2.928	0.0337921	
2.92831	0.033816	
2.92861	0.0338364	
2.92892	0.0338543	
2.92922	0.0338692	
2.92953	0.0338815	
2.92983	0.0338919	
2.93014	0.0339009	
2.93044	0.033908	
2.93075	0.0339143	
2.93106	0.0339195	
2.93136	0.033924	
2.93167	0.0339285	
2.93197	0.0339322	
2.93228	0.0339363	
2.93258	0.03394	
2.93289	0.0339441	
2.9332	0.0339486	
2.9335	0.0339534	
2.93381	0.0339583	
2.93411	0.0339638	
2.93442	0.0339698	
2.93472	0.0339758	
2.93503	0.0339821	
2.93533	0.0339888	
2.93564	0.0339951	
2.93595	0.0340015	
2.93625	0.0340071	
2.93656	0.0340126	
2.93686	0.0340171	
2.93717	0.0340208	
2.93747	0.0340231	
2.93778	0.0340238	
2.93808	0.0340231	
2.93839	0.0340201	
2.9387	0.0340149	
2.939	0.0340071	
2.93931	0.0339963	
2.93961	0.0339821	
2.93992	0.033965	
2.94022	0.0339437	
2.94053	0.0339188	
2.94083	0.0338897	
2.94114	0.0338566	
2.94145	0.0338186	
2.94175	0.0337761	
2.94206	0.0337288	
2.94236	0.0336766	
2.94267	0.0336196	
2.94297	0.0335578	
2.94328	0.0334915	
2.94358	0.03342	
2.94389	0.033344	
2.9442	0.0332635	
2.9445	0.0331793	
2.94481	0.033091	
2.94511	0.0329994	
2.94542	0.0329044	
2.94572	0.0328075	
2.94603	0.0327084	
2.94633	0.0326078	
2.94664	0.0325073	
2.94695	0.0324067	
2.94725	0.0323072	
2.94756	0.03221	
2.94786	0.0321157	
2.94817	0.0320256	
2.94847	0.0319403	
2.94878	0.0318617	
2.94908	0.0317901	
2.94939	0.0317264	
2.9497	0.031672	
2.95	0.0316277	
2.95031	0.0315931	
2.95061	0.0315689	
2.95092	0.0315554	
2.95122	0.0315536	
2.95153	0.0315644	
2.95183	0.0315927	
2.95214	0.0316449	
2.95245	0.0317339	
2.95275	0.0318762	
2.95306	0.0320908	
2.95336	0.0323895	
2.95367	0.0327669	
2.95397	0.033189	
2.95428	0.0335902	
2.95458	0.0338838	
2.95489	0.033981	
2.9552	0.0338178	
2.9555	0.0333756	
2.95581	0.0326864	
2.95611	0.0318229	
2.95642	0.0308756	
2.95672	0.029929	
2.95703	0.0290409	
2.95733	0.0282381	
2.95764	0.027521	
2.95795	0.026875	
2.95825	0.0262823	
2.95856	0.0257272	
2.95886	0.0251994	
2.95917	0.0246927	
2.95947	0.0242047	
2.95978	0.0237342	
2.96008	0.0232812	
2.96039	0.0228457	
2.9607	0.0224277	
2.961	0.0220276	
2.96131	0.0216447	
2.96161	0.0212785	
2.96192	0.0209283	
2.96222	0.0205934	
2.96253	0.020273	
2.96283	0.0199664	
2.96314	0.0196733	
2.96345	0.019392	
2.96375	0.0191227	
2.96406	0.0188641	
2.96436	0.0186156	
2.96467	0.0183769	
2.96497	0.0181474	
2.96528	0.0179265	
2.96559	0.0177138	
2.96589	0.0175085	
2.9662	0.0173111	
2.9665	0.0171203	
2.96681	0.0169359	
2.96711	0.0167582	
2.96742	0.0165861	
2.96772	0.01642	
2.96803	0.016259	
2.96834	0.0161037	
2.96864	0.0159532	
2.96895	0.0158072	
2.96925	0.015666	
2.96956	0.0155292	
2.96986	0.0153966	
2.97017	0.0152681	
2.97047	0.0151433	
2.97078	0.0150226	
2.97109	0.0149053	
2.97139	0.0147913	
2.9717	0.014681	
2.972	0.0145737	
2.97231	0.0144694	
2.97261	0.0143684	
2.97292	0.0142705	
2.97322	0.0141751	
2.97353	0.0140823	
2.97384	0.0139922	
2.97414	0.013905	
2.97445	0.0138201	
2.97475	0.0137374	
2.97506	0.0136569	
2.97536	0.0135791	
2.97567	0.0135031	
2.97597	0.0134293	
2.97628	0.0133578	
2.97659	0.0132877	
2.97689	0.0132199	
2.9772	0.013154	
2.9775	0.0130899	
2.97781	0.0130273	
2.97811	0.0129666	
2.97842	0.0129074	
2.97872	0.01285	
2.97903	0.0127938	
2.97934	0.0127394	
2.97964	0.0126865	
2.97995	0.0126347	
2.98025	0.0125844	
2.98056	0.0125356	
2.98086	0.0124879	
2.98117	0.0124417	
2.98147	0.0123966	
2.98178	0.0123527	
2.98209	0.0123098	
2.98239	0.0122681	
2.9827	0.0122275	
2.983	0.012188	
2.98331	0.0121497	
2.98361	0.0121124	
2.98392	0.0120759	
2.98422	0.0120405	
2.98453	0.0120059	
2.98484	0.011972	
2.98514	0.0119392	
2.98545	0.0119075	
2.98575	0.0118762	
2.98606	0.0118461	
2.98636	0.0118166	
2.98667	0.0117879	
2.98697	0.0117596	
2.98728	0.0117324	
2.98759	0.011706	
2.98789	0.0116803	
2.9882	0.0116549	
2.9885	0.0116304	
2.98881	0.0116065	
2.98911	0.0115834	
2.98942	0.0115607	
2.98972	0.0115387	
2.99003	0.0115171	
2.99034	0.0114962	
2.99064	0.0114761	
2.99095	0.011456	
2.99125	0.011437	
2.99156	0.011418	
2.99186	0.0113998	
2.99217	0.0113823	
2.99247	0.0113647	
2.99278	0.011348	
2.99309	0.0113316	
2.99339	0.0113156	
2.9937	0.0113003	
2.994	0.011285	
2.99431	0.0112705	
2.99461	0.011256	
2.99492	0.0112422	
2.99522	0.0112288	
2.99553	0.0112157	
2.99584	0.0112027	
2.99614	0.0111904	
2.99645	0.0111785	
2.99675	0.0111669	
2.99706	0.0111554	
2.99736	0.0111446	
2.99767	0.0111338	
2.99797	0.0111233	
2.99828	0.0111133	
2.99859	0.0111036	
2.99889	0.0110939	
2.9992	0.0110846	
2.9995	0.011076	
2.99981	0.0110671	
3.00011	0.0110589	
3.00042	0.0110507	
3.00073	0.0110429	
3.00103	0.0110354	
3.00134	0.011028	
3.00164	0.0110209	
3.00195	0.0110142	
3.00225	0.0110075	
3.00256	0.0110012	
3.00286	0.0109948	
3.00317	0.0109889	
3.00348	0.0109833	
3.00378	0.0109777	
3.00409	0.0109725	
3.00439	0.0109673	
3.0047	0.0109624	
3.005	0.0109579	
3.00531	0.0109535	
3.00561	0.010949	
3.00592	0.0109449	
3.00623	0.0109412	
3.00653	0.0109371	
3.00684	0.0109337	
3.00714	0.0109304	
3.00745	0.010927	
3.00775	0.010924	
3.00806	0.0109211	
3.00836	0.0109185	
3.00867	0.0109158	
3.00898	0.0109132	
3.00928	0.010911	
3.00959	0.0109088	
3.00989	0.0109069	
3.0102	0.010905	
3.0105	0.0109036	
3.01081	0.0109021	
3.01111	0.0109006	
3.01142	0.0108991	
3.01173	0.010898	
3.01203	0.0108972	
3.01234	0.0108961	
3.01264	0.0108954	
3.01295	0.010895	
3.01325	0.0108946	
3.01356	0.0108942	
3.01386	0.0108939	
3.01417	0.0108939	
3.01448	0.0108939	
3.01478	0.0108939	
3.01509	0.0108942	
3.01539	0.0108946	
3.0157	0.010895	
3.016	0.0108954	
3.01631	0.0108961	
3.01661	0.0108968	
3.01692	0.010898	
3.01723	0.0108987	
3.01753	0.0108998	
3.01784	0.0109009	
3.01814	0.0109024	
3.01845	0.0109039	
3.01875	0.0109054	
3.01906	0.0109069	
3.01936	0.0109088	
3.01967	0.0109103	
3.01998	0.0109121	
3.02028	0.0109144	
3.02059	0.0109162	
3.02089	0.0109185	
3.0212	0.0109207	
3.0215	0.0109229	
3.02181	0.0109255	
3.02211	0.0109278	
3.02242	0.0109304	
3.02273	0.0109334	
3.02303	0.010936	
3.02334	0.0109389	
3.02364	0.0109416	
3.02395	0.0109445	
3.02425	0.0109479	
3.02456	0.0109509	
3.02486	0.0109542	
3.02517	0.0109576	
3.02548	0.0109609	
3.02578	0.0109643	
3.02609	0.010968	
3.02639	0.0109714	
3.0267	0.0109751	
3.027	0.0109788	
3.02731	0.0109829	
3.02761	0.0109866	
3.02792	0.0109907	
3.02823	0.0109948	
3.02853	0.0109989	
3.02884	0.011003	
3.02914	0.0110075	
3.02945	0.0110116	
3.02975	0.0110161	
3.03006	0.0110205	
3.03036	0.011025	
3.03067	0.0110295	
3.03098	0.0110343	
3.03128	0.0110392	
3.03159	0.011044	
3.03189	0.0110488	
3.0322	0.0110537	
3.0325	0.0110585	
3.03281	0.0110637	
3.03311	0.011069	
3.03342	0.0110742	
3.03373	0.0110794	
3.03403	0.0110846	
3.03434	0.0110898	
3.03464	0.0110954	
3.03495	0.011101	
3.03525	0.0111062	
3.03556	0.0111122	
3.03587	0.0111178	
3.03617	0.0111233	
3.03648	0.0111293	
3.03678	0.0111349	
3.03709	0.0111409	
3.03739	0.0111468	
3.0377	0.0111528	
3.038	0.0111591	
3.03831	0.0111651	
3.03862	0.0111714	
3.03892	0.0111777	
3.03923	0.0111841	
3.03953	0.0111904	
3.03984	0.0111967	
3.04014	0.0112031	
3.04045	0.0112098	
3.04075	0.0112165	
3.04106	0.0112228	
3.04137	0.0112295	
3.04167	0.0112366	
3.04198	0.0112433	
3.04228	0.01125	
3.04259	0.0112571	
3.04289	0.0112638	
3.0432	0.0112709	
3.0435	0.0112779	
3.04381	0.0112854	
3.04412	0.0112925	
3.04442	0.0112996	
3.04473	0.011307	
3.04503	0.0113145	
3.04534	0.0113215	
3.04564	0.011329	
3.04595	0.0113368	
3.04625	0.0113443	
3.04656	0.0113517	
3.04687	0.0113595	
3.04717	0.0113674	
3.04748	0.0113748	
3.04778	0.0113826	
3.04809	0.0113904	
3.04839	0.0113986	
3.0487	0.0114065	
3.049	0.0114147	
3.04931	0.0114225	
3.04962	0.0114307	
3.04992	0.0114389	
3.05023	0.0114471	
3.05053	0.0114553	
3.05084	0.0114638	
3.05114	0.011472	
3.05145	0.0114806	
3.05175	0.0114892	
3.05206	0.0114974	
3.05237	0.0115059	
3.05267	0.0115149	
3.05298	0.0115234	
3.05328	0.011532	
3.05359	0.0115409	
3.05389	0.0115499	
3.0542	0.0115585	
3.0545	0.0115674	
3.05481	0.0115767	
3.05512	0.0115857	
3.05542	0.0115946	
3.05573	0.0116039	
3.05603	0.0116128	
3.05634	0.0116222	
3.05664	0.0116315	
3.05695	0.0116408	
3.05725	0.0116501	
3.05756	0.0116594	
3.05787	0.0116691	
3.05817	0.0116784	
3.05848	0.0116881	
3.05878	0.0116978	
3.05909	0.0117075	
3.05939	0.0117172	
3.0597	0.0117268	
3.06	0.0117369	
3.06031	0.0117466	
3.06062	0.0117566	
3.06092	0.0117663	
3.06123	0.0117764	
3.06153	0.0117864	
3.06184	0.0117969	
3.06214	0.0118069	
3.06245	0.011817	
3.06275	0.0118274	
3.06306	0.0118375	
3.06337	0.0118479	
3.06367	0.0118583	
3.06398	0.0118688	
3.06428	0.0118796	
3.06459	0.01189	
3.06489	0.0119004	
3.0652	0.0119112	
3.0655	0.011922	
3.06581	0.0119328	
3.06612	0.0119437	
3.06642	0.0119545	
3.06673	0.0119653	
3.06703	0.0119761	
3.06734	0.0119872	
3.06764	0.0119984	
3.06795	0.0120092	
3.06826	0.0120204	
3.06856	0.0120316	
3.06887	0.0120431	
3.06917	0.0120543	
3.06948	0.0120655	
3.06978	0.012077	
3.07009	0.0120886	
3.07039	0.0121001	
3.0707	0.0121117	
3.07101	0.0121232	
3.07131	0.0121348	
3.07162	0.0121463	
3.07192	0.0121582	
3.07223	0.0121702	
3.07253	0.0121817	
3.07284	0.0121936	
3.07314	0.0122055	
3.07345	0.0122178	
3.07376	0.0122298	
3.07406	0.012242	
3.07437	0.012254	
3.07467	0.0122663	
3.07498	0.0122786	
3.07528	0.0122909	
3.07559	0.0123031	
3.07589	0.0123154	
3.0762	0.0123281	
3.07651	0.0123404	
3.07681	0.0123531	
3.07712	0.0123657	
3.07742	0.0123784	
3.07773	0.0123911	
3.07803	0.0124037	
3.07834	0.0124168	
3.07864	0.0124294	
3.07895	0.0124425	
3.07926	0.0124555	
3.07956	0.0124685	
3.07987	0.0124816	
3.08017	0.0124946	
3.08048	0.0125077	
3.08078	0.0125211	
3.08109	0.0125341	
3.08139	0.0125475	
3.0817	0.0125609	
3.08201	0.0125743	
3.08231	0.0125878	
3.08262	0.0126015	
3.08292	0.012615	
3.08323	0.0126287	
3.08353	0.0126425	
3.08384	0.0126563	
3.08414	0.0126701	
3.08445	0.0126839	
3.08476	0.0126977	
3.08506	0.0127118	
3.08537	0.0127256	
3.08567	0.0127397	
3.08598	0.0127539	
3.08628	0.0127681	
3.08659	0.0127822	
3.08689	0.0127967	
3.0872	0.0128109	
3.08751	0.0128254	
3.08781	0.0128396	
3.08812	0.0128541	
3.08842	0.0128686	
3.08873	0.0128835	
3.08903	0.0128981	
3.08934	0.0129126	
3.08964	0.0129275	
3.08995	0.0129424	
3.09026	0.0129573	
3.09056	0.0129722	
3.09087	0.0129871	
3.09117	0.013002	
3.09148	0.0130173	
3.09178	0.0130326	
3.09209	0.0130478	
3.09239	0.0130631	
3.0927	0.0130784	
3.09301	0.0130937	
3.09331	0.0131089	
3.09362	0.0131246	
3.09392	0.0131402	
3.09423	0.0131555	
3.09453	0.0131715	
3.09484	0.0131872	
3.09514	0.0132028	
3.09545	0.0132184	
3.09576	0.0132345	
3.09606	0.0132505	
3.09637	0.0132665	
3.09667	0.0132825	
3.09698	0.0132985	
3.09728	0.0133149	
3.09759	0.013331	
3.09789	0.0133473	
3.0982	0.0133637	
3.09851	0.0133801	
3.09881	0.0133965	
3.09912	0.0134129	
3.09942	0.0134297	
3.09973	0.0134461	
3.10003	0.0134628	
3.10034	0.0134796	
3.10064	0.0134964	
3.10095	0.0135131	
3.10126	0.0135303	
3.10156	0.013547	
3.10187	0.0135642	
3.10217	0.0135813	
3.10248	0.0135984	
3.10278	0.0136156	
3.10309	0.0136331	
3.1034	0.0136502	
3.1037	0.0136677	
3.10401	0.0136852	
3.10431	0.0137027	
3.10462	0.0137202	
3.10492	0.0137378	
3.10523	0.0137556	
3.10553	0.0137735	
3.10584	0.013791	
3.10615	0.0138089	
3.10645	0.0138272	
3.10676	0.013845	
3.10706	0.0138629	
3.10737	0.0138812	
3.10767	0.0138994	
3.10798	0.0139177	
3.10828	0.0139359	
3.10859	0.0139542	
3.1089	0.0139728	
3.1092	0.0139914	
3.10951	0.0140101	
3.10981	0.0140287	
3.11012	0.0140473	
3.11042	0.014066	
3.11073	0.014085	
3.11103	0.0141036	
3.11134	0.0141226	
3.11165	0.0141416	
3.11195	0.0141606	
3.11226	0.0141799	
3.11256	0.0141989	
3.11287	0.0142183	
3.11317	0.0142377	
3.11348	0.0142571	
3.11378	0.0142764	
3.11409	0.0142958	
3.1144	0.0143155	
3.1147	0.0143353	
3.11501	0.014355	
3.11531	0.0143748	
3.11562	0.0143945	
3.11592	0.0144146	
3.11623	0.0144344	
3.11653	0.0144545	
3.11684	0.0144746	
3.11715	0.0144947	
3.11745	0.0145152	
3.11776	0.0145353	
3.11806	0.0145558	
3.11837	0.0145763	
3.11867	0.0145968	
3.11898	0.0146173	
3.11928	0.0146378	
3.11959	0.0146586	
3.1199	0.0146795	
3.1202	0.0147004	
3.12051	0.0147212	
3.12081	0.0147421	
3.12112	0.0147633	
3.12142	0.0147846	
3.12173	0.0148058	
3.12203	0.014827	
3.12234	0.0148483	
3.12265	0.0148695	
3.12295	0.0148911	
3.12326	0.0149127	
3.12356	0.0149343	
3.12387	0.0149559	
3.12417	0.0149779	
3.12448	0.0149995	
3.12478	0.0150215	
3.12509	0.0150435	
3.1254	0.0150654	
3.1257	0.0150878	
3.12601	0.0151098	
3.12631	0.0151321	
3.12662	0.0151545	
3.12692	0.0151768	
3.12723	0.0151992	
3.12753	0.0152219	
3.12784	0.0152446	
3.12815	0.0152674	
3.12845	0.0152901	
3.12876	0.0153128	
3.12906	0.0153359	
3.12937	0.0153586	
3.12967	0.0153817	
3.12998	0.0154048	
3.13028	0.0154283	
3.13059	0.0154514	
3.1309	0.0154749	
3.1312	0.0154983	
3.13151	0.0155218	
3.13181	0.0155453	
3.13212	0.0155691	
3.13242	0.0155929	
3.13273	0.0156168	
3.13303	0.0156406	
3.13334	0.0156645	
3.13365	0.0156887	
3.13395	0.0157125	
3.13426	0.0157367	
3.13456	0.0157613	
3.13487	0.0157855	
3.13517	0.0158101	
3.13548	0.0158343	
3.13579	0.0158589	
3.13609	0.0158839	
3.1364	0.0159085	
3.1367	0.0159334	
3.13701	0.0159584	
3.13731	0.0159834	
3.13762	0.0160083	
3.13792	0.0160336	
3.13823	0.0160586	
3.13854	0.0160839	
3.13884	0.0161093	
3.13915	0.016135	
3.13945	0.0161603	
3.13976	0.016186	
3.14006	0.0162117	
3.14037	0.0162374	
3.14067	0.0162635	
3.14098	0.0162896	
3.14129	0.0163157	
3.14159	0.0163417	
3.1419	0.0163678	
3.1422	0.0163943	
3.14251	0.0164203	
3.14281	0.0164472	
3.14312	0.0164736	
3.14342	0.0165001	
3.14373	0.0165269	
3.14404	0.0165537	
3.14434	0.0165805	
3.14465	0.0166073	
3.14495	0.0166345	
3.14526	0.0166617	
3.14556	0.0166889	
3.14587	0.0167161	
3.14617	0.0167437	
3.14648	0.0167713	
3.14679	0.0167988	
3.14709	0.0168264	
3.1474	0.016854	
3.1477	0.0168819	
3.14801	0.0169098	
3.14831	0.0169378	
3.14862	0.0169661	
3.14892	0.016994	
3.14923	0.0170223	
3.14954	0.0170507	
3.14984	0.0170793	
3.15015	0.017108	
3.15045	0.0171363	
3.15076	0.0171654	
3.15106	0.0171941	
3.15137	0.0172228	
3.15167	0.0172518	
3.15198	0.0172809	
3.15229	0.0173103	
3.15259	0.0173394	
3.1529	0.0173688	
3.1532	0.0173982	
3.15351	0.017428	
3.15381	0.0174575	
3.15412	0.0174873	
3.15442	0.0175171	
3.15473	0.0175472	
3.15504	0.017577	
3.15534	0.0176072	
3.15565	0.0176374	
3.15595	0.0176676	
3.15626	0.0176981	
3.15656	0.0177287	
3.15687	0.0177592	
3.15717	0.0177898	
3.15748	0.0178207	
3.15779	0.0178516	
3.15809	0.0178825	
3.1584	0.0179138	
3.1587	0.0179447	
3.15901	0.017976	
3.15931	0.0180077	
3.15962	0.018039	
3.15992	0.0180706	
3.16023	0.0181023	
3.16054	0.018134	
3.16084	0.018166	
3.16115	0.018198	
3.16145	0.0182301	
3.16176	0.0182621	
3.16206	0.0182945	
3.16237	0.0183269	
3.16267	0.0183593	
3.16298	0.0183918	
3.16329	0.0184245	
3.16359	0.0184573	
3.1639	0.0184901	
3.1642	0.0185233	
3.16451	0.0185564	
3.16481	0.0185896	
3.16512	0.0186231	
3.16542	0.0186563	
3.16573	0.0186898	
3.16604	0.0187237	
3.16634	0.0187572	
3.16665	0.0187911	
3.16695	0.018825	
3.16726	0.0188593	
3.16756	0.0188932	
3.16787	0.0189275	
3.16817	0.0189621	
3.16848	0.0189964	
3.16879	0.019031	
3.16909	0.0190657	
3.1694	0.0191007	
3.1697	0.0191353	
3.17001	0.0191707	
3.17031	0.0192057	
3.17062	0.0192411	
3.17093	0.0192765	
3.17123	0.0193119	
3.17154	0.0193473	
3.17184	0.0193831	
3.17215	0.0194192	
3.17245	0.019455	
3.17276	0.0194911	
3.17306	0.0195272	
3.17337	0.0195634	
3.17368	0.0195999	
3.17398	0.0196364	
3.17429	0.0196729	
3.17459	0.0197098	
3.1749	0.0197466	
3.1752	0.0197835	
3.17551	0.0198208	
3.17581	0.019858	
3.17612	0.0198953	
3.17643	0.0199329	
3.17673	0.0199705	
3.17704	0.0200082	
3.17734	0.0200458	
3.17765	0.0200838	
3.17795	0.0201222	
3.17826	0.0201602	
3.17856	0.0201985	
3.17887	0.0202369	
3.17918	0.0202756	
3.17948	0.0203144	
3.17979	0.0203531	
3.18009	0.0203919	
3.1804	0.020431	
3.1807	0.0204701	
3.18101	0.0205096	
3.18131	0.0205491	
3.18162	0.0205886	
3.18193	0.0206284	
3.18223	0.0206679	
3.18254	0.0207081	
3.18284	0.020748	
3.18315	0.0207882	
3.18345	0.0208288	
3.18376	0.0208691	
3.18406	0.0209097	
3.18437	0.0209507	
3.18468	0.0209913	
3.18498	0.0210326	
3.18529	0.0210736	
3.18559	0.0211149	
3.1859	0.0211563	
3.1862	0.021198	
3.18651	0.0212397	
3.18681	0.0212815	
3.18712	0.0213236	
3.18743	0.0213657	
3.18773	0.0214078	
3.18804	0.0214502	
3.18834	0.0214927	
3.18865	0.0215352	
3.18895	0.021578	
3.18926	0.0216212	
3.18956	0.0216641	
3.18987	0.0217076	
3.19018	0.0217509	
3.19048	0.0217944	
3.19079	0.021838	
3.19109	0.021882	
3.1914	0.0219259	
3.1917	0.0219699	
3.19201	0.0220142	
3.19231	0.0220586	
3.19262	0.0221033	
3.19293	0.022148	
3.19323	0.022193	
3.19354	0.0222381	
3.19384	0.0222832	
3.19415	0.0223286	
3.19445	0.0223741	
3.19476	0.0224195	
3.19506	0.0224654	
3.19537	0.0225116	
3.19568	0.0225578	
3.19598	0.0226039	
3.19629	0.0226505	
3.19659	0.0226971	
3.1969	0.0227436	
3.1972	0.0227906	
3.19751	0.0228379	
3.19781	0.0228852	
3.19812	0.0229325	
3.19843	0.0229802	
3.19873	0.0230279	
3.19904	0.0230759	
3.19934	0.0231244	
3.19965	0.0231724	
3.19995	0.0232209	
3.20026	0.0232697	
3.20056	0.0233185	
3.20087	0.0233676	
3.20118	0.0234168	
3.20148	0.0234663	
3.20179	0.0235159	
3.20209	0.0235654	
3.2024	0.0236157	
3.2027	0.0236657	
3.20301	0.0237159	
3.20331	0.0237666	
3.20362	0.0238173	
3.20393	0.0238683	
3.20423	0.0239193	
3.20454	0.0239708	
3.20484	0.0240225	
3.20515	0.0240743	
3.20545	0.0241261	
3.20576	0.0241783	
3.20607	0.0242308	
3.20637	0.0242833	
3.20668	0.0243358	
3.20698	0.0243891	
3.20729	0.0244424	
3.20759	0.0244956	
3.2079	0.0245493	
3.2082	0.0246033	
3.20851	0.0246577	
3.20882	0.0247121	
3.20912	0.0247665	
3.20943	0.0248216	
3.20973	0.0248767	
3.21004	0.0249323	
3.21034	0.0249878	
3.21065	0.0250436	
3.21095	0.0250999	
3.21126	0.0251561	
3.21157	0.0252131	
3.21187	0.0252701	
3.21218	0.0253271	
3.21248	0.0253849	
3.21279	0.0254426	
3.21309	0.0255007	
3.2134	0.0255592	
3.2137	0.0256181	
3.21401	0.0256773	
3.21432	0.0257365	
3.21462	0.0257965	
3.21493	0.0258565	
3.21523	0.0259172	
3.21554	0.0259779	
3.21584	0.026039	
3.21615	0.0261009	
3.21645	0.0261627	
3.21676	0.0262253	
3.21707	0.0262879	
3.21737	0.0263512	
3.21768	0.0264149	
3.21798	0.026479	
3.21829	0.0265434	
3.21859	0.0266086	
3.2189	0.0266742	
3.2192	0.0267405	
3.21951	0.0268072	
3.21982	0.0268742	
3.22012	0.026942	
3.22043	0.0270106	
3.22073	0.0270795	
3.22104	0.0271492	
3.22134	0.0272196	
3.22165	0.0272907	
3.22195	0.0273626	
3.22226	0.0274353	
3.22257	0.0275087	
3.22287	0.0275832	
3.22318	0.0276584	
3.22348	0.0277348	
3.22379	0.0278119	
3.22409	0.0278901	
3.2244	0.0279699	
3.2247	0.0280503	
3.22501	0.0281323	
3.22532	0.0282157	
3.22562	0.0283003	
3.22593	0.0283867	
3.22623	0.0284746	
3.22654	0.0285644	
3.22684	0.0286561	
3.22715	0.0287496	
3.22745	0.0288453	
3.22776	0.0289436	
3.22807	0.0290442	
3.22837	0.0291474	
3.22868	0.029254	
3.22898	0.0293631	
3.22929	0.029476	
3.22959	0.0295926	
3.2299	0.0297133	
3.2302	0.0298385	
3.23051	0.0299685	
3.23082	0.0301037	
3.23112	0.0302445	
3.23143	0.030392	
3.23173	0.0305463	
3.23204	0.0307079	
3.23234	0.0308782	
3.23265	0.0310574	
3.23295	0.0312462	
3.23326	0.0314467	
3.23357	0.0316586	
3.23387	0.031884	
3.23418	0.0321236	
3.23448	0.0323787	
3.23479	0.0326503	
3.23509	0.0329394	
3.2354	0.0332478	
3.2357	0.0335753	
3.23601	0.0339229	
3.23632	0.0342898	
3.23662	0.0346754	
3.23693	0.0350773	
3.23723	0.035492	
3.23754	0.035914	
3.23784	0.0363361	
3.23815	0.0367489	
3.23846	0.0371419	
3.23876	0.0375018	
3.23907	0.0378158	
3.23937	0.0380717	
3.23968	0.0382591	
3.23998	0.0383712	
3.24029	0.0384055	
3.24059	0.0383645	
3.2409	0.038255	
3.24121	0.0380874	
3.24151	0.0378739	
3.24182	0.0376277	
3.24212	0.0373609	
3.24243	0.0370853	
3.24273	0.03681	
3.24304	0.0365417	
3.24334	0.0362866	
3.24365	0.0360474	
3.24396	0.0358269	
3.24426	0.0356261	
3.24457	0.0354454	
3.24487	0.0352837	
3.24518	0.0351414	
3.24548	0.0350166	
3.24579	0.0349082	
3.24609	0.0348158	
3.2464	0.0347376	
3.24671	0.0346724	
3.24701	0.0346191	
3.24732	0.034577	
3.24762	0.0345454	
3.24793	0.0345226	
3.24823	0.0345081	
3.24854	0.0345014	
3.24884	0.0345014	
3.24915	0.0345081	
3.24946	0.0345208	
3.24976	0.0345387	
3.25007	0.0345614	
3.25037	0.0345886	
3.25068	0.0346202	
3.25098	0.0346553	
3.25129	0.0346944	
3.25159	0.0347365	
3.2519	0.0347815	
3.25221	0.0348296	
3.25251	0.0348799	
3.25282	0.0349332	
3.25312	0.0349883	
3.25343	0.035046	
3.25373	0.0351053	
3.25404	0.0351667	
3.25434	0.0352297	
3.25465	0.0352949	
3.25496	0.0353612	
3.25526	0.035429	
3.25557	0.0354983	
3.25587	0.0355691	
3.25618	0.035641	
3.25648	0.0357144	
3.25679	0.0357889	
3.25709	0.0358641	
3.2574	0.0359409	
3.25771	0.0360183	
3.25801	0.0360973	
3.25832	0.0361767	
3.25862	0.0362575	
3.25893	0.0363387	
3.25923	0.036421	
3.25954	0.0365045	
3.25984	0.0365883	
3.26015	0.0366732	
3.26046	0.0367589	
3.26076	0.036845	
3.26107	0.0369322	
3.26137	0.0370201	
3.26168	0.0371087	
3.26198	0.0371981	
3.26229	0.0372879	
3.26259	0.0373784	
3.2629	0.0374701	
3.26321	0.0375617	
3.26351	0.0376545	
3.26382	0.0377476	
3.26412	0.0378419	
3.26443	0.0379361	
3.26473	0.0380315	
3.26504	0.0381272	
3.26534	0.0382237	
3.26565	0.0383206	
3.26596	0.0384182	
3.26626	0.0385165	
3.26657	0.0386152	
3.26687	0.0387147	
3.26718	0.0388149	
3.26748	0.0389155	
3.26779	0.0390168	
3.26809	0.0391185	
3.2684	0.039221	
3.26871	0.0393238	
3.26901	0.0394274	
3.26932	0.0395317	
3.26962	0.0396363	
3.26993	0.0397414	
3.27023	0.0398476	
3.27054	0.0399541	
3.27084	0.040061	
3.27115	0.0401687	
3.27146	0.0402771	
3.27176	0.0403859	
3.27207	0.0404954	
3.27237	0.0406053	
3.27268	0.0407163	
3.27298	0.0408273	
3.27329	0.0409395	
3.2736	0.041052	
3.2739	0.0411648	
3.27421	0.0412785	
3.27451	0.0413928	
3.27482	0.0415079	
3.27512	0.0416234	
3.27543	0.0417396	
3.27573	0.0418566	
3.27604	0.041974	
3.27635	0.0420921	
3.27665	0.0422109	
3.27696	0.0423301	
3.27726	0.0424501	
3.27757	0.0425708	
3.27787	0.0426922	
3.27818	0.0428144	
3.27848	0.042937	
3.27879	0.0430603	
3.2791	0.0431843	
3.2794	0.0433091	
3.27971	0.0434346	
3.28001	0.0435606	
3.28032	0.0436876	
3.28062	0.043815	
3.28093	0.0439432	
3.28123	0.044072	
3.28154	0.0442017	
3.28185	0.0443321	
3.28215	0.0444632	
3.28246	0.0445951	
3.28276	0.0447277	
3.28307	0.0448611	
3.28337	0.0449955	
3.28368	0.0451304	
3.28398	0.045266	
3.28429	0.0454023	
3.2846	0.0455398	
3.2849	0.0456776	
3.28521	0.0458166	
3.28551	0.0459563	
3.28582	0.0460967	
3.28612	0.0462383	
3.28643	0.0463802	
3.28673	0.0465233	
3.28704	0.0466671	
3.28735	0.046812	
3.28765	0.0469577	
3.28796	0.0471041	
3.28826	0.0472516	
3.28857	0.0473998	
3.28887	0.0475489	
3.28918	0.047699	
3.28948	0.0478499	
3.28979	0.0480019	
3.2901	0.048155	
3.2904	0.0483088	
3.29071	0.0484634	
3.29101	0.0486195	
3.29132	0.048776	
3.29162	0.0489339	
3.29193	0.0490926	
3.29223	0.0492524	
3.29254	0.0494134	
3.29285	0.049575	
3.29315	0.0497382	
3.29346	0.0499021	
3.29376	0.0500672	
3.29407	0.0502333	
3.29437	0.0504006	
3.29468	0.050569	
3.29498	0.0507385	
3.29529	0.0509091	
3.2956	0.0510808	
3.2959	0.0512537	
3.29621	0.051428	
3.29651	0.0516031	
3.29682	0.0517797	
3.29712	0.0519574	
3.29743	0.0521366	
3.29773	0.0523165	
3.29804	0.0524983	
3.29835	0.0526808	
3.29865	0.0528648	
3.29896	0.0530504	
3.29926	0.053237	
3.29957	0.0534251	
3.29987	0.0536144	
3.30018	0.0538051	
3.30048	0.0539973	
3.30079	0.0541911	
3.3011	0.0543859	
3.3014	0.0545826	
3.30171	0.0547804	
3.30201	0.0549797	
3.30232	0.0551805	
3.30262	0.0553831	
3.30293	0.0555869	
3.30323	0.0557926	
3.30354	0.0559993	
3.30385	0.0562083	
3.30415	0.0564184	
3.30446	0.0566304	
3.30476	0.0568438	
3.30507	0.0570592	
3.30537	0.057276	
3.30568	0.0574946	
3.30599	0.0577152	
3.30629	0.0579372	
3.3066	0.0581615	
3.3069	0.0583872	
3.30721	0.0586148	
3.30751	0.0588443	
3.30782	0.0590757	
3.30812	0.0593089	
3.30843	0.0595439	
3.30874	0.0597812	
3.30904	0.0600204	
3.30935	0.0602614	
3.30965	0.0605047	
3.30996	0.0607502	
3.31026	0.0609975	
3.31057	0.0612468	
3.31087	0.0614986	
3.31118	0.0617523	
3.31149	0.0620086	
3.31179	0.0622667	
3.3121	0.0625271	
3.3124	0.0627901	
3.31271	0.0630554	
3.31301	0.0633229	
3.31332	0.0635929	
3.31362	0.0638653	
3.31393	0.0641402	
3.31424	0.0644177	
3.31454	0.0646975	
3.31485	0.0649799	
3.31515	0.0652652	
3.31546	0.0655528	
3.31576	0.065843	
3.31607	0.0661362	
3.31637	0.0664324	
3.31668	0.0667308	
3.31699	0.0670325	
3.31729	0.0673369	
3.3176	0.0676438	
3.3179	0.0679541	
3.31821	0.0682674	
3.31851	0.0685837	
3.31882	0.068903	
3.31912	0.0692256	
3.31943	0.0695512	
3.31974	0.0698797	
3.32004	0.070212	
3.32035	0.0705473	
3.32065	0.0708859	
3.32096	0.0712283	
3.32126	0.0715736	
3.32157	0.0719227	
3.32187	0.0722755	
3.32218	0.0726316	
3.32249	0.0729915	
3.32279	0.0733551	
3.3231	0.0737224	
3.3234	0.0740934	
3.32371	0.0744682	
3.32401	0.074847	
3.32432	0.07523	
3.32462	0.0756167	
3.32493	0.0760078	
3.32524	0.0764027	
3.32554	0.0768021	
3.32585	0.0772055	
3.32615	0.0776131	
3.32646	0.0780255	
3.32676	0.0784419	
3.32707	0.0788629	
3.32737	0.0792887	
3.32768	0.079719	
3.32799	0.0801537	
3.32829	0.0805933	
3.3286	0.0810381	
3.3289	0.0814874	
3.32921	0.0819419	
3.32951	0.0824012	
3.32982	0.0828657	
3.33012	0.0833351	
3.33043	0.0838101	
3.33074	0.0842903	
3.33104	0.0847757	
3.33135	0.0852667	
3.33165	0.0857633	
3.33196	0.0862654	
3.33226	0.0867732	
3.33257	0.0872865	
3.33287	0.0878058	
3.33318	0.0883311	
3.33349	0.0888627	
3.33379	0.0893999	
3.3341	0.0899434	
3.3344	0.0904929	
3.33471	0.0910491	
3.33501	0.0916112	
3.33532	0.0921801	
3.33562	0.0927556	
3.33593	0.0933375	
3.33624	0.0939265	
3.33654	0.0945218	
3.33685	0.0951245	
3.33715	0.0957336	
3.33746	0.0963502	
3.33776	0.0969738	
3.33807	0.0976048	
3.33837	0.098243	
3.33868	0.0988886	
3.33899	0.0995416	
3.33929	0.100202	
3.3396	0.10087	
3.3399	0.101547	
3.34021	0.102231	
3.34051	0.102922	
3.34082	0.103622	
3.34113	0.10433	
3.34143	0.105046	
3.34174	0.105771	
3.34204	0.106504	
3.34235	0.107245	
3.34265	0.107995	
3.34296	0.108753	
3.34326	0.109521	
3.34357	0.110297	
3.34388	0.111081	
3.34418	0.111875	
3.34449	0.112678	
3.34479	0.113489	
3.3451	0.114311	
3.3454	0.115141	
3.34571	0.115981	
3.34601	0.11683	
3.34632	0.117688	
3.34663	0.118556	
3.34693	0.119434	
3.34724	0.120321	
3.34754	0.121219	
3.34785	0.122125	
3.34815	0.123042	
3.34846	0.123969	
3.34876	0.124906	
3.34907	0.125852	
3.34938	0.126809	
3.34968	0.127776	
3.34999	0.128753	
3.35029	0.12974	
3.3506	0.130737	
3.3509	0.131745	
3.35121	0.132763	
3.35151	0.13379	
3.35182	0.134829	
3.35213	0.135877	
3.35243	0.136936	
3.35274	0.138005	
3.35304	0.139084	
3.35335	0.140174	
3.35365	0.141274	
3.35396	0.142384	
3.35426	0.143504	
3.35457	0.144634	
3.35488	0.145775	
3.35518	0.146925	
3.35549	0.148085	
3.35579	0.149255	
3.3561	0.150435	
3.3564	0.151624	
3.35671	0.152823	
3.35701	0.154032	
3.35732	0.15525	
3.35763	0.156477	
3.35793	0.157713	
3.35824	0.158959	
3.35854	0.160212	
3.35885	0.161475	
3.35915	0.162746	
3.35946	0.164025	
3.35976	0.165313	
3.36007	0.166608	
3.36038	0.167911	
3.36068	0.169221	
3.36099	0.170539	
3.36129	0.171863	
3.3616	0.173194	
3.3619	0.174532	
3.36221	0.175876	
3.36251	0.177225	
3.36282	0.17858	
3.36313	0.17994	
3.36343	0.181305	
3.36374	0.182675	
3.36404	0.184048	
3.36435	0.185426	
3.36465	0.186807	
3.36496	0.18819	
3.36526	0.189577	
3.36557	0.190965	
3.36588	0.192356	
3.36618	0.193748	
3.36649	0.19514	
3.36679	0.196534	
3.3671	0.197927	
3.3674	0.199319	
3.36771	0.200711	
3.36801	0.202101	
3.36832	0.20349	
3.36863	0.204875	
3.36893	0.206258	
3.36924	0.207638	
3.36954	0.209013	
3.36985	0.210384	
3.37015	0.21175	
3.37046	0.21311	
3.37076	0.214464	
3.37107	0.215812	
3.37138	0.217152	
3.37168	0.218485	
3.37199	0.219809	
3.37229	0.221124	
3.3726	0.22243	
3.3729	0.223727	
3.37321	0.225012	
3.37351	0.226287	
3.37382	0.22755	
3.37413	0.228802	
3.37443	0.230041	
3.37474	0.231267	
3.37504	0.232479	
3.37535	0.233677	
3.37565	0.234861	
3.37596	0.23603	
3.37627	0.237184	
3.37657	0.238322	
3.37688	0.239443	
3.37718	0.240549	
3.37749	0.241637	
3.37779	0.242708	
3.3781	0.243761	
3.3784	0.244796	
3.37871	0.245813	
3.37902	0.246811	
3.37932	0.24779	
3.37963	0.24875	
3.37993	0.249691	
3.38024	0.250612	
3.38054	0.251513	
3.38085	0.252395	
3.38115	0.253256	
3.38146	0.254098	
3.38177	0.254919	
3.38207	0.25572	
3.38238	0.2565	
3.38268	0.25726	
3.38299	0.258	
3.38329	0.25872	
3.3836	0.259419	
3.3839	0.260099	
3.38421	0.260758	
3.38452	0.261397	
3.38482	0.262017	
3.38513	0.262617	
3.38543	0.263198	
3.38574	0.26376	
3.38604	0.264303	
3.38635	0.264827	
3.38665	0.265333	
3.38696	0.265821	
3.38727	0.266292	
3.38757	0.266746	
3.38788	0.267182	
3.38818	0.267602	
3.38849	0.268006	
3.38879	0.268394	
3.3891	0.268767	
3.3894	0.269125	
3.38971	0.269469	
3.39002	0.269799	
3.39032	0.270115	
3.39063	0.270418	
3.39093	0.27071	
3.39124	0.270989	
3.39154	0.271256	
3.39185	0.271513	
3.39215	0.271759	
3.39246	0.271995	
3.39277	0.272222	
3.39307	0.27244	
3.39338	0.272649	
3.39368	0.27285	
3.39399	0.273044	
3.39429	0.273231	
3.3946	0.273411	
3.3949	0.273585	
3.39521	0.273754	
3.39552	0.273918	
3.39582	0.274076	
3.39613	0.274231	
3.39643	0.274381	
3.39674	0.274528	
3.39704	0.274672	
3.39735	0.274814	
3.39765	0.274952	
3.39796	0.275089	
3.39827	0.275224	
3.39857	0.275357	
3.39888	0.275489	
3.39918	0.27562	
3.39949	0.27575	
3.39979	0.27588	
3.4001	0.27601	
3.4004	0.276139	
3.40071	0.276268	
3.40102	0.276398	
3.40132	0.276527	
3.40163	0.276657	
3.40193	0.276787	
3.40224	0.276917	
3.40254	0.277048	
3.40285	0.277178	
3.40315	0.277309	
3.40346	0.277441	
3.40377	0.277572	
3.40407	0.277704	
3.40438	0.277835	
3.40468	0.277966	
3.40499	0.278097	
3.40529	0.278227	
3.4056	0.278357	
3.4059	0.278486	
3.40621	0.278613	
3.40652	0.278739	
3.40682	0.278864	
3.40713	0.278987	
3.40743	0.279107	
3.40774	0.279226	
3.40804	0.279342	
3.40835	0.279456	
3.40866	0.279566	
3.40896	0.279674	
3.40927	0.279779	
3.40957	0.27988	
3.40988	0.279979	
3.41018	0.280074	
3.41049	0.280166	
3.41079	0.280255	
3.4111	0.280343	
3.41141	0.280428	
3.41171	0.280512	
3.41202	0.280597	
3.41232	0.280682	
3.41263	0.280771	
3.41293	0.280865	
3.41324	0.280968	
3.41354	0.281083	
3.41385	0.281215	
3.41416	0.28137	
3.41446	0.281556	
3.41477	0.281782	
3.41507	0.282063	
3.41538	0.282412	
3.41568	0.282851	
3.41599	0.283402	
3.41629	0.284097	
3.4166	0.284968	
3.41691	0.286056	
3.41721	0.287397	
3.41752	0.289022	
3.41782	0.290942	
3.41813	0.293129	
3.41843	0.295493	
3.41874	0.297877	
3.41904	0.300063	
3.41935	0.301828	
3.41966	0.303015	
3.41996	0.303605	
3.42027	0.303721	
3.42057	0.303566	
3.42088	0.303322	
3.42118	0.303066	
3.42149	0.302732	
3.42179	0.302156	
3.4221	0.301155	
3.42241	0.299624	
3.42271	0.297568	
3.42302	0.29508	
3.42332	0.292287	
3.42363	0.289302	
3.42393	0.286221	
3.42424	0.283144	
3.42454	0.280178	
3.42485	0.277419	
3.42516	0.274931	
3.42546	0.272722	
3.42577	0.270764	
3.42607	0.269004	
3.42638	0.267393	
3.42668	0.265892	
3.42699	0.264473	
3.42729	0.263117	
3.4276	0.26181	
3.42791	0.260545	
3.42821	0.259312	
3.42852	0.258107	
3.42882	0.256923	
3.42913	0.255758	
3.42943	0.254607	
3.42974	0.253467	
3.43004	0.252337	
3.43035	0.251213	
3.43066	0.250095	
3.43096	0.24898	
3.43127	0.247869	
3.43157	0.246759	
3.43188	0.245651	
3.43218	0.244544	
3.43249	0.243437	
3.43279	0.242332	
3.4331	0.241227	
3.43341	0.240123	
3.43371	0.23902	
3.43402	0.237918	
3.43432	0.236818	
3.43463	0.23572	
3.43493	0.234624	
3.43524	0.233532	
3.43554	0.232443	
3.43585	0.231358	
3.43616	0.230279	
3.43646	0.229205	
3.43677	0.228138	
3.43707	0.227078	
3.43738	0.226026	
3.43768	0.224985	
3.43799	0.223954	
3.43829	0.222935	
3.4386	0.22193	
3.43891	0.220939	
3.43921	0.219965	
3.43952	0.219009	
3.43982	0.218074	
3.44013	0.217162	
3.44043	0.216275	
3.44074	0.215416	
3.44104	0.214588	
3.44135	0.213794	
3.44166	0.213039	
3.44196	0.212325	
3.44227	0.211657	
3.44257	0.211039	
3.44288	0.210475	
3.44318	0.209969	
3.44349	0.209524	
3.4438	0.209143	
3.4441	0.208827	
3.44441	0.208572	
3.44471	0.208376	
3.44502	0.20823	
3.44532	0.20812	
3.44563	0.208033	
3.44593	0.207946	
3.44624	0.207838	
3.44655	0.207686	
3.44685	0.207471	
3.44716	0.207177	
3.44746	0.206795	
3.44777	0.206327	
3.44807	0.205778	
3.44838	0.205164	
3.44868	0.204501	
3.44899	0.203806	
3.4493	0.203094	
3.4496	0.202373	
3.44991	0.201645	
3.45021	0.200905	
3.45052	0.200141	
3.45082	0.199337	
3.45113	0.198476	
3.45143	0.197542	
3.45174	0.196526	
3.45205	0.195425	
3.45235	0.194244	
3.45266	0.192996	
3.45296	0.191701	
3.45327	0.19038	
3.45357	0.189057	
3.45388	0.187754	
3.45418	0.186489	
3.45449	0.185277	
3.4548	0.184127	
3.4551	0.183048	
3.45541	0.182043	
3.45571	0.181114	
3.45602	0.180258	
3.45632	0.179475	
3.45663	0.178763	
3.45693	0.178119	
3.45724	0.177541	
3.45755	0.177026	
3.45785	0.176575	
3.45816	0.176185	
3.45846	0.175858	
3.45877	0.175596	
3.45907	0.175402	
3.45938	0.17528	
3.45968	0.175239	
3.45999	0.175288	
3.4603	0.17544	
3.4606	0.175712	
3.46091	0.176124	
3.46121	0.176698	
3.46152	0.177454	
3.46182	0.178405	
3.46213	0.179544	
3.46243	0.180833	
3.46274	0.182188	
3.46305	0.183488	
3.46335	0.184602	
3.46366	0.185441	
3.46396	0.186008	
3.46427	0.186387	
3.46457	0.1867	
3.46488	0.18703	
3.46518	0.187376	
3.46549	0.187653	
3.4658	0.187742	
3.4661	0.187561	
3.46641	0.187115	
3.46671	0.186495	
3.46702	0.185835	
3.46732	0.185257	
3.46763	0.184844	
3.46793	0.184633	
3.46824	0.184632	
3.46855	0.184828	
3.46885	0.185201	
3.46916	0.185732	
3.46946	0.1864	
3.46977	0.187191	
3.47007	0.188092	
3.47038	0.189092	
3.47068	0.190183	
3.47099	0.191361	
3.4713	0.192619	
3.4716	0.193953	
3.47191	0.195358	
3.47221	0.196831	
3.47252	0.198364	
3.47282	0.199949	
3.47313	0.20158	
3.47343	0.203245	
3.47374	0.204931	
3.47405	0.206624	
3.47435	0.208309	
3.47466	0.209967	
3.47496	0.211583	
3.47527	0.21314	
3.47557	0.214619	
3.47588	0.216008	
3.47619	0.217293	
3.47649	0.218466	
3.4768	0.219521	
3.4771	0.220454	
3.47741	0.221266	
3.47771	0.221959	
3.47802	0.222537	
3.47832	0.223006	
3.47863	0.223372	
3.47894	0.223642	
3.47924	0.223822	
3.47955	0.223916	
3.47985	0.223929	
3.48016	0.223864	
3.48046	0.223723	
3.48077	0.223507	
3.48107	0.223217	
3.48138	0.222856	
3.48169	0.222423	
3.48199	0.221922	
3.4823	0.221355	
3.4826	0.220726	
3.48291	0.220041	
3.48321	0.219305	
3.48352	0.218526	
3.48382	0.217713	
3.48413	0.216876	
3.48444	0.216026	
3.48474	0.215176	
3.48505	0.214338	
3.48535	0.213528	
3.48566	0.212759	
3.48596	0.21205	
3.48627	0.211417	
3.48657	0.210878	
3.48688	0.210454	
3.48719	0.210166	
3.48749	0.210036	
3.4878	0.210088	
3.4881	0.210347	
3.48841	0.210837	
3.48871	0.21158	
3.48902	0.212596	
3.48932	0.213894	
3.48963	0.215469	
3.48994	0.217296	
3.49024	0.219324	
3.49055	0.221476	
3.49085	0.223645	
3.49116	0.225708	
3.49146	0.227533	
3.49177	0.228991	
3.49207	0.229977	
3.49238	0.230428	
3.49269	0.230337	
3.49299	0.229759	
3.4933	0.228797	
3.4936	0.227589	
3.49391	0.226285	
3.49421	0.225033	
3.49452	0.223972	
3.49482	0.223214	
3.49513	0.222851	
3.49544	0.22295	
3.49574	0.223555	
3.49605	0.224704	
3.49635	0.226423	
3.49666	0.228741	
3.49696	0.231694	
3.49727	0.235322	
3.49757	0.23968	
3.49788	0.244834	
3.49819	0.250868	
3.49849	0.257885	
3.4988	0.266008	
3.4991	0.27539	
3.49941	0.286213	
3.49971	0.298692	
3.50002	0.313085	
3.50032	0.329694	
3.50063	0.348869	
3.50094	0.371004	
3.50124	0.396532	
3.50155	0.425894	
3.50185	0.459493	
3.50216	0.497615	
3.50246	0.5403	
3.50277	0.587193	
3.50307	0.637382	
3.50338	0.689313	
3.50369	0.740835	
3.50399	0.789412	
3.5043	0.832433	
3.5046	0.867492	
3.50491	0.892583	
3.50521	0.906223	
3.50552	0.907566	
3.50582	0.896502	
3.50613	0.873666	
3.50644	0.840365	
3.50674	0.798465	
3.50705	0.750268	
3.50735	0.698347	
3.50766	0.645295	
3.50796	0.593399	
3.50827	0.5444	
3.50857	0.49939	
3.50888	0.45887	
3.50919	0.422897	
3.50949	0.391239	
3.5098	0.363513	
3.5101	0.339281	
3.51041	0.3181	
3.51071	0.299559	
3.51102	0.28329	
3.51133	0.268972	
3.51163	0.256329	
3.51194	0.245125	
3.51224	0.235162	
3.51255	0.22627	
3.51285	0.218306	
3.51316	0.211149	
3.51346	0.204697	
3.51377	0.198862	
3.51408	0.193569	
3.51438	0.188753	
3.51469	0.18436	
3.51499	0.180343	
3.5153	0.17666	
3.5156	0.173276	
3.51591	0.170159	
3.51621	0.167283	
3.51652	0.164624	
3.51683	0.16216	
3.51713	0.159875	
3.51744	0.157751	
3.51774	0.155774	
3.51805	0.153932	
3.51835	0.152212	
3.51866	0.150606	
3.51896	0.149104	
3.51927	0.147698	
3.51958	0.14638	
3.51988	0.145145	
3.52019	0.143986	
3.52049	0.142898	
3.5208	0.141877	
3.5211	0.140918	
3.52141	0.140017	
3.52171	0.139171	
3.52202	0.138376	
3.52233	0.13763	
3.52263	0.136931	
3.52294	0.136275	
3.52324	0.135661	
3.52355	0.135088	
3.52385	0.134552	
3.52416	0.134053	
3.52446	0.133589	
3.52477	0.133159	
3.52508	0.132762	
3.52538	0.132397	
3.52569	0.132062	
3.52599	0.131758	
3.5263	0.131483	
3.5266	0.131236	
3.52691	0.131017	
3.52721	0.130825	
3.52752	0.130659	
3.52783	0.130519	
3.52813	0.130405	
3.52844	0.130315	
3.52874	0.130251	
3.52905	0.130212	
3.52935	0.130199	
3.52966	0.130212	
3.52996	0.130255	
3.53027	0.13033	
3.53058	0.13044	
3.53088	0.130589	
3.53119	0.130782	
3.53149	0.131023	
3.5318	0.131311	
3.5321	0.131645	
3.53241	0.132017	
3.53271	0.132415	
3.53302	0.132818	
3.53333	0.133204	
3.53363	0.133546	
3.53394	0.133818	
3.53424	0.133996	
3.53455	0.134065	
3.53485	0.134017	
3.53516	0.133851	
3.53546	0.13358	
3.53577	0.133223	
3.53608	0.132803	
3.53638	0.132347	
3.53669	0.13188	
3.53699	0.131424	
3.5373	0.130995	
3.5376	0.130605	
3.53791	0.130257	
3.53821	0.129954	
3.53852	0.129691	
3.53883	0.129465	
3.53913	0.129271	
3.53944	0.129104	
3.53974	0.128959	
3.54005	0.128834	
3.54035	0.128724	
3.54066	0.128629	
3.54096	0.128547	
3.54127	0.128475	
3.54158	0.128413	
3.54188	0.12836	
3.54219	0.128314	
3.54249	0.128274	
3.5428	0.128239	
3.5431	0.128207	
3.54341	0.128177	
3.54371	0.128148	
3.54402	0.128118	
3.54433	0.128086	
3.54463	0.128049	
3.54494	0.128007	
3.54524	0.127959	
3.54555	0.127901	
3.54585	0.127834	
3.54616	0.127757	
3.54647	0.127668	
3.54677	0.127565	
3.54708	0.127449	
3.54738	0.127319	
3.54769	0.127173	
3.54799	0.127013	
3.5483	0.126836	
3.5486	0.126644	
3.54891	0.126437	
3.54922	0.126214	
3.54952	0.125977	
3.54983	0.125725	
3.55013	0.12546	
3.55044	0.125182	
3.55074	0.124892	
3.55105	0.124592	
3.55135	0.124281	
3.55166	0.123962	
3.55197	0.123635	
3.55227	0.123301	
3.55258	0.122961	
3.55288	0.122618	
3.55319	0.122271	
3.55349	0.121922	
3.5538	0.121571	
3.5541	0.12122	
3.55441	0.12087	
3.55472	0.120521	
3.55502	0.120175	
3.55533	0.119831	
3.55563	0.119491	
3.55594	0.119156	
3.55624	0.118825	
3.55655	0.1185	
3.55685	0.11818	
3.55716	0.117867	
3.55747	0.117561	
3.55777	0.117262	
3.55808	0.116972	
3.55838	0.116688	
3.55869	0.116414	
3.55899	0.116149	
3.5593	0.115895	
3.5596	0.11565	
3.55991	0.115417	
3.56022	0.115197	
3.56052	0.11499	
3.56083	0.114799	
3.56113	0.114626	
3.56144	0.114473	
3.56174	0.114344	
3.56205	0.114242	
3.56235	0.114176	
3.56266	0.114152	
3.56297	0.114182	
3.56327	0.11428	
3.56358	0.114467	
3.56388	0.114771	
3.56419	0.115229	
3.56449	0.115885	
3.5648	0.116787	
3.5651	0.117957	
3.56541	0.119335	
3.56572	0.120673	
3.56602	0.121498	
3.56633	0.121358	
3.56663	0.120235	
3.56694	0.118568	
3.56724	0.116838	
3.56755	0.115307	
3.56785	0.114043	
3.56816	0.113025	
3.56847	0.112208	
3.56877	0.111545	
3.56908	0.110999	
3.56938	0.110542	
3.56969	0.110152	
3.56999	0.109815	
3.5703	0.109518	
3.5706	0.109253	
3.57091	0.109015	
3.57122	0.108797	
3.57152	0.108597	
3.57183	0.108411	
3.57213	0.108238	
3.57244	0.108074	
3.57274	0.107921	
3.57305	0.107775	
3.57335	0.107635	
3.57366	0.107502	
3.57397	0.107375	
3.57427	0.107252	
3.57458	0.107134	
3.57488	0.10702	
3.57519	0.10691	
3.57549	0.106803	
3.5758	0.1067	
3.5761	0.1066	
3.57641	0.106502	
3.57672	0.106407	
3.57702	0.106314	
3.57733	0.106224	
3.57763	0.106136	
3.57794	0.10605	
3.57824	0.105966	
3.57855	0.105884	
3.57886	0.105804	
3.57916	0.105726	
3.57947	0.105649	
3.57977	0.105574	
3.58008	0.1055	
3.58038	0.105428	
3.58069	0.105357	
3.58099	0.105288	
3.5813	0.105219	
3.58161	0.105152	
3.58191	0.105087	
3.58222	0.105022	
3.58252	0.104959	
3.58283	0.104896	
3.58313	0.104835	
3.58344	0.104775	
3.58374	0.104715	
3.58405	0.104657	
3.58436	0.1046	
3.58466	0.104543	
3.58497	0.104488	
3.58527	0.104433	
3.58558	0.104379	
3.58588	0.104326	
3.58619	0.104273	
3.58649	0.104222	
3.5868	0.104171	
3.58711	0.10412	
3.58741	0.104071	
3.58772	0.104022	
3.58802	0.103974	
3.58833	0.103926	
3.58863	0.103879	
3.58894	0.103833	
3.58924	0.103787	
3.58955	0.103742	
3.58986	0.103697	
3.59016	0.103653	
3.59047	0.103609	
3.59077	0.103566	
3.59108	0.103523	
3.59138	0.103481	
3.59169	0.103439	
3.59199	0.103398	
3.5923	0.103357	
3.59261	0.103316	
3.59291	0.103277	
3.59322	0.103237	
3.59352	0.103198	
3.59383	0.103159	
3.59413	0.10312	
3.59444	0.103082	
3.59474	0.103044	
3.59505	0.103006	
3.59536	0.102969	
3.59566	0.102932	
3.59597	0.102895	
3.59627	0.102859	
3.59658	0.102823	
3.59688	0.102787	
3.59719	0.102752	
3.59749	0.102716	
3.5978	0.102681	
3.59811	0.102647	
3.59841	0.102612	
3.59872	0.102578	
3.59902	0.102544	
3.59933	0.10251	
3.59963	0.102476	
3.59994	0.102443	
3.60024	0.102409	
3.60055	0.102376	
3.60086	0.102343	
3.60116	0.10231	
3.60147	0.102277	
3.60177	0.102245	
3.60208	0.102213	
3.60238	0.102181	
3.60269	0.102149	
3.60299	0.102117	
3.6033	0.102085	
3.60361	0.102053	
3.60391	0.102022	
3.60422	0.10199	
3.60452	0.101959	
3.60483	0.101927	
3.60513	0.101896	
3.60544	0.101865	
3.60574	0.101834	
3.60605	0.101803	
3.60636	0.101772	
3.60666	0.101741	
3.60697	0.10171	
3.60727	0.10168	
3.60758	0.101649	
3.60788	0.101618	
3.60819	0.101588	
3.60849	0.101557	
3.6088	0.101527	
3.60911	0.101496	
3.60941	0.101466	
3.60972	0.101436	
3.61002	0.101405	
3.61033	0.101374	
3.61063	0.101344	
3.61094	0.101314	
3.61124	0.101284	
3.61155	0.101253	
3.61186	0.101223	
3.61216	0.101192	
3.61247	0.101162	
3.61277	0.101132	
3.61308	0.101101	
3.61338	0.10107	
3.61369	0.10104	
3.614	0.10101	
3.6143	0.100979	
3.61461	0.100949	
3.61491	0.100918	
3.61522	0.100888	
3.61552	0.100857	
3.61583	0.100826	
3.61613	0.100796	
3.61644	0.100765	
3.61675	0.100734	
3.61705	0.100703	
3.61736	0.100672	
3.61766	0.100641	
3.61797	0.10061	
3.61827	0.100579	
3.61858	0.100548	
3.61888	0.100517	
3.61919	0.100486	
3.6195	0.100455	
3.6198	0.100423	
3.62011	0.100392	
3.62041	0.100361	
3.62072	0.10033	
3.62102	0.100298	
3.62133	0.100267	
3.62163	0.100235	
3.62194	0.100204	
3.62225	0.100172	
3.62255	0.10014	
3.62286	0.100109	
3.62316	0.100077	
3.62347	0.100046	
3.62377	0.100014	
3.62408	0.0999827	
3.62438	0.099951	
3.62469	0.0999197	
3.625	0.0998881	
3.6253	0.0998568	
3.62561	0.0998255	
3.62591	0.0997942	
3.62622	0.0997633	
3.62652	0.0997324	
3.62683	0.0997018	
3.62713	0.0996713	
3.62744	0.0996407	
3.62775	0.0996109	
3.62805	0.0995811	
3.62836	0.0995517	
3.62866	0.099523	
3.62897	0.0994947	
3.62927	0.0994667	
3.62958	0.0994395	
3.62988	0.0994131	
3.63019	0.0993878	
3.6305	0.0993628	
3.6308	0.0993393	
3.63111	0.0993174	
3.63141	0.0992965	
3.63172	0.0992779	
3.63202	0.0992607	
3.63233	0.0992462	
3.63263	0.0992343	
3.63294	0.0992253	
3.63325	0.0992205	
3.63355	0.0992198	
3.63386	0.0992242	
3.63416	0.099235	
3.63447	0.0992529	
3.63477	0.0992797	
3.63508	0.0993174	
3.63538	0.0993676	
3.63569	0.0994336	
3.636	0.0995185	
3.6363	0.0996273	
3.63661	0.0997648	
3.63691	0.0999376	
3.63722	0.100154	
3.63752	0.100421	
3.63783	0.100747	
3.63813	0.101136	
3.63844	0.101586	
3.63875	0.102076	
3.63905	0.102568	
3.63936	0.102997	
3.63966	0.103284	
3.63997	0.103359	
3.64027	0.103192	
3.64058	0.102814	
3.64088	0.102293	
3.64119	0.10171	
3.6415	0.101127	
3.6418	0.100587	
3.64211	0.100105	
3.64241	0.0996877	
3.64272	0.0993289	
3.64302	0.0990212	
3.64333	0.0987563	
3.64363	0.0985272	
3.64394	0.0983268	
3.64425	0.0981495	
3.64455	0.0979919	
3.64486	0.0978496	
3.64516	0.09772	
3.64547	0.0976011	
3.64577	0.0974912	
3.64608	0.0973884	
3.64639	0.0972915	
3.64669	0.0971999	
3.647	0.0971127	
3.6473	0.0970289	
3.64761	0.0969484	
3.64791	0.0968706	
3.64822	0.096795	
3.64852	0.0967212	
3.64883	0.0966489	
3.64914	0.0965782	
3.64944	0.0965089	
3.64975	0.0964403	
3.65005	0.0963729	
3.65036	0.0963058	
3.65066	0.0962399	
3.65097	0.0961743	
3.65127	0.0961091	
3.65158	0.0960443	
3.65189	0.0959799	
3.65219	0.0959158	
3.6525	0.0958517	
3.6528	0.0957876	
3.65311	0.0957239	
3.65341	0.0956606	
3.65372	0.0955969	
3.65402	0.0955332	
3.65433	0.0954699	
3.65464	0.0954062	
3.65494	0.0953425	
3.65525	0.0952788	
3.65555	0.0952147	
3.65586	0.095151	
3.65616	0.0950869	
3.65647	0.0950225	
3.65677	0.0949584	
3.65708	0.0948936	
3.65739	0.0948291	
3.65769	0.0947643	
3.658	0.0946991	
3.6583	0.0946339	
3.65861	0.0945684	
3.65891	0.0945028	
3.65922	0.0944369	
3.65952	0.0943705	
3.65983	0.0943042	
3.66014	0.0942376	
3.66044	0.0941709	
3.66075	0.0941038	
3.66105	0.0940364	
3.66136	0.093969	
3.66166	0.0939008	
3.66197	0.093833	
3.66227	0.0937644	
3.66258	0.0936959	
3.66289	0.093627	
3.66319	0.0935577	
3.6635	0.0934884	
3.6638	0.0934187	
3.66411	0.0933487	
3.66441	0.0932783	
3.66472	0.0932079	
3.66502	0.0931371	
3.66533	0.0930659	
3.66564	0.0929944	
3.66594	0.0929229	
3.66625	0.0928506	
3.66655	0.0927784	
3.66686	0.0927057	
3.66716	0.0926331	
3.66747	0.0925601	
3.66777	0.0924863	
3.66808	0.0924129	
3.66839	0.0923388	
3.66869	0.0922643	
3.669	0.0921898	
3.6693	0.0921149	
3.66961	0.0920396	
3.66991	0.091964	
3.67022	0.0918884	
3.67052	0.0918124	
3.67083	0.091736	
3.67114	0.0916593	
3.67144	0.0915822	
3.67175	0.0915051	
3.67205	0.0914272	
3.67236	0.0913493	
3.67266	0.0912711	
3.67297	0.0911929	
3.67327	0.0911139	
3.67358	0.0910349	
3.67389	0.0909556	
3.67419	0.0908758	
3.6745	0.0907958	
3.6748	0.0907157	
3.67511	0.0906352	
3.67541	0.0905544	
3.67572	0.0904731	
3.67602	0.0903916	
3.67633	0.09031	
3.67664	0.090228	
3.67694	0.0901457	
3.67725	0.090063	
3.67755	0.0899799	
3.67786	0.0898968	
3.67816	0.0898134	
3.67847	0.0897296	
3.67877	0.0896454	
3.67908	0.0895612	
3.67939	0.0894763	
3.67969	0.0893913	
3.68	0.0893064	
3.6803	0.0892207	
3.68061	0.089135	
3.68091	0.0890486	
3.68122	0.0889625	
3.68153	0.0888757	
3.68183	0.0887886	
3.68214	0.0887014	
3.68244	0.0886139	
3.68275	0.0885259	
3.68305	0.088438	
3.68336	0.0883497	
3.68366	0.0882611	
3.68397	0.088172	
3.68428	0.0880826	
3.68458	0.0879932	
3.68489	0.0879034	
3.68519	0.0878133	
3.6855	0.0877231	
3.6858	0.0876326	
3.68611	0.0875417	
3.68641	0.0874504	
3.68672	0.0873592	
3.68703	0.0872675	
3.68733	0.0871755	
3.68764	0.0870831	
3.68794	0.0869907	
3.68825	0.086898	
3.68855	0.0868049	
3.68886	0.0867117	
3.68916	0.0866182	
3.68947	0.0865243	
3.68978	0.0864301	
3.69008	0.0863358	
3.69039	0.0862412	
3.69069	0.0861462	
3.691	0.0860512	
3.6913	0.0859559	
3.69161	0.0858601	
3.69191	0.0857644	
3.69222	0.0856683	
3.69253	0.0855718	
3.69283	0.0854753	
3.69314	0.0853784	
3.69344	0.0852812	
3.69375	0.085184	
3.69405	0.0850864	
3.69436	0.0849884	
3.69466	0.0848904	
3.69497	0.0847921	
3.69528	0.0846934	
3.69558	0.0845946	
3.69589	0.0844955	
3.69619	0.0843961	
3.6965	0.0842966	
3.6968	0.0841971	
3.69711	0.0840969	
3.69741	0.0839967	
3.69772	0.0838961	
3.69803	0.0837956	
3.69833	0.0836946	
3.69864	0.0835937	
3.69894	0.0834923	
3.69925	0.0833906	
3.69955	0.0832889	
3.69986	0.0831868	
3.70016	0.0830848	
3.70047	0.0829823	
3.70078	0.0828795	
3.70108	0.0827767	
3.70139	0.0826735	
3.70169	0.0825703	
3.702	0.0824668	
3.7023	0.0823632	
3.70261	0.0822593	
3.70291	0.0821549	
3.70322	0.0820506	
3.70353	0.081946	
3.70383	0.0818413	
3.70414	0.0817366	
3.70444	0.0816312	
3.70475	0.0815261	
3.70505	0.0814203	
3.70536	0.0813149	
3.70566	0.0812087	
3.70597	0.0811029	
3.70628	0.0809964	
3.70658	0.0808902	
3.70689	0.0807833	
3.70719	0.0806764	
3.7075	0.0805695	
3.7078	0.0804622	
3.70811	0.0803549	
3.70841	0.0802476	
3.70872	0.0801396	
3.70903	0.0800319	
3.70933	0.0799239	
3.70964	0.0798155	
3.70994	0.0797071	
3.71025	0.0795987	
3.71055	0.0794899	
3.71086	0.0793807	
3.71116	0.0792716	
3.71147	0.0791624	
3.71178	0.0790533	
3.71208	0.0789434	
3.71239	0.0788338	
3.71269	0.078724	
3.713	0.0786141	
3.7133	0.0785038	
3.71361	0.0783935	
3.71392	0.0782829	
3.71422	0.0781722	
3.71453	0.0780616	
3.71483	0.0779506	
3.71514	0.0778396	
3.71544	0.0777286	
3.71575	0.0776172	
3.71605	0.0775058	
3.71636	0.077394	
3.71667	0.0772823	
3.71697	0.0771705	
3.71728	0.0770584	
3.71758	0.0769462	
3.71789	0.0768341	
3.71819	0.0767216	
3.7185	0.0766091	
3.7188	0.0764966	
3.71911	0.0763837	
3.71942	0.0762708	
3.71972	0.076158	
3.72003	0.0760451	
3.72033	0.0759318	
3.72064	0.0758182	
3.72094	0.075705	
3.72125	0.0755914	
3.72155	0.0754777	
3.72186	0.0753641	
3.72217	0.0752501	
3.72247	0.0751361	
3.72278	0.0750221	
3.72308	0.0749081	
3.72339	0.0747938	
3.72369	0.0746794	
3.724	0.074565	
3.7243	0.0744503	
3.72461	0.0743359	
3.72492	0.0742212	
3.72522	0.0741065	
3.72553	0.0739913	
3.72583	0.0738762	
3.72614	0.0737615	
3.72644	0.0736464	
3.72675	0.0735309	
3.72705	0.0734158	
3.72736	0.0733003	
3.72767	0.0731848	
3.72797	0.0730693	
3.72828	0.0729539	
3.72858	0.072838	
3.72889	0.0727225	
3.72919	0.0726067	
3.7295	0.0724908	
3.7298	0.0723749	
3.73011	0.0722587	
3.73042	0.0721429	
3.73072	0.0720266	
3.73103	0.0719104	
3.73133	0.0717945	
3.73164	0.0716779	
3.73194	0.0715617	
3.73225	0.0714455	
3.73255	0.0713289	
3.73286	0.0712126	
3.73317	0.071096	
3.73347	0.0709794	
3.73378	0.0708628	
3.73408	0.0707462	
3.73439	0.0706296	
3.73469	0.070513	
3.735	0.0703961	
3.7353	0.0702795	
3.73561	0.0701625	
3.73592	0.0700459	
3.73622	0.0699289	
3.73653	0.0698119	
3.73683	0.069695	
3.73714	0.069578	
3.73744	0.069461	
3.73775	0.069344	
3.73805	0.0692271	
3.73836	0.0691101	
3.73867	0.0689931	
3.73897	0.0688758	
3.73928	0.0687588	
3.73958	0.0686418	
3.73989	0.0685245	
3.74019	0.0684075	
3.7405	0.0682905	
3.7408	0.0681732	
3.74111	0.0680562	
3.74142	0.0679389	
3.74172	0.0678219	
3.74203	0.0677045	
3.74233	0.0675876	
3.74264	0.0674702	
3.74294	0.0673532	
3.74325	0.0672363	
3.74355	0.0671189	
3.74386	0.067002	
3.74417	0.0668846	
3.74447	0.0667676	
3.74478	0.0666507	
3.74508	0.0665337	
3.74539	0.0664163	
3.74569	0.0662994	
3.746	0.0661824	
3.7463	0.0660654	
3.74661	0.0659484	
3.74692	0.0658315	
3.74722	0.0657145	
3.74753	0.0655975	
3.74783	0.0654805	
3.74814	0.0653639	
3.74844	0.065247	
3.74875	0.06513	
3.74906	0.0650134	
3.74936	0.0648968	
3.74967	0.0647798	
3.74997	0.0646632	
3.75028	0.0645466	
3.75058	0.06443	
3.75089	0.0643134	
3.75119	0.0641968	
3.7515	0.0640806	
3.75181	0.063964	
3.75211	0.0638478	
3.75242	0.0637311	
3.75272	0.0636149	
3.75303	0.0634987	
3.75333	0.0633828	
3.75364	0.0632666	
3.75394	0.0631504	
3.75425	0.0630345	
3.75456	0.0629187	
3.75486	0.0628024	
3.75517	0.0626866	
3.75547	0.0625707	
3.75578	0.0624552	
3.75608	0.0623394	
3.75639	0.0622239	
3.75669	0.0621084	
3.757	0.0619929	
3.75731	0.0618774	
3.75761	0.061762	
3.75792	0.0616465	
3.75822	0.0615314	
3.75853	0.0614163	
3.75883	0.0613011	
3.75914	0.061186	
3.75944	0.0610713	
3.75975	0.0609562	
3.76006	0.0608414	
3.76036	0.0607267	
3.76067	0.0606123	
3.76097	0.0604976	
3.76128	0.0603832	
3.76158	0.0602689	
3.76189	0.0601545	
3.76219	0.0600401	
3.7625	0.0599261	
3.76281	0.0598121	
3.76311	0.0596981	
3.76342	0.0595842	
3.76372	0.0594705	
3.76403	0.0593565	
3.76433	0.0592429	
3.76464	0.0591297	
3.76494	0.059016	
3.76525	0.0589028	
3.76556	0.0587896	
3.76586	0.0586763	
3.76617	0.0585634	
3.76647	0.0584505	
3.76678	0.0583377	
3.76708	0.0582248	
3.76739	0.0581123	
3.76769	0.0579994	
3.768	0.0578873	
3.76831	0.0577748	
3.76861	0.0576627	
3.76892	0.0575505	
3.76922	0.0574384	
3.76953	0.0573266	
3.76983	0.0572149	
3.77014	0.0571031	
3.77044	0.0569914	
3.77075	0.05688	
3.77106	0.0567686	
3.77136	0.0566576	
3.77167	0.0565462	
3.77197	0.0564352	
3.77228	0.0563245	
3.77258	0.0562135	
3.77289	0.0561029	
3.77319	0.0559922	
3.7735	0.055882	
3.77381	0.0557717	
3.77411	0.0556614	
3.77442	0.0555515	
3.77472	0.0554416	
3.77503	0.0553317	
3.77533	0.0552218	
3.77564	0.0551123	
3.77594	0.0550028	
3.77625	0.0548936	
3.77656	0.0547845	
3.77686	0.0546753	
3.77717	0.0545666	
3.77747	0.0544578	
3.77778	0.054349	
3.77808	0.0542406	
3.77839	0.0541322	
3.77869	0.0540238	
3.779	0.0539158	
3.77931	0.0538077	
3.77961	0.0536997	
3.77992	0.053592	
3.78022	0.0534844	
3.78053	0.0533771	
3.78083	0.0532698	
3.78114	0.0531625	
3.78144	0.0530556	
3.78175	0.0529487	
3.78206	0.0528418	
3.78236	0.0527352	
3.78267	0.0526287	
3.78297	0.0525225	
3.78328	0.0524163	
3.78358	0.0523102	
3.78389	0.0522044	
3.7842	0.0520986	
3.7845	0.0519931	
3.78481	0.0518877	
3.78511	0.0517823	
3.78542	0.0516772	
3.78572	0.0515722	
3.78603	0.0514671	
3.78633	0.0513624	
3.78664	0.0512581	
3.78695	0.0511535	
3.78725	0.0510495	
3.78756	0.0509452	
3.78786	0.0508413	
3.78817	0.0507377	
3.78847	0.0506338	
3.78878	0.0505306	
3.78908	0.050427	
3.78939	0.0503238	
3.7897	0.050221	
3.79	0.0501182	
3.79031	0.0500154	
3.79061	0.0499129	
3.79092	0.0498105	
3.79122	0.0497084	
3.79153	0.0496063	
3.79183	0.0495046	
3.79214	0.0494029	
3.79245	0.0493012	
3.79275	0.0491999	
3.79306	0.0490986	
3.79336	0.0489976	
3.79367	0.0488967	
3.79397	0.0487961	
3.79428	0.0486955	
3.79458	0.0485949	
3.79489	0.0484951	
3.7952	0.0483949	
3.7955	0.048295	
3.79581	0.0481952	
3.79611	0.0480957	
3.79642	0.0479966	
3.79672	0.0478975	
3.79703	0.0477985	
3.79733	0.0476997	
3.79764	0.047601	
3.79795	0.0475027	
3.79825	0.0474043	
3.79856	0.0473063	
3.79886	0.0472084	
3.79917	0.0471108	
3.79947	0.0470132	
3.79978	0.0469159	
3.80008	0.0468187	
3.80039	0.0467218	
3.8007	0.046625	
3.801	0.0465285	
3.80131	0.0464324	
3.80161	0.0463363	
3.80192	0.0462402	
3.80222	0.0461444	
3.80253	0.0460491	
3.80283	0.0459537	
3.80314	0.0458587	
3.80345	0.0457637	
3.80375	0.0456691	
3.80406	0.0455748	
3.80436	0.0454806	
3.80467	0.0453867	
3.80497	0.0452932	
3.80528	0.0451997	
3.80558	0.0451069	
3.80589	0.0450138	
3.8062	0.0449214	
3.8065	0.044829	
3.80681	0.0447374	
3.80711	0.0446457	
3.80742	0.0445545	
3.80772	0.0444636	
3.80803	0.0443731	
3.80833	0.0442829	
3.80864	0.0441935	
3.80895	0.0441041	
3.80925	0.0440158	
3.80956	0.0439275	
3.80986	0.0438403	
3.81017	0.0437535	
3.81047	0.0436675	
3.81078	0.0435825	
3.81108	0.0434984	
3.81139	0.0434157	
3.8117	0.0433337	
3.812	0.0432536	
3.81231	0.0431754	
3.81261	0.0430994	
3.81292	0.0430256	
3.81322	0.0429552	
3.81353	0.0428885	
3.81383	0.0428267	
3.81414	0.0427708	
3.81445	0.0427227	
3.81475	0.0426851	
3.81506	0.0426609	
3.81536	0.0426549	
3.81567	0.0426743	
3.81597	0.0427287	
3.81628	0.0428323	
3.81659	0.0430055	
3.81689	0.0432752	
3.8172	0.0436723	
3.8175	0.044217	
3.81781	0.0448875	
3.81811	0.0455815	
3.81842	0.0461329	
3.81872	0.046429	
3.81903	0.0464916	
3.81934	0.0463858	
3.81964	0.0460997	
3.81995	0.0455644	
3.82025	0.0447903	
3.82056	0.0439148	
3.82086	0.0430956	
3.82117	0.0424147	
3.82147	0.0418782	
3.82178	0.0414621	
3.82209	0.041135	
3.82239	0.040872	
3.8227	0.0406541	
3.823	0.0404686	
3.82331	0.0403065	
3.82361	0.0401612	
3.82392	0.0400286	
3.82422	0.0399057	
3.82453	0.0397898	
3.82484	0.0396799	
3.82514	0.0395745	
3.82545	0.0394728	
3.82575	0.0393741	
3.82606	0.0392776	
3.82636	0.0391833	
3.82667	0.0390906	
3.82697	0.0389997	
3.82728	0.0389095	
3.82759	0.0388209	
3.82789	0.038733	
3.8282	0.0386462	
3.8285	0.0385601	
3.82881	0.0384744	
3.82911	0.0383895	
3.82942	0.0383053	
3.82972	0.0382215	
3.83003	0.038138	
3.83034	0.0380553	
3.83064	0.037973	
3.83095	0.0378907	
3.83125	0.0378091	
3.83156	0.0377279	
3.83186	0.0376467	
3.83217	0.0375662	
3.83247	0.0374857	
3.83278	0.0374056	
3.83309	0.0373259	
3.83339	0.0372462	
3.8337	0.0371668	
3.834	0.0370879	
3.83431	0.0370093	
3.83461	0.0369307	
3.83492	0.0368524	
3.83522	0.0367746	
3.83553	0.0366967	
3.83584	0.0366192	
3.83614	0.0365417	
3.83645	0.0364646	
3.83675	0.0363879	
3.83706	0.0363111	
3.83736	0.0362348	
3.83767	0.0361584	
3.83797	0.0360824	
3.83828	0.0360068	
3.83859	0.0359312	
3.83889	0.0358555	
3.8392	0.0357803	
3.8395	0.0357054	
3.83981	0.0356305	
3.84011	0.035556	
3.84042	0.0354815	
3.84072	0.0354074	
3.84103	0.0353333	
3.84134	0.0352595	
3.84164	0.0351861	
3.84195	0.0351127	
3.84225	0.0350393	
3.84256	0.0349663	
3.84286	0.0348937	
3.84317	0.034821	
3.84347	0.0347484	
3.84378	0.0346761	
3.84409	0.0346042	
3.84439	0.0345323	
3.8447	0.0344604	
3.845	0.0343889	
3.84531	0.0343177	
3.84561	0.0342466	
3.84592	0.0341754	
3.84622	0.034105	
3.84653	0.0340343	
3.84684	0.0339638	
3.84714	0.0338938	
3.84745	0.0338238	
3.84775	0.0337537	
3.84806	0.0336841	
3.84836	0.0336148	
3.84867	0.0335455	
3.84897	0.0334766	
3.84928	0.0334077	
3.84959	0.0333387	
3.84989	0.0332702	
3.8502	0.033202	
3.8505	0.0331338	
3.85081	0.033066	
3.85111	0.0329982	
3.85142	0.0329304	
3.85173	0.032863	
3.85203	0.032796	
3.85234	0.0327289	
3.85264	0.0326619	
3.85295	0.0325952	
3.85325	0.0325289	
3.85356	0.0324626	
3.85386	0.0323962	
3.85417	0.0323303	
3.85448	0.0322647	
3.85478	0.0321992	
3.85509	0.0321336	
3.85539	0.0320684	
3.8557	0.0320032	
3.856	0.0319384	
3.85631	0.031874	
3.85661	0.0318095	
3.85692	0.0317451	
3.85723	0.031681	
3.85753	0.0316169	
3.85784	0.0315532	
3.85814	0.0314895	
3.85845	0.0314262	
3.85875	0.0313632	
3.85906	0.0312999	
3.85936	0.0312373	
3.85967	0.0311747	
3.85998	0.0311121	
3.86028	0.0310499	
3.86059	0.0309877	
3.86089	0.0309259	
3.8612	0.030864	
3.8615	0.0308026	
3.86181	0.0307411	
3.86211	0.03068	
3.86242	0.0306189	
3.86273	0.0305582	
3.86303	0.0304975	
3.86334	0.0304371	
3.86364	0.0303768	
3.86395	0.0303168	
3.86425	0.0302568	
3.86456	0.0301972	
3.86486	0.0301376	
3.86517	0.0300784	
3.86548	0.0300191	
3.86578	0.0299599	
3.86609	0.0299014	
3.86639	0.0298426	
3.8667	0.0297844	
3.867	0.029726	
3.86731	0.0296678	
3.86761	0.0296101	
3.86792	0.0295524	
3.86823	0.029495	
3.86853	0.0294376	
3.86884	0.0293806	
3.86914	0.0293236	
3.86945	0.029267	
3.86975	0.0292104	
3.87006	0.0291541	
3.87036	0.0290979	
3.87067	0.029042	
3.87098	0.0289865	
3.87128	0.0289306	
3.87159	0.0288755	
3.87189	0.0288203	
3.8722	0.0287652	
3.8725	0.0287104	
3.87281	0.0286557	
3.87311	0.0286013	
3.87342	0.0285473	
3.87373	0.0284933	
3.87403	0.0284392	
3.87434	0.0283856	
3.87464	0.0283323	
3.87495	0.0282791	
3.87525	0.0282258	
3.87556	0.0281733	
3.87586	0.0281204	
3.87617	0.0280682	
3.87648	0.0280157	
3.87678	0.0279639	
3.87709	0.0279121	
3.87739	0.0278603	
3.8777	0.0278089	
3.878	0.0277579	
3.87831	0.0277068	
3.87861	0.0276558	
3.87892	0.0276051	
3.87923	0.0275549	
3.87953	0.0275049	
3.87984	0.0274546	
3.88014	0.0274051	
3.88045	0.0273556	
3.88075	0.0273064	
3.88106	0.0272572	
3.88136	0.0272084	
3.88167	0.0271596	
3.88198	0.0271112	
3.88228	0.0270627	
3.88259	0.0270151	
3.88289	0.026967	
3.8832	0.0269197	
3.8835	0.0268724	
3.88381	0.0268251	
3.88412	0.0267781	
3.88442	0.0267316	
3.88473	0.0266854	
3.88503	0.0266392	
3.88534	0.026593	
3.88564	0.0265475	
3.88595	0.0265021	
3.88625	0.0264566	
3.88656	0.0264119	
3.88687	0.0263672	
3.88717	0.0263225	
3.88748	0.0262786	
3.88778	0.0262346	
3.88809	0.0261907	
3.88839	0.0261474	
3.8887	0.0261042	
3.889	0.0260614	
3.88931	0.0260185	
3.88962	0.0259761	
3.88992	0.025934	
3.89023	0.0258923	
3.89053	0.0258505	
3.89084	0.0258096	
3.89114	0.0257686	
3.89145	0.0257276	
3.89175	0.0256874	
3.89206	0.0256471	
3.89237	0.0256073	
3.89267	0.0255678	
3.89298	0.0255287	
3.89328	0.0254896	
3.89359	0.0254512	
3.89389	0.0254128	
3.8942	0.0253748	
3.8945	0.0253372	
3.89481	0.0252999	
3.89512	0.0252631	
3.89542	0.0252265	
3.89573	0.0251904	
3.89603	0.0251543	
3.89634	0.0251189	
3.89664	0.0250835	
3.89695	0.0250489	
3.89725	0.0250142	
3.89756	0.0249803	
3.89787	0.0249468	
3.89817	0.0249133	
3.89848	0.0248805	
3.89878	0.0248481	
3.89909	0.024816	
3.89939	0.0247844	
3.8997	0.0247534	
3.9	0.0247225	
3.90031	0.0246923	
3.90062	0.0246625	
3.90092	0.0246331	
3.90123	0.0246044	
3.90153	0.0245761	
3.90184	0.0245482	
3.90214	0.024521	
3.90245	0.0244942	
3.90275	0.0244677	
3.90306	0.024442	
3.90337	0.024417	
3.90367	0.0243925	
3.90398	0.0243682	
3.90428	0.0243448	
3.90459	0.024322	
3.90489	0.0243001	
3.9052	0.0242785	
3.9055	0.0242576	
3.90581	0.0242375	
3.90612	0.0242177	
3.90642	0.0241991	
3.90673	0.0241812	
3.90703	0.0241637	
3.90734	0.0241473	
3.90764	0.0241317	
3.90795	0.0241168	
3.90825	0.0241026	
3.90856	0.0240896	
3.90887	0.0240773	
3.90917	0.0240661	
3.90948	0.0240557	
3.90978	0.024046	
3.91009	0.0240378	
3.91039	0.0240304	
3.9107	0.024024	
3.911	0.0240188	
3.91131	0.0240147	
3.91162	0.0240117	
3.91192	0.0240102	
3.91223	0.0240095	
3.91253	0.0240102	
3.91284	0.0240125	
3.91314	0.0240162	
3.91345	0.024021	
3.91375	0.0240274	
3.91406	0.0240356	
3.91437	0.0240449	
3.91467	0.0240561	
3.91498	0.0240691	
3.91528	0.0240836	
3.91559	0.0241	
3.91589	0.0241183	
3.9162	0.0241384	
3.9165	0.0241607	
3.91681	0.024185	
3.91712	0.0242114	
3.91742	0.0242401	
3.91773	0.024271	
3.91803	0.0243045	
3.91834	0.0243407	
3.91864	0.024379	
3.91895	0.0244204	
3.91926	0.0244644	
3.91956	0.0245113	
3.91987	0.0245616	
3.92017	0.0246145	
3.92048	0.0246711	
3.92078	0.0247307	
3.92109	0.024794	
3.92139	0.0248611	
3.9217	0.0249319	
3.92201	0.0250064	
3.92231	0.0250854	
3.92262	0.0251684	
3.92292	0.025256	
3.92323	0.025348	
3.92353	0.0254449	
3.92384	0.0255466	
3.92414	0.0256535	
3.92445	0.0257656	
3.92476	0.0258833	
3.92506	0.0260066	
3.92537	0.0261359	
3.92567	0.0262711	
3.92598	0.0264127	
3.92628	0.0265609	
3.92659	0.0267159	
3.92689	0.0268776	
3.9272	0.0270467	
3.92751	0.0272229	
3.92781	0.0274066	
3.92812	0.0275981	
3.92842	0.0277977	
3.92873	0.0280052	
3.92903	0.0282209	
3.92934	0.0284452	
3.92964	0.0286777	
3.92995	0.0289191	
3.93026	0.029169	
3.93056	0.0294279	
3.93087	0.0296958	
3.93117	0.0299718	
3.93148	0.0302572	
3.93178	0.0305507	
3.93209	0.0308529	
3.93239	0.0311632	
3.9327	0.0314817	
3.93301	0.0318076	
3.93331	0.0321407	
3.93362	0.0324808	
3.93392	0.0328269	
3.93423	0.0331786	
3.93453	0.0335354	
3.93484	0.0338964	
3.93514	0.0342607	
3.93545	0.0346273	
3.93576	0.0349957	
3.93606	0.0353642	
3.93637	0.0357322	
3.93667	0.0360981	
3.93698	0.0364613	
3.93728	0.0368204	
3.93759	0.0371739	
3.93789	0.0375211	
3.9382	0.0378601	
3.93851	0.0381909	
3.93881	0.0385113	
3.93912	0.0388209	
3.93942	0.0391185	
3.93973	0.0394031	
3.94003	0.0396747	
3.94034	0.0399318	
3.94064	0.0401743	
3.94095	0.0404019	
3.94126	0.0406139	
3.94156	0.0408106	
3.94187	0.0409916	
3.94217	0.0411574	
3.94248	0.0413079	
3.94278	0.0414431	
3.94309	0.0415642	
3.94339	0.0416711	
3.9437	0.0417642	
3.94401	0.0418443	
3.94431	0.0419121	
3.94462	0.0419676	
3.94492	0.042012	
3.94523	0.0420451	
3.94553	0.0420678	
3.94584	0.0420805	
3.94614	0.0420835	
3.94645	0.0420772	
3.94676	0.0420615	
3.94706	0.0420373	
3.94737	0.0420038	
3.94767	0.0419613	
3.94798	0.0419095	
3.94828	0.0418484	
3.94859	0.0417776	
3.94889	0.0416972	
3.9492	0.0416059	
3.94951	0.0415038	
3.94981	0.0413902	
3.95012	0.0412647	
3.95042	0.0411265	
3.95073	0.0409752	
3.95103	0.0408102	
3.95134	0.0406314	
3.95164	0.0404377	
3.95195	0.0402294	
3.95226	0.0400055	
3.95256	0.0397664	
3.95287	0.0395119	
3.95317	0.0392418	
3.95348	0.0389565	
3.95378	0.0386558	
3.95409	0.0383407	
3.9544	0.0380114	
3.9547	0.0376686	
3.95501	0.0373129	
3.95531	0.0369456	
3.95562	0.0365671	
3.95592	0.0361785	
3.95623	0.0357814	
3.95653	0.0353765	
3.95684	0.0349648	
3.95715	0.034548	
3.95745	0.0341266	
3.95776	0.0337027	
3.95806	0.0332769	
3.95837	0.0328504	
3.95867	0.0324246	
3.95898	0.0319999	
3.95928	0.0315778	
3.95959	0.0311587	
3.9599	0.0307441	
3.9602	0.0303343	
3.96051	0.0299305	
3.96081	0.0295326	
3.96112	0.0291415	
3.96142	0.0287578	
3.96173	0.0283815	
3.96203	0.0280134	
3.96234	0.0276536	
3.96265	0.0273019	
3.96295	0.0269592	
3.96326	0.026625	
3.96356	0.0262998	
3.96387	0.0259832	
3.96417	0.0256754	
3.96448	0.0253763	
3.96478	0.0250861	
3.96509	0.0248041	
3.9654	0.0245307	
3.9657	0.0242658	
3.96601	0.0240088	
3.96631	0.0237595	
3.96662	0.0235181	
3.96692	0.0232846	
3.96723	0.0230581	
3.96753	0.0228386	
3.96784	0.0226263	
3.96815	0.0224207	
3.96845	0.0222217	
3.96876	0.0220291	
3.96906	0.0218425	
3.96937	0.0216618	
3.96967	0.0214867	
3.96998	0.0213176	
3.97028	0.0211533	
3.97059	0.0209946	
3.9709	0.0208408	
3.9712	0.0206914	
3.97151	0.0205468	
3.97181	0.0204068	
3.97212	0.0202712	
3.97242	0.0201397	
3.97273	0.0200119	
3.97303	0.0198882	
3.97334	0.0197683	
3.97365	0.0196517	
3.97395	0.0195388	
3.97426	0.0194289	
3.97456	0.0193227	
3.97487	0.0192191	
3.97517	0.0191189	
3.97548	0.0190213	
3.97578	0.0189263	
3.97609	0.0188343	
3.9764	0.0187449	
3.9767	0.0186581	
3.97701	0.0185736	
3.97731	0.0184912	
3.97762	0.0184111	
3.97792	0.0183336	
3.97823	0.018258	
3.97853	0.0181843	
3.97884	0.0181127	
3.97915	0.0180431	
3.97945	0.0179753	
3.97976	0.0179093	
3.98006	0.0178449	
3.98037	0.0177823	
3.98067	0.0177216	
3.98098	0.0176623	
3.98128	0.0176046	
3.98159	0.0175487	
3.9819	0.017494	
3.9822	0.0174407	
3.98251	0.0173893	
3.98281	0.0173386	
3.98312	0.0172898	
3.98342	0.0172421	
3.98373	0.0171959	
3.98403	0.0171509	
3.98434	0.0171073	
3.98465	0.0170648	
3.98495	0.0170235	
3.98526	0.0169836	
3.98556	0.0169449	
3.98587	0.0169072	
3.98617	0.0168707	
3.98648	0.0168353	
3.98679	0.0168011	
3.98709	0.0167683	
3.9874	0.0167362	
3.9877	0.0167053	
3.98801	0.0166759	
3.98831	0.0166472	
3.98862	0.01662	
3.98892	0.0165936	
3.98923	0.0165686	
3.98954	0.0165448	
3.98984	0.0165217	
3.99015	0.0165001	
3.99045	0.0164796	
3.99076	0.0164602	
3.99106	0.0164419	
3.99137	0.0164248	
3.99167	0.0164092	
3.99198	0.0163946	
3.99229	0.0163812	
3.99259	0.0163689	
3.9929	0.0163581	
3.9932	0.0163488	
3.99351	0.0163406	
3.99381	0.0163339	
3.99412	0.0163287	
3.99442	0.016325	
3.99473	0.0163227	
3.99504	0.016322	
3.99534	0.0163227	
3.99565	0.016325	
3.99595	0.0163291	
3.99626	0.016335	
3.99656	0.0163428	
3.99687	0.0163522	
3.99717	0.0163637	
3.99748	0.0163771	
3.99779	0.0163924	
3.99809	0.0164103	
3.9984	0.01643	
3.9987	0.016452	
3.99901	0.0164766	
3.99931	0.0165038	
3.99962	0.0165336	
3.99992	0.016566	
4.00023	0.016601	
4.00054	0.016639	
4.00084	0.0166804	
4.00115	0.0167243	
4.00145	0.016772	
4.00176	0.016823	
4.00206	0.0168774	
4.00237	0.0169355	
4.00267	0.0169978	
4.00298	0.0170633	
4.00329	0.0171334	
4.00359	0.0172075	
4.0039	0.0172857	
4.0042	0.0173684	
4.00451	0.017456	
4.00481	0.0175476	
4.00512	0.0176441	
4.00542	0.0177454	
4.00573	0.0178512	
4.00604	0.0179619	
4.00634	0.0180773	
4.00665	0.0181973	
4.00695	0.0183217	
4.00726	0.0184506	
4.00756	0.0185836	
4.00787	0.0187207	
4.00817	0.0188615	
4.00848	0.0190053	
4.00879	0.0191521	
4.00909	0.0193011	
4.0094	0.019452	
4.0097	0.019604	
4.01001	0.0197571	
4.01031	0.0199098	
4.01062	0.0200622	
4.01092	0.0202131	
4.01123	0.0203617	
4.01154	0.0205081	
4.01184	0.0206508	
4.01215	0.0207894	
4.01245	0.0209235	
4.01276	0.021052	
4.01306	0.0211753	
4.01337	0.0212919	
4.01367	0.0214022	
4.01398	0.0215054	
4.01429	0.0216011	
4.01459	0.0216894	
4.0149	0.0217699	
4.0152	0.0218421	
4.01551	0.0219066	
4.01581	0.0219632	
4.01612	0.0220113	
4.01642	0.0220511	
4.01673	0.0220831	
4.01704	0.022107	
4.01734	0.022123	
4.01765	0.0221312	
4.01795	0.0221319	
4.01826	0.0221252	
4.01856	0.0221115	
4.01887	0.022091	
4.01917	0.0220638	
4.01948	0.0220306	
4.01979	0.0219919	
4.02009	0.0219479	
4.0204	0.0218995	
4.0207	0.021847	
4.02101	0.0217915	
4.02131	0.0217333	
4.02162	0.0216734	
4.02193	0.0216123	
4.02223	0.0215515	
4.02254	0.0214919	
4.02284	0.0214346	
4.02315	0.0213802	
4.02345	0.0213303	
4.02376	0.0212856	
4.02406	0.0212472	
4.02437	0.0212166	
4.02468	0.0211943	
4.02498	0.0211813	
4.02529	0.0211779	
4.02559	0.0211846	
4.0259	0.0212021	
4.0262	0.0212301	
4.02651	0.0212681	
4.02681	0.0213154	
4.02712	0.0213712	
4.02743	0.0214342	
4.02773	0.0215024	
4.02804	0.0215739	
4.02834	0.0216465	
4.02865	0.0217177	
4.02895	0.0217851	
4.02926	0.0218458	
4.02956	0.021898	
4.02987	0.0219386	
4.03018	0.0219665	
4.03048	0.0219803	
4.03079	0.0219792	
4.03109	0.0219632	
4.0314	0.0219323	
4.0317	0.0218879	
4.03201	0.0218313	
4.03231	0.0217646	
4.03262	0.0216898	
4.03293	0.0216097	
4.03323	0.0215258	
4.03354	0.0214405	
4.03384	0.021356	
4.03415	0.0212729	
4.03445	0.0211921	
4.03476	0.0211142	
4.03506	0.0210382	
4.03537	0.0209637	
4.03568	0.0208888	
4.03598	0.0208117	
4.03629	0.0207298	
4.03659	0.0206411	
4.0369	0.0205427	
4.0372	0.0204325	
4.03751	0.0203077	
4.03781	0.0201676	
4.03812	0.0200104	
4.03843	0.0198353	
4.03873	0.0196427	
4.03904	0.0194326	
4.03934	0.0192072	
4.03965	0.0189673	
4.03995	0.0187151	
4.04026	0.0184536	
4.04056	0.0181846	
4.04087	0.0179108	
4.04118	0.0176352	
4.04148	0.0173599	
4.04179	0.0170872	
4.04209	0.0168186	
4.0424	0.0165559	
4.0427	0.0163011	
4.04301	0.0160545	
4.04331	0.0158172	
4.04362	0.0155896	
4.04393	0.0153724	
4.04423	0.0151657	
4.04454	0.014969	
4.04484	0.0147827	
4.04515	0.0146061	
4.04545	0.0144392	
4.04576	0.014282	
4.04606	0.0141334	
4.04637	0.0139933	
4.04668	0.0138611	
4.04698	0.0137366	
4.04729	0.0136193	
4.04759	0.0135086	
4.0479	0.0134043	
4.0482	0.0133056	
4.04851	0.0132125	
4.04881	0.0131246	
4.04912	0.0130415	
4.04943	0.0129625	
4.04973	0.012888	
4.05004	0.0128172	
4.05034	0.0127498	
4.05065	0.0126857	
4.05095	0.012625	
4.05126	0.0125669	
4.05156	0.0125118	
4.05187	0.0124589	
4.05218	0.0124086	
4.05248	0.0123601	
4.05279	0.0123139	
4.05309	0.0122696	
4.0534	0.0122268	
4.0537	0.0121858	
4.05401	0.0121463	
4.05432	0.0121083	
4.05462	0.0120718	
4.05493	0.0120364	
4.05523	0.0120021	
4.05554	0.011969	
4.05584	0.0119369	
4.05615	0.0119057	
4.05645	0.0118759	
4.05676	0.0118464	
4.05707	0.0118181	
4.05737	0.0117902	
4.05768	0.0117633	
4.05798	0.0117369	
4.05829	0.0117116	
4.05859	0.0116866	
4.0589	0.011662	
4.0592	0.0116382	
4.05951	0.0116151	
4.05982	0.011592	
4.06012	0.0115696	
4.06043	0.011548	
4.06073	0.0115264	
4.06104	0.0115056	
4.06134	0.0114847	
4.06165	0.0114646	
4.06195	0.0114445	
4.06226	0.0114251	
4.06257	0.0114057	
4.06287	0.0113871	
4.06318	0.0113685	
4.06348	0.0113498	
4.06379	0.011332	
4.06409	0.0113141	
4.0644	0.0112966	
4.0647	0.0112794	
4.06501	0.0112623	
4.06532	0.0112455	
4.06562	0.0112288	
4.06593	0.0112124	
4.06623	0.0111964	
4.06654	0.0111803	
4.06684	0.0111643	
4.06715	0.011149	
4.06745	0.0111334	
4.06776	0.0111181	
4.06807	0.0111032	
4.06837	0.0110883	
4.06868	0.0110734	
4.06898	0.0110589	
4.06929	0.0110444	
4.06959	0.0110298	
4.0699	0.0110157	
4.0702	0.0110015	
4.07051	0.0109877	
4.07082	0.010974	
4.07112	0.0109602	
4.07143	0.0109468	
4.07173	0.0109334	
4.07204	0.0109199	
4.07234	0.0109069	
4.07265	0.0108939	
4.07295	0.0108808	
4.07326	0.0108678	
4.07357	0.0108551	
4.07387	0.0108425	
4.07418	0.0108298	
4.07448	0.0108175	
4.07479	0.0108052	
4.07509	0.0107929	
4.0754	0.0107806	
4.0757	0.0107683	
4.07601	0.0107564	
4.07632	0.0107445	
4.07662	0.0107326	
4.07693	0.0107206	
4.07723	0.0107091	
4.07754	0.0106975	
4.07784	0.010686	
4.07815	0.0106744	
4.07845	0.0106633	
4.07876	0.0106517	
4.07907	0.0106405	
4.07937	0.0106294	
4.07968	0.0106182	
4.07998	0.0106074	
4.08029	0.0105962	
4.08059	0.0105854	
4.0809	0.0105746	
4.0812	0.0105638	
4.08151	0.0105534	
4.08182	0.0105426	
4.08212	0.0105321	
4.08243	0.0105217	
4.08273	0.0105113	
4.08304	0.0105008	
4.08334	0.0104904	
4.08365	0.01048	
4.08395	0.0104699	
4.08426	0.0104599	
4.08457	0.0104498	
4.08487	0.0104398	
4.08518	0.0104297	
4.08548	0.0104196	
4.08579	0.01041	
4.08609	0.0104003	
4.0864	0.0103902	
4.0867	0.0103805	
4.08701	0.0103708	
4.08732	0.0103611	
4.08762	0.0103518	
4.08793	0.0103422	
4.08823	0.0103328	
4.08854	0.0103235	
4.08884	0.0103138	
4.08915	0.0103045	
4.08946	0.0102952	
4.08976	0.0102863	
4.09007	0.010277	
4.09037	0.010268	
4.09068	0.0102587	
4.09098	0.0102498	
4.09129	0.0102408	
4.09159	0.0102319	
4.0919	0.0102229	
4.09221	0.010214	
4.09251	0.0102051	
4.09282	0.0101965	
4.09312	0.0101876	
4.09343	0.010179	
4.09373	0.0101704	
4.09404	0.0101615	
4.09434	0.0101529	
4.09465	0.0101443	
4.09496	0.0101361	
4.09526	0.0101276	
4.09557	0.010119	
4.09587	0.0101108	
4.09618	0.0101022	
4.09648	0.010094	
4.09679	0.0100859	
4.09709	0.0100777	
4.0974	0.0100695	
4.09771	0.0100613	
4.09801	0.0100531	
4.09832	0.0100452	
4.09862	0.010037	
4.09893	0.0100292	
4.09923	0.010021	
4.09954	0.0100132	
4.09984	0.0100054	
4.10015	0.00999756	
4.10046	0.00998974	
4.10076	0.00998192	
4.10107	0.00997409	
4.10137	0.00996627	
4.10168	0.00995845	
4.10198	0.009951	
4.10229	0.00994317	
4.10259	0.00993572	
4.1029	0.00992827	
4.10321	0.00992082	
4.10351	0.00991337	
4.10382	0.00990592	
4.10412	0.00989847	
4.10443	0.00989102	
4.10473	0.00988357	
4.10504	0.00987612	
4.10534	0.00986904	
4.10565	0.00986159	
4.10596	0.00985451	
4.10626	0.00984743	
4.10657	0.00983998	
4.10687	0.0098329	
4.10718	0.00982583	
4.10748	0.00981875	
4.10779	0.00981167	
4.10809	0.00980496	
4.1084	0.00979789	
4.10871	0.00979081	
4.10901	0.0097841	
4.10932	0.00977702	
4.10962	0.00977032	
4.10993	0.00976324	
4.11023	0.00975654	
4.11054	0.00974983	
4.11084	0.00974312	
4.11115	0.00973642	
4.11146	0.00972971	
4.11176	0.00972301	
4.11207	0.0097163	
4.11237	0.0097096	
4.11268	0.00970326	
4.11298	0.00969656	
4.11329	0.00969023	
4.11359	0.00968352	
4.1139	0.00967719	
4.11421	0.00967085	
4.11451	0.00966415	
4.11482	0.00965782	
4.11512	0.00965148	
4.11543	0.00964515	
4.11573	0.00963882	
4.11604	0.00963286	
4.11634	0.00962652	
4.11665	0.00962019	
4.11696	0.00961423	
4.11726	0.0096079	
4.11757	0.00960156	
4.11787	0.0095956	
4.11818	0.00958964	
4.11848	0.00958331	
4.11879	0.00957735	
4.11909	0.00957139	
4.1194	0.00956543	
4.11971	0.00955947	
4.12001	0.00955351	
4.12032	0.00954755	
4.12062	0.00954196	
4.12093	0.009536	
4.12123	0.00953004	
4.12154	0.00952445	
4.12184	0.00951849	
4.12215	0.0095129	
4.12246	0.00950694	
4.12276	0.00950135	
4.12307	0.00949576	
4.12337	0.00949018	
4.12368	0.00948422	
4.12398	0.00947863	
4.12429	0.00947304	
4.1246	0.00946745	
4.1249	0.00946224	
4.12521	0.00945665	
4.12551	0.00945106	
4.12582	0.00944547	
4.12612	0.00944026	
4.12643	0.00943467	
4.12673	0.00942945	
4.12704	0.00942387	
4.12735	0.00941865	
4.12765	0.00941344	
4.12796	0.00940785	
4.12826	0.00940263	
4.12857	0.00939742	
4.12887	0.0093922	
4.12918	0.00938699	
4.12948	0.00938177	
4.12979	0.00937656	
4.1301	0.00937171	
4.1304	0.0093665	
4.13071	0.00936128	
4.13101	0.00935607	
4.13132	0.00935122	
4.13162	0.00934601	
4.13193	0.00934117	
4.13223	0.00933632	
4.13254	0.00933111	
4.13285	0.00932626	
4.13315	0.00932142	
4.13346	0.00931658	
4.13376	0.00931174	
4.13407	0.00930652	
4.13437	0.00930205	
4.13468	0.00929721	
4.13498	0.00929236	
4.13529	0.00928752	
4.1356	0.00928268	
4.1359	0.00927784	
4.13621	0.00927337	
4.13651	0.00926852	
4.13682	0.00926405	
4.13712	0.00925921	
4.13743	0.00925474	
4.13773	0.00925027	
4.13804	0.00924543	
4.13835	0.00924096	
4.13865	0.00923648	
4.13896	0.00923201	
4.13926	0.00922754	
4.13957	0.00922307	
4.13987	0.0092186	
4.14018	0.00921413	
4.14048	0.00920966	
4.14079	0.00920519	
4.1411	0.00920072	
4.1414	0.00919662	
4.14171	0.00919215	
4.14201	0.00918768	
4.14232	0.00918359	
4.14262	0.00917912	
4.14293	0.00917502	
4.14323	0.00917092	
4.14354	0.00916645	
4.14385	0.00916235	
4.14415	0.00915825	
4.14446	0.00915416	
4.14476	0.00914969	
4.14507	0.00914559	
4.14537	0.00914149	
4.14568	0.00913739	
4.14598	0.00913367	
4.14629	0.00912957	
4.1466	0.00912547	
4.1469	0.00912137	
4.14721	0.00911728	
4.14751	0.00911355	
4.14782	0.00910945	
4.14812	0.00910573	
4.14843	0.00910163	
4.14873	0.0090979	
4.14904	0.00909381	
4.14935	0.00909008	
4.14965	0.00908636	
4.14996	0.00908226	
4.15026	0.00907853	
4.15057	0.00907481	
4.15087	0.00907108	
4.15118	0.00906736	
4.15148	0.00906363	
4.15179	0.00905991	
4.1521	0.00905618	
4.1524	0.00905246	
4.15271	0.00904873	
4.15301	0.00904538	
4.15332	0.00904165	
4.15362	0.00903793	
4.15393	0.00903457	
4.15423	0.00903085	
4.15454	0.0090275	
4.15485	0.00902377	
4.15515	0.00902042	
4.15546	0.00901669	
4.15576	0.00901334	
4.15607	0.00900999	
4.15637	0.00900663	
4.15668	0.00900291	
4.15699	0.00899956	
4.15729	0.0089962	
4.1576	0.00899285	
4.1579	0.0089895	
4.15821	0.00898615	
4.15851	0.00898279	
4.15882	0.00897944	
4.15912	0.00897646	
4.15943	0.00897311	
4.15974	0.00896975	
4.16004	0.0089664	
4.16035	0.00896342	
4.16065	0.00896007	
4.16096	0.00895709	
4.16126	0.00895374	
4.16157	0.00895076	
4.16187	0.0089474	
4.16218	0.00894442	
4.16249	0.00894144	
4.16279	0.00893809	
4.1631	0.00893511	
4.1634	0.00893213	
4.16371	0.00892915	
4.16401	0.00892617	
4.16432	0.00892319	
4.16462	0.00892021	
4.16493	0.00891723	
4.16524	0.00891425	
4.16554	0.00891127	
4.16585	0.00890829	
4.16615	0.00890531	
4.16646	0.0089027	
4.16676	0.00889972	
4.16707	0.00889674	
4.16737	0.00889413	
4.16768	0.00889115	
4.16799	0.00888854	
4.16829	0.00888556	
4.1686	0.00888295	
4.1689	0.00887997	
4.16921	0.00887737	
4.16951	0.00887476	
4.16982	0.00887178	
4.17012	0.00886917	
4.17043	0.00886656	
4.17074	0.00886396	
4.17104	0.00886135	
4.17135	0.00885874	
4.17165	0.00885613	
4.17196	0.00885352	
4.17226	0.00885092	
4.17257	0.00884831	
4.17287	0.0088457	
4.17318	0.00884309	
4.17349	0.00884086	
4.17379	0.00883825	
4.1741	0.00883564	
4.1744	0.00883341	
4.17471	0.0088308	
4.17501	0.00882819	
4.17532	0.00882596	
4.17562	0.00882335	
4.17593	0.00882111	
4.17624	0.00881888	
4.17654	0.00881627	
4.17685	0.00881404	
4.17715	0.0088118	
4.17746	0.00880957	
4.17776	0.00880696	
4.17807	0.00880472	
4.17837	0.00880249	
4.17868	0.00880025	
4.17899	0.00879802	
4.17929	0.00879578	
4.1796	0.00879355	
4.1799	0.00879131	
4.18021	0.00878908	
4.18051	0.00878721	
4.18082	0.00878498	
4.18112	0.00878274	
4.18143	0.00878051	
4.18174	0.00877865	
4.18204	0.00877641	
4.18235	0.00877455	
4.18265	0.00877231	
4.18296	0.00877045	
4.18326	0.00876822	
4.18357	0.00876635	
4.18387	0.00876412	
4.18418	0.00876226	
4.18449	0.00876039	
4.18479	0.00875816	
4.1851	0.00875629	
4.1854	0.00875443	
4.18571	0.00875257	
4.18601	0.00875071	
4.18632	0.00874884	
4.18662	0.00874698	
4.18693	0.00874512	
4.18724	0.00874326	
4.18754	0.00874139	
4.18785	0.00873953	
4.18815	0.00873767	
4.18846	0.00873581	
4.18876	0.00873432	
4.18907	0.00873245	
4.18937	0.00873059	
4.18968	0.00872873	
4.18999	0.00872724	
4.19029	0.00872537	
4.1906	0.00872351	
4.1909	0.00872202	
4.19121	0.00872016	
4.19151	0.00871867	
4.19182	0.00871718	
4.19213	0.00871532	
4.19243	0.00871383	
4.19274	0.00871234	
4.19304	0.00871047	
4.19335	0.00870898	
4.19365	0.00870749	
4.19396	0.008706	
4.19426	0.00870451	
4.19457	0.00870302	
4.19488	0.00870153	
4.19518	0.00870004	
4.19549	0.00869855	
4.19579	0.00869706	
4.1961	0.00869557	
4.1964	0.00869408	
4.19671	0.00869259	
4.19701	0.00869147	
4.19732	0.00868998	
4.19763	0.00868849	
4.19793	0.00868738	
4.19824	0.00868589	
4.19854	0.0086844	
4.19885	0.00868328	
4.19915	0.00868179	
4.19946	0.00868067	
4.19976	0.00867918	
4.20007	0.00867806	
4.20038	0.00867695	
4.20068	0.00867546	
4.20099	0.00867434	
4.20129	0.00867322	
4.2016	0.0086721	
4.2019	0.00867061	
4.20221	0.0086695	
4.20251	0.00866838	
4.20282	0.00866726	
4.20313	0.00866614	
4.20343	0.00866503	
4.20374	0.00866391	
4.20404	0.00866279	
4.20435	0.00866167	
4.20465	0.00866055	
4.20496	0.00865944	
4.20526	0.00865869	
4.20557	0.00865757	
4.20588	0.00865646	
4.20618	0.00865534	
4.20649	0.00865459	
4.20679	0.00865348	
4.2071	0.00865236	
4.2074	0.00865161	
4.20771	0.0086505	
4.20801	0.00864975	
4.20832	0.00864863	
4.20863	0.00864789	
4.20893	0.00864714	
4.20924	0.00864603	
4.20954	0.00864528	
4.20985	0.00864454	
4.21015	0.00864342	
4.21046	0.00864267	
4.21076	0.00864193	
4.21107	0.00864118	
4.21138	0.00864044	
4.21168	0.00863969	
4.21199	0.00863858	
4.21229	0.00863783	
4.2126	0.00863709	
4.2129	0.00863671	
4.21321	0.00863597	
4.21351	0.00863522	
4.21382	0.00863448	
4.21413	0.00863373	
4.21443	0.00863299	
4.21474	0.00863262	
4.21504	0.00863187	
4.21535	0.00863113	
4.21565	0.00863075	
4.21596	0.00863001	
4.21626	0.00862926	
4.21657	0.00862889	
4.21688	0.00862814	
4.21718	0.00862777	
4.21749	0.00862703	
4.21779	0.00862665	
4.2181	0.00862628	
4.2184	0.00862554	
4.21871	0.00862516	
4.21901	0.00862479	
4.21932	0.00862405	
4.21963	0.00862367	
4.21993	0.0086233	
4.22024	0.00862293	
4.22054	0.00862256	
4.22085	0.00862218	
4.22115	0.00862181	
4.22146	0.00862144	
4.22176	0.00862107	
4.22207	0.00862069	
4.22238	0.00862032	
4.22268	0.00861995	
4.22299	0.00861958	
4.22329	0.0086192	
4.2236	0.00861883	
4.2239	0.00861883	
4.22421	0.00861846	
4.22452	0.00861809	
4.22482	0.00861809	
4.22513	0.00861771	
4.22543	0.00861734	
4.22574	0.00861734	
4.22604	0.00861697	
4.22635	0.00861697	
4.22665	0.00861697	
4.22696	0.0086166	
4.22727	0.0086166	
4.22757	0.00861622	
4.22788	0.00861622	
4.22818	0.00861622	
4.22849	0.00861622	
4.22879	0.00861585	
4.2291	0.00861585	
4.2294	0.00861585	
4.22971	0.00861585	
4.23002	0.00861585	
4.23032	0.00861585	
4.23063	0.00861585	
4.23093	0.00861585	
4.23124	0.00861585	
4.23154	0.00861585	
4.23185	0.00861585	
4.23215	0.00861585	
4.23246	0.00861585	
4.23277	0.00861622	
4.23307	0.00861622	
4.23338	0.00861622	
4.23368	0.00861622	
4.23399	0.0086166	
4.23429	0.0086166	
4.2346	0.00861697	
4.2349	0.00861697	
4.23521	0.00861697	
4.23552	0.00861734	
4.23582	0.00861771	
4.23613	0.00861771	
4.23643	0.00861809	
4.23674	0.00861809	
4.23704	0.00861846	
4.23735	0.00861883	
4.23765	0.0086192	
4.23796	0.0086192	
4.23827	0.00861958	
4.23857	0.00861995	
4.23888	0.00862032	
4.23918	0.00862069	
4.23949	0.00862107	
4.23979	0.00862144	
4.2401	0.00862181	
4.2404	0.00862218	
4.24071	0.00862256	
4.24102	0.00862293	
4.24132	0.0086233	
4.24163	0.00862405	
4.24193	0.00862442	
4.24224	0.00862479	
4.24254	0.00862516	
4.24285	0.00862591	
4.24315	0.00862628	
4.24346	0.00862665	
4.24377	0.0086274	
4.24407	0.00862777	
4.24438	0.00862852	
4.24468	0.00862889	
4.24499	0.00862963	
4.24529	0.00863038	
4.2456	0.00863075	
4.2459	0.0086315	
4.24621	0.00863224	
4.24652	0.00863299	
4.24682	0.00863336	
4.24713	0.00863411	
4.24743	0.00863485	
4.24774	0.0086356	
4.24804	0.00863634	
4.24835	0.00863709	
4.24865	0.00863783	
4.24896	0.00863858	
4.24927	0.00863932	
4.24957	0.00864007	
4.24988	0.00864081	
4.25018	0.00864193	
4.25049	0.00864267	
4.25079	0.00864342	
4.2511	0.00864454	
4.2514	0.00864528	
4.25171	0.00864603	
4.25202	0.00864714	
4.25232	0.00864789	
4.25263	0.00864901	
4.25293	0.00864975	
4.25324	0.00865087	
4.25354	0.00865199	
4.25385	0.00865273	
4.25415	0.00865385	
4.25446	0.00865497	
4.25477	0.00865608	
4.25507	0.0086572	
4.25538	0.00865832	
4.25568	0.00865944	
4.25599	0.00866055	
4.25629	0.00866167	
4.2566	0.00866279	
4.2569	0.00866391	
4.25721	0.00866503	
4.25752	0.00866614	
4.25782	0.00866726	
4.25813	0.00866875	
4.25843	0.00866987	
4.25874	0.00867136	
4.25904	0.00867248	
4.25935	0.00867359	
4.25966	0.00867508	
4.25996	0.00867657	
4.26027	0.00867769	
4.26057	0.00867918	
4.26088	0.00868067	
4.26118	0.00868216	
4.26149	0.00868328	
4.26179	0.00868477	
4.2621	0.00868626	
4.26241	0.00868775	
4.26271	0.00868924	
4.26302	0.00869073	
4.26332	0.00869259	
4.26363	0.00869408	
4.26393	0.00869557	
4.26424	0.00869744	
4.26454	0.00869893	
4.26485	0.00870042	
4.26516	0.00870228	
4.26546	0.00870414	
4.26577	0.00870563	
4.26607	0.00870749	
4.26638	0.00870936	
4.26668	0.00871122	
4.26699	0.00871271	
4.26729	0.00871457	
4.2676	0.00871681	
4.26791	0.00871867	
4.26821	0.00872053	
4.26852	0.00872239	
4.26882	0.00872463	
4.26913	0.00872649	
4.26943	0.00872836	
4.26974	0.00873059	
4.27004	0.00873283	
4.27035	0.00873469	
4.27066	0.00873692	
4.27096	0.00873916	
4.27127	0.00874139	
4.27157	0.00874363	
4.27188	0.00874624	
4.27218	0.00874847	
4.27249	0.00875071	
4.27279	0.00875331	
4.2731	0.00875555	
4.27341	0.00875816	
4.27371	0.00876077	
4.27402	0.00876337	
4.27432	0.00876598	
4.27463	0.00876859	
4.27493	0.0087712	
4.27524	0.00877418	
4.27554	0.00877678	
4.27585	0.00877976	
4.27616	0.00878274	
4.27646	0.00878535	
4.27677	0.0087887	
4.27707	0.00879169	
4.27738	0.00879467	
4.27768	0.00879802	
4.27799	0.008801	
4.27829	0.00880435	
4.2786	0.0088077	
4.27891	0.00881106	
4.27921	0.00881478	
4.27952	0.00881813	
4.27982	0.00882186	
4.28013	0.00882559	
4.28043	0.00882931	
4.28074	0.00883341	
4.28104	0.00883713	
4.28135	0.00884123	
4.28166	0.00884533	
4.28196	0.0088498	
4.28227	0.00885427	
4.28257	0.00885874	
4.28288	0.00886321	
4.28318	0.00886768	
4.28349	0.00887252	
4.28379	0.00887737	
4.2841	0.00888258	
4.28441	0.0088878	
4.28471	0.00889301	
4.28502	0.0088986	
4.28532	0.00890419	
4.28563	0.00891015	
4.28593	0.00891611	
4.28624	0.00892207	
4.28654	0.0089284	
4.28685	0.00893511	
4.28716	0.00894181	
4.28746	0.00894889	
4.28777	0.00895597	
4.28807	0.00896379	
4.28838	0.00897124	
4.28868	0.00897944	
4.28899	0.00898764	
4.28929	0.0089962	
4.2896	0.00900552	
4.28991	0.00901483	
4.29021	0.00902452	
4.29052	0.00903457	
4.29082	0.009045	
4.29113	0.00905618	
4.29143	0.00906736	
4.29174	0.00907965	
4.29204	0.00909194	
4.29235	0.00910535	
4.29266	0.00911914	
4.29296	0.00913367	
4.29327	0.00914894	
4.29357	0.00916496	
4.29388	0.0091821	
4.29418	0.00919998	
4.29449	0.00921898	
4.2948	0.00923872	
4.2951	0.00925995	
4.29541	0.00928268	
4.29571	0.00930689	
4.29602	0.00933222	
4.29632	0.00935979	
4.29663	0.00938885	
4.29693	0.00942014	
4.29724	0.00945404	
4.29755	0.00949018	
4.29785	0.00952929	
4.29816	0.00957139	
4.29846	0.00961721	
4.29877	0.00966676	
4.29907	0.00972077	
4.29938	0.00977963	
4.29968	0.00984408	
4.29999	0.00991486	
4.3003	0.00999272	
4.3006	0.0100788	
4.30091	0.0101741	
4.30121	0.0102803	
4.30152	0.0103984	
4.30182	0.0105307	
4.30213	0.0106793	
4.30243	0.0108469	
4.30274	0.0110369	
4.30305	0.0112526	
4.30335	0.0114989	
4.30366	0.0117809	
4.30396	0.0121042	
4.30427	0.0124767	
4.30457	0.0129055	
4.30488	0.0133988	
4.30518	0.0139643	
4.30549	0.0146072	
4.3058	0.0153292	
4.3061	0.0161227	
4.30641	0.0169694	
4.30671	0.0178363	
4.30702	0.0186749	
4.30732	0.0194248	
4.30763	0.0200178	
4.30793	0.0203911	
4.30824	0.0204999	
4.30855	0.0203304	
4.30885	0.0199053	
4.30916	0.0192754	
4.30946	0.0185065	
4.30977	0.0176653	
4.31007	0.01681	
4.31038	0.0159852	
4.31068	0.0152197	
4.31099	0.014529	
4.3113	0.0139177	
4.3116	0.0133831	
4.31191	0.0129197	
4.31221	0.0125188	
4.31252	0.0121735	
4.31282	0.0118755	
4.31313	0.0116184	
4.31343	0.0113968	
4.31374	0.0112057	
4.31405	0.011041	
4.31435	0.0108995	
4.31466	0.0107784	
4.31496	0.0106759	
4.31527	0.0105906	
4.31557	0.0105217	
4.31588	0.0104684	
4.31618	0.0104319	
4.31649	0.0104133	
4.3168	0.0104148	
4.3171	0.0104416	
4.31741	0.0105005	
4.31771	0.0106037	
4.31802	0.0107709	
4.31832	0.0110362	
4.31863	0.0114545	
4.31893	0.0121169	
4.31924	0.0131421	
4.31955	0.0145949	
4.31985	0.0162348	
4.32016	0.0174545	
4.32046	0.0179287	
4.32077	0.0177771	
4.32107	0.0169348	
4.32138	0.0154145	
4.32168	0.0137649	
4.32199	0.0124656	
4.3223	0.011583	
4.3226	0.0110064	
4.32291	0.010626	
4.32321	0.0103675	
4.32352	0.0101872	
4.32382	0.0100572	
4.32413	0.0099618	
4.32443	0.00989065	
4.32474	0.009837	
4.32505	0.00979714	
4.32535	0.00976771	
4.32566	0.00974685	
4.32596	0.00973381	
4.32627	0.00972748	
4.32657	0.00972822	
4.32688	0.00973567	
4.32719	0.00975095	
4.32749	0.00977442	
4.3278	0.00980869	
4.3281	0.009856	
4.32841	0.00992008	
4.32871	0.0100065	
4.32902	0.0101231	
4.32932	0.0102803	
4.32963	0.0104941	
4.32994	0.0107847	
4.33024	0.0111774	
4.33055	0.0116974	
4.33085	0.012356	
4.33116	0.0131264	
4.33146	0.0139158	
4.33177	0.0145759	
4.33207	0.0149898	
4.33238	0.0151645	
4.33269	0.015213	
4.33299	0.0152238	
4.3333	0.0151601	
4.3336	0.0149034	
4.33391	0.014386	
4.33421	0.0136755	
4.33452	0.0129208	
4.33482	0.0122458	
4.33513	0.0117052	
4.33544	0.0113022	
4.33574	0.0110153	
4.33605	0.0108182	
4.33635	0.0106893	
4.33666	0.0106107	
4.33696	0.0105705	
4.33727	0.0105597	
4.33757	0.010572	
4.33788	0.0106044	
4.33819	0.0106532	
4.33849	0.0107177	
4.3388	0.0107966	
4.3391	0.0108898	
4.33941	0.0109971	
4.33971	0.0111189	
4.34002	0.0112556	
4.34032	0.0114076	
4.34063	0.0115748	
4.34094	0.0117581	
4.34124	0.0119563	
4.34155	0.0121702	
4.34185	0.0123989	
4.34216	0.0126451	
4.34246	0.0129141	
4.34277	0.0132181	
4.34307	0.0135768	
4.34338	0.0140127	
4.34369	0.0145372	
4.34399	0.0151306	
4.3443	0.0157256	
4.3446	0.0162166	
4.34491	0.0164919	
4.34521	0.0164818	
4.34552	0.0161894	
4.34582	0.0156887	
4.34613	0.0150923	
4.34644	0.014504	
4.34674	0.0139877	
4.34705	0.0135597	
4.34735	0.0132069	
4.34766	0.012907	
4.34796	0.0126407	
4.34827	0.0123959	
4.34857	0.0121679	
4.34888	0.0119545	
4.34919	0.0117555	
4.34949	0.0115711	
4.3498	0.0114013	
4.3501	0.0112455	
4.35041	0.0111032	
4.35071	0.010974	
4.35102	0.0108562	
4.35132	0.0107493	
4.35163	0.0106525	
4.35194	0.0105646	
4.35224	0.0104848	
4.35255	0.0104122	
4.35285	0.0103462	
4.35316	0.0102863	
4.35346	0.0102315	
4.35377	0.0101816	
4.35407	0.0101361	
4.35438	0.0100944	
4.35469	0.0100564	
4.35499	0.0100214	
4.3553	0.00998899	
4.3556	0.00995956	
4.35591	0.00993237	
4.35621	0.00990741	
4.35652	0.00988431	
4.35682	0.00986345	
4.35713	0.00984371	
4.35744	0.00982583	
4.35774	0.00980906	
4.35805	0.00979342	
4.35835	0.00977926	
4.35866	0.00976622	
4.35896	0.00975393	
4.35927	0.00974275	
4.35957	0.00973232	
4.35988	0.00972264	
4.36019	0.00971369	
4.36049	0.0097055	
4.3608	0.00969805	
4.3611	0.00969097	
4.36141	0.00968464	
4.36171	0.00967868	
4.36202	0.00967309	
4.36233	0.00966825	
4.36263	0.0096634	
4.36294	0.00965931	
4.36324	0.00965558	
4.36355	0.00965185	
4.36385	0.00964887	
4.36416	0.00964589	
4.36446	0.00964366	
4.36477	0.00964142	
4.36508	0.00963919	
4.36538	0.00963733	
4.36569	0.00963584	
4.36599	0.00963472	
4.3663	0.0096336	
4.3666	0.00963248	
4.36691	0.00963174	
4.36721	0.00963137	
4.36752	0.00963099	
4.36783	0.00963062	
4.36813	0.00963062	
4.36844	0.00963099	
4.36874	0.00963099	
4.36905	0.00963137	
4.36935	0.00963174	
4.36966	0.00963248	
4.36996	0.00963323	
4.37027	0.00963397	
4.37058	0.00963509	
4.37088	0.00963621	
4.37119	0.00963733	
4.37149	0.00963844	
4.3718	0.00963993	
4.3721	0.00964142	
4.37241	0.00964291	
4.37271	0.0096444	
4.37302	0.00964589	
4.37333	0.00964776	
4.37363	0.00964962	
4.37394	0.00965148	
4.37424	0.00965334	
4.37455	0.00965521	
4.37485	0.00965744	
4.37516	0.00965968	
4.37546	0.00966191	
4.37577	0.00966415	
4.37608	0.00966638	
4.37638	0.00966862	
4.37669	0.00967123	
4.37699	0.00967346	
4.3773	0.00967607	
4.3776	0.00967868	
4.37791	0.00968128	
4.37821	0.00968389	
4.37852	0.0096865	
4.37883	0.00968911	
4.37913	0.00969209	
4.37944	0.0096947	
4.37974	0.00969768	
4.38005	0.00970028	
4.38035	0.00970326	
4.38066	0.00970624	
4.38096	0.00970922	
4.38127	0.0097122	
4.38158	0.00971518	
4.38188	0.00971854	
4.38219	0.00972152	
4.38249	0.0097245	
4.3828	0.00972785	
4.3831	0.00973083	
4.38341	0.00973418	
4.38371	0.00973754	
4.38402	0.00974089	
4.38433	0.00974424	
4.38463	0.00974722	
4.38494	0.00975057	
4.38524	0.0097543	
4.38555	0.00975765	
4.38585	0.00976101	
4.38616	0.00976436	
4.38646	0.00976771	
4.38677	0.00977144	
4.38708	0.00977479	
4.38738	0.00977851	
4.38769	0.00978187	
4.38799	0.00978559	
4.3883	0.00978932	
4.3886	0.00979267	
4.38891	0.0097964	
4.38921	0.00980012	
4.38952	0.00980385	
4.38983	0.00980757	
4.39013	0.0098113	
4.39044	0.00981502	
4.39074	0.00981875	
4.39105	0.00982247	
4.39135	0.0098262	
4.39166	0.00982992	
4.39196	0.00983402	
4.39227	0.00983775	
4.39258	0.00984147	
4.39288	0.00984557	
4.39319	0.0098493	
4.39349	0.00985302	
4.3938	0.00985712	
4.3941	0.00986122	
4.39441	0.00986494	
4.39472	0.00986904	
4.39502	0.00987314	
4.39533	0.00987686	
4.39563	0.00988096	
4.39594	0.00988506	
4.39624	0.00988916	
4.39655	0.00989288	
4.39685	0.00989698	
4.39716	0.00990108	
4.39747	0.00990517	
4.39777	0.00990927	
4.39808	0.00991337	
4.39838	0.00991784	
4.39869	0.00992194	
4.39899	0.00992604	
4.3993	0.00993013	
4.3996	0.00993423	
4.39991	0.0099387	
4.40022	0.0099428	
4.40052	0.0099469	
4.40083	0.009951	
4.40113	0.00995547	
4.40144	0.00995956	
4.40174	0.00996403	
4.40205	0.00996813	
4.40235	0.0099726	
4.40266	0.0099767	
4.40297	0.00998117	
4.40327	0.00998564	
4.40358	0.00998974	
4.40388	0.00999421	
4.40419	0.00999868	
4.40449	0.0100028	
4.4048	0.0100072	
4.4051	0.0100117	
4.40541	0.0100162	
4.40572	0.0100207	
4.40602	0.0100248	
4.40633	0.0100292	
4.40663	0.0100337	
4.40694	0.0100382	
4.40724	0.0100426	
4.40755	0.0100471	
4.40785	0.0100516	
4.40816	0.010056	
4.40847	0.0100609	
4.40877	0.0100654	
4.40908	0.0100698	
4.40938	0.0100743	
4.40969	0.0100788	
4.40999	0.0100836	
4.4103	0.0100881	
4.4106	0.0100926	
4.41091	0.010097	
4.41122	0.0101019	
4.41152	0.0101063	
4.41183	0.0101112	
4.41213	0.0101157	
4.41244	0.0101205	
4.41274	0.010125	
4.41305	0.0101298	
4.41335	0.0101343	
4.41366	0.0101391	
4.41397	0.0101436	
4.41427	0.0101484	
4.41458	0.0101529	
4.41488	0.0101577	
4.41519	0.0101626	
4.41549	0.0101674	
4.4158	0.0101719	
4.4161	0.0101767	
4.41641	0.0101816	
4.41672	0.0101864	
4.41702	0.0101909	
4.41733	0.0101957	
4.41763	0.0102006	
4.41794	0.0102054	
4.41824	0.0102103	
4.41855	0.0102151	
4.41885	0.01022	
4.41916	0.0102248	
4.41947	0.0102296	
4.41977	0.0102345	
4.42008	0.0102393	
4.42038	0.0102442	
4.42069	0.010249	
4.42099	0.0102542	
4.4213	0.0102591	
4.4216	0.0102639	
4.42191	0.0102688	
4.42222	0.0102736	
4.42252	0.0102788	
4.42283	0.0102837	
4.42313	0.0102885	
4.42344	0.0102937	
4.42374	0.0102986	
4.42405	0.0103034	
4.42435	0.0103086	
4.42466	0.0103135	
4.42497	0.0103187	
4.42527	0.0103235	
4.42558	0.0103287	
4.42588	0.0103336	
4.42619	0.0103388	
4.42649	0.0103436	
4.4268	0.0103489	
4.4271	0.0103537	
4.42741	0.0103589	
4.42772	0.0103641	
4.42802	0.010369	
4.42833	0.0103742	
4.42863	0.0103794	
4.42894	0.0103842	
4.42924	0.0103895	
4.42955	0.0103947	
4.42986	0.0103999	
4.43016	0.0104051	
4.43047	0.01041	
4.43077	0.0104152	
4.43108	0.0104204	
4.43138	0.0104256	
4.43169	0.0104308	
4.43199	0.010436	
4.4323	0.0104412	
4.43261	0.0104465	
4.43291	0.0104517	
4.43322	0.0104569	
4.43352	0.0104621	
4.43383	0.0104673	
4.43413	0.0104725	
4.43444	0.0104778	
4.43474	0.0104833	
4.43505	0.0104886	
4.43536	0.0104938	
4.43566	0.010499	
4.43597	0.0105042	
4.43627	0.0105098	
4.43658	0.010515	
4.43688	0.0105202	
4.43719	0.0105258	
4.43749	0.010531	
4.4378	0.0105362	
4.43811	0.0105418	
4.43841	0.010547	
4.43872	0.0105526	
4.43902	0.0105578	
4.43933	0.0105631	
4.43963	0.0105686	
4.43994	0.0105739	
4.44024	0.0105795	
4.44055	0.010585	
4.44086	0.0105903	
4.44116	0.0105958	
4.44147	0.0106011	
4.44177	0.0106066	
4.44208	0.0106122	
4.44238	0.0106174	
4.44269	0.010623	
4.44299	0.0106286	
4.4433	0.0106342	
4.44361	0.0106394	
4.44391	0.010645	
4.44422	0.0106506	
4.44452	0.0106562	
4.44483	0.0106618	
4.44513	0.010667	
4.44544	0.0106726	
4.44574	0.0106782	
4.44605	0.0106838	
4.44636	0.0106893	
4.44666	0.0106949	
4.44697	0.0107005	
4.44727	0.0107061	
4.44758	0.0107117	
4.44788	0.0107173	
4.44819	0.0107229	
4.44849	0.0107285	
4.4488	0.0107341	
4.44911	0.01074	
4.44941	0.0107456	
4.44972	0.0107512	
4.45002	0.0107568	
4.45033	0.0107624	
4.45063	0.0107683	
4.45094	0.0107739	
4.45124	0.0107795	
4.45155	0.0107851	
4.45186	0.010791	
4.45216	0.0107966	
4.45247	0.0108022	
4.45277	0.0108082	
4.45308	0.0108138	
4.45338	0.0108197	
4.45369	0.0108253	
4.45399	0.0108309	
4.4543	0.0108369	
4.45461	0.0108425	
4.45491	0.0108484	
4.45522	0.010854	
4.45552	0.01086	
4.45583	0.0108659	
4.45613	0.0108715	
4.45644	0.0108775	
4.45674	0.0108831	
4.45705	0.010889	
4.45736	0.010895	
4.45766	0.0109009	
4.45797	0.0109065	
4.45827	0.0109125	
4.45858	0.0109185	
4.45888	0.0109244	
4.45919	0.01093	
4.45949	0.010936	
4.4598	0.0109419	
4.46011	0.0109479	
4.46041	0.0109538	
4.46072	0.0109598	
4.46102	0.0109658	
4.46133	0.0109714	
4.46163	0.0109773	
4.46194	0.0109833	
4.46224	0.0109892	
4.46255	0.0109952	
4.46286	0.0110012	
4.46316	0.0110075	
4.46347	0.0110134	
4.46377	0.0110194	
4.46408	0.0110254	
4.46438	0.0110313	
4.46469	0.0110373	
4.465	0.0110433	
4.4653	0.0110496	
4.46561	0.0110555	
4.46591	0.0110615	
4.46622	0.0110675	
4.46652	0.0110734	
4.46683	0.0110798	
4.46713	0.0110857	
4.46744	0.0110917	
4.46775	0.011098	
4.46805	0.011104	
4.46836	0.0111103	
4.46866	0.0111163	
4.46897	0.0111222	
4.46927	0.0111286	
4.46958	0.0111345	
4.46988	0.0111409	
4.47019	0.0111468	
4.4705	0.0111531	
4.4708	0.0111591	
4.47111	0.0111654	
4.47141	0.0111718	
4.47172	0.0111777	
4.47202	0.0111841	
4.47233	0.0111904	
4.47263	0.0111964	
4.47294	0.0112027	
4.47325	0.0112087	
4.47355	0.011215	
4.47386	0.0112213	
4.47416	0.0112277	
4.47447	0.0112336	
4.47477	0.0112399	
4.47508	0.0112463	
4.47538	0.0112526	
4.47569	0.0112589	
4.476	0.0112653	
4.4763	0.0112716	
4.47661	0.0112779	
4.47691	0.0112839	
4.47722	0.0112902	
4.47752	0.0112966	
4.47783	0.0113029	
4.47813	0.0113092	
4.47844	0.0113156	
4.47875	0.0113223	
4.47905	0.0113286	
4.47936	0.0113349	
4.47966	0.0113413	
4.47997	0.0113476	
4.48027	0.0113539	
4.48058	0.0113603	
4.48088	0.011367	
4.48119	0.0113733	
4.4815	0.0113796	
4.4818	0.011386	
4.48211	0.0113927	
4.48241	0.011399	
4.48272	0.0114053	
4.48302	0.0114117	
4.48333	0.0114184	
4.48363	0.0114247	
4.48394	0.0114314	
4.48425	0.0114378	
4.48455	0.0114441	
4.48486	0.0114508	
4.48516	0.0114571	
4.48547	0.0114638	
4.48577	0.0114702	
4.48608	0.0114769	
4.48638	0.0114832	
4.48669	0.0114899	
4.487	0.0114966	
4.4873	0.011503	
4.48761	0.0115097	
4.48791	0.011516	
4.48822	0.0115227	
4.48852	0.0115294	
4.48883	0.0115361	
4.48913	0.0115424	
4.48944	0.0115491	
4.48975	0.0115559	
4.49005	0.0115626	
4.49036	0.0115689	
4.49066	0.0115756	
4.49097	0.0115823	
4.49127	0.011589	
4.49158	0.0115957	
4.49188	0.0116024	
4.49219	0.0116091	
4.4925	0.0116155	
4.4928	0.0116222	
4.49311	0.0116289	
4.49341	0.0116356	
4.49372	0.0116423	
4.49402	0.011649	
4.49433	0.0116557	
4.49463	0.0116628	
4.49494	0.0116695	
4.49525	0.0116762	
4.49555	0.0116829	
4.49586	0.0116896	
4.49616	0.0116963	
4.49647	0.011703	
4.49677	0.0117101	
4.49708	0.0117168	
4.49739	0.0117235	
4.49769	0.0117302	
4.498	0.0117373	
4.4983	0.011744	
4.49861	0.0117507	
4.49891	0.0117578	
4.49922	0.0117645	
4.49952	0.0117712	
4.49983	0.0117783	
4.50014	0.011785	
4.50044	0.011792	
4.50075	0.0117987	
4.50105	0.0118054	
4.50136	0.0118125	
4.50166	0.0118196	
4.50197	0.0118263	
4.50227	0.0118334	
4.50258	0.0118401	
4.50289	0.0118472	
4.50319	0.0118539	
4.5035	0.011861	
4.5038	0.011868	
4.50411	0.0118747	
4.50441	0.0118818	
4.50472	0.0118889	
4.50502	0.0118956	
4.50533	0.0119027	
4.50564	0.0119098	
4.50594	0.0119168	
4.50625	0.0119235	
4.50655	0.0119306	
4.50686	0.0119377	
4.50716	0.0119448	
4.50747	0.0119518	
4.50777	0.0119589	
4.50808	0.011966	
4.50839	0.0119731	
4.50869	0.0119802	
4.509	0.0119872	
4.5093	0.0119943	
4.50961	0.0120014	
4.50991	0.0120085	
4.51022	0.0120156	
4.51052	0.0120226	
4.51083	0.0120297	
4.51114	0.0120368	
4.51144	0.0120439	
4.51175	0.0120509	
4.51205	0.012058	
4.51236	0.0120655	
4.51266	0.0120725	
4.51297	0.0120796	
4.51327	0.0120867	
4.51358	0.0120938	
4.51389	0.0121012	
4.51419	0.0121083	
4.5145	0.0121154	
4.5148	0.0121228	
4.51511	0.0121299	
4.51541	0.012137	
4.51572	0.0121444	
4.51602	0.0121515	
4.51633	0.012159	
4.51664	0.0121661	
4.51694	0.0121735	
4.51725	0.0121806	
4.51755	0.012188	
4.51786	0.0121951	
4.51816	0.0122026	
4.51847	0.0122096	
4.51877	0.0122171	
4.51908	0.0122242	
4.51939	0.0122316	
4.51969	0.0122391	
4.52	0.0122461	
4.5203	0.0122536	
4.52061	0.012261	
4.52091	0.0122681	
4.52122	0.0122756	
4.52152	0.012283	
4.52183	0.0122905	
4.52214	0.0122979	
4.52244	0.012305	
4.52275	0.0123125	
4.52305	0.0123199	
4.52336	0.0123274	
4.52366	0.0123348	
4.52397	0.0123423	
4.52427	0.0123497	
4.52458	0.0123572	
4.52489	0.0123646	
4.52519	0.0123721	
4.5255	0.0123795	
4.5258	0.012387	
4.52611	0.0123944	
4.52641	0.0124019	
4.52672	0.0124093	
4.52702	0.0124168	
4.52733	0.0124242	
4.52764	0.0124317	
4.52794	0.0124391	
4.52825	0.0124466	
4.52855	0.0124544	
4.52886	0.0124618	
4.52916	0.0124693	
4.52947	0.0124767	
4.52977	0.0124846	
4.53008	0.012492	
4.53039	0.0124995	
4.53069	0.0125073	
4.531	0.0125147	
4.5313	0.0125222	
4.53161	0.01253	
4.53191	0.0125375	
4.53222	0.0125449	
4.53253	0.0125527	
4.53283	0.0125602	
4.53314	0.012568	
4.53344	0.0125755	
4.53375	0.0125833	
4.53405	0.0125907	
4.53436	0.0125986	
4.53466	0.0126064	
4.53497	0.0126138	
4.53528	0.0126217	
4.53558	0.0126291	
4.53589	0.0126369	
4.53619	0.0126448	
4.5365	0.0126522	
4.5368	0.01266	
4.53711	0.0126678	
4.53741	0.0126757	
4.53772	0.0126831	
4.53803	0.0126909	
4.53833	0.0126988	
4.53864	0.0127066	
4.53894	0.0127144	
4.53925	0.0127219	
4.53955	0.0127297	
4.53986	0.0127375	
4.54016	0.0127453	
4.54047	0.0127532	
4.54078	0.012761	
4.54108	0.0127688	
4.54139	0.0127766	
4.54169	0.0127845	
4.542	0.0127923	
4.5423	0.0128001	
4.54261	0.0128079	
4.54291	0.0128157	
4.54322	0.0128236	
4.54353	0.0128318	
4.54383	0.0128396	
4.54414	0.0128474	
4.54444	0.0128552	
4.54475	0.0128631	
4.54505	0.0128709	
4.54536	0.0128791	
4.54566	0.0128869	
4.54597	0.0128947	
4.54628	0.0129029	
4.54658	0.0129107	
4.54689	0.0129186	
4.54719	0.0129268	
4.5475	0.0129346	
4.5478	0.0129424	
4.54811	0.0129506	
4.54841	0.0129584	
4.54872	0.0129666	
4.54903	0.0129744	
4.54933	0.0129826	
4.54964	0.0129905	
4.54994	0.0129987	
4.55025	0.0130065	
4.55055	0.0130147	
4.55086	0.0130225	
4.55116	0.0130307	
4.55147	0.0130389	
4.55178	0.0130467	
4.55208	0.0130549	
4.55239	0.0130631	
4.55269	0.0130709	
4.553	0.0130791	
4.5533	0.0130873	
4.55361	0.0130955	
4.55391	0.0131033	
4.55422	0.0131115	
4.55453	0.0131197	
4.55483	0.0131279	
4.55514	0.0131361	
4.55544	0.0131439	
4.55575	0.0131521	
4.55605	0.0131603	
4.55636	0.0131685	
4.55666	0.0131767	
4.55697	0.0131849	
4.55728	0.0131931	
4.55758	0.0132013	
4.55789	0.0132095	
4.55819	0.0132177	
4.5585	0.0132259	
4.5588	0.0132341	
4.55911	0.0132423	
4.55941	0.0132509	
4.55972	0.0132591	
4.56003	0.0132672	
4.56033	0.0132754	
4.56064	0.0132836	
4.56094	0.0132922	
4.56125	0.0133004	
4.56155	0.0133086	
4.56186	0.0133168	
4.56216	0.0133254	
4.56247	0.0133336	
4.56278	0.0133418	
4.56308	0.0133503	
4.56339	0.0133585	
4.56369	0.0133667	
4.564	0.0133753	
4.5643	0.0133835	
4.56461	0.013392	
4.56492	0.0134002	
4.56522	0.0134088	
4.56553	0.013417	
4.56583	0.0134256	
4.56614	0.0134338	
4.56644	0.0134423	
4.56675	0.0134505	
4.56705	0.0134591	
4.56736	0.0134677	
4.56767	0.0134759	
4.56797	0.0134844	
4.56828	0.013493	
4.56858	0.0135012	
4.56889	0.0135098	
4.56919	0.0135183	
4.5695	0.0135269	
4.5698	0.0135351	
4.57011	0.0135437	
4.57042	0.0135522	
4.57072	0.0135608	
4.57103	0.0135694	
4.57133	0.0135779	
4.57164	0.0135861	
4.57194	0.0135947	
4.57225	0.0136033	
4.57255	0.0136118	
4.57286	0.0136204	
4.57317	0.013629	
4.57347	0.0136375	
4.57378	0.0136461	
4.57408	0.0136547	
4.57439	0.0136632	
4.57469	0.0136722	
4.575	0.0136808	
4.5753	0.0136893	
4.57561	0.0136979	
4.57592	0.0137065	
4.57622	0.013715	
4.57653	0.013724	
4.57683	0.0137325	
4.57714	0.0137411	
4.57744	0.0137497	
4.57775	0.0137586	
4.57805	0.0137672	
4.57836	0.0137758	
4.57867	0.0137847	
4.57897	0.0137933	
4.57928	0.0138018	
4.57958	0.0138108	
4.57989	0.0138193	
4.58019	0.0138283	
4.5805	0.0138368	
4.5808	0.0138458	
4.58111	0.0138544	
4.58142	0.0138633	
4.58172	0.0138719	
4.58203	0.0138808	
4.58233	0.0138894	
4.58264	0.0138983	
4.58294	0.0139073	
4.58325	0.0139158	
4.58355	0.0139248	
4.58386	0.0139337	
4.58417	0.0139423	
4.58447	0.0139512	
4.58478	0.0139602	
4.58508	0.0139687	
4.58539	0.0139777	
4.58569	0.0139866	
4.586	0.0139955	
4.5863	0.0140045	
4.58661	0.0140134	
4.58692	0.014022	
4.58722	0.0140309	
4.58753	0.0140399	
4.58783	0.0140488	
4.58814	0.0140578	
4.58844	0.0140667	
4.58875	0.0140756	
4.58905	0.0140846	
4.58936	0.0140935	
4.58967	0.0141025	
4.58997	0.0141114	
4.59028	0.0141207	
4.59058	0.0141297	
4.59089	0.0141386	
4.59119	0.0141475	
4.5915	0.0141565	
4.5918	0.0141654	
4.59211	0.0141747	
4.59242	0.0141837	
4.59272	0.0141926	
4.59303	0.0142016	
4.59333	0.0142109	
4.59364	0.0142198	
4.59394	0.0142287	
4.59425	0.0142381	
4.59455	0.014247	
4.59486	0.0142563	
4.59517	0.0142653	
4.59547	0.0142742	
4.59578	0.0142835	
4.59608	0.0142924	
4.59639	0.0143018	
4.59669	0.0143107	
4.597	0.01432	
4.5973	0.0143293	
4.59761	0.0143383	
4.59792	0.0143476	
4.59822	0.0143565	
4.59853	0.0143658	
4.59883	0.0143752	
4.59914	0.0143841	
4.59944	0.0143934	
4.59975	0.0144027	
4.60006	0.014412	
4.60036	0.014421	
4.60067	0.0144303	
4.60097	0.0144396	
4.60128	0.0144489	
4.60158	0.0144582	
4.60189	0.0144675	
4.60219	0.0144769	
4.6025	0.0144862	
4.60281	0.0144955	
4.60311	0.0145044	
4.60342	0.0145137	
4.60372	0.014523	
4.60403	0.0145327	
4.60433	0.014542	
4.60464	0.0145514	
4.60494	0.0145607	
4.60525	0.01457	
4.60556	0.0145793	
4.60586	0.0145886	
4.60617	0.0145979	
4.60647	0.0146076	
4.60678	0.0146169	
4.60708	0.0146262	
4.60739	0.0146355	
4.60769	0.0146452	
4.608	0.0146545	
4.60831	0.0146639	
4.60861	0.0146735	
4.60892	0.0146829	
4.60922	0.0146922	
4.60953	0.0147019	
4.60983	0.0147112	
4.61014	0.0147209	
4.61044	0.0147302	
4.61075	0.0147399	
4.61106	0.0147492	
4.61136	0.0147589	
4.61167	0.0147682	
4.61197	0.0147779	
4.61228	0.0147872	
4.61258	0.0147969	
4.61289	0.0148065	
4.61319	0.0148159	
4.6135	0.0148255	
4.61381	0.0148352	
4.61411	0.0148449	
4.61442	0.0148542	
4.61472	0.0148639	
4.61503	0.0148736	
4.61533	0.0148833	
4.61564	0.014893	
4.61594	0.0149027	
4.61625	0.014912	
4.61656	0.0149217	
4.61686	0.0149313	
4.61717	0.014941	
4.61747	0.0149507	
4.61778	0.0149604	
4.61808	0.0149701	
4.61839	0.0149798	
4.61869	0.0149895	
4.619	0.0149995	
4.61931	0.0150092	
4.61961	0.0150189	
4.61992	0.0150286	
4.62022	0.0150383	
4.62053	0.0150479	
4.62083	0.015058	
4.62114	0.0150677	
4.62144	0.0150774	
4.62175	0.0150871	
4.62206	0.0150971	
4.62236	0.0151068	
4.62267	0.0151165	
4.62297	0.0151265	
4.62328	0.0151362	
4.62358	0.0151463	
4.62389	0.015156	
4.62419	0.015166	
4.6245	0.0151757	
4.62481	0.0151858	
4.62511	0.0151955	
4.62542	0.0152055	
4.62572	0.0152152	
4.62603	0.0152253	
4.62633	0.0152353	
4.62664	0.015245	
4.62694	0.0152551	
4.62725	0.0152651	
4.62756	0.0152752	
4.62786	0.0152849	
4.62817	0.0152949	
4.62847	0.015305	
4.62878	0.015315	
4.62908	0.0153251	
4.62939	0.0153352	
4.62969	0.0153448	
4.63	0.0153549	
4.63031	0.015365	
4.63061	0.015375	
4.63092	0.0153851	
4.63122	0.0153951	
4.63153	0.0154052	
4.63183	0.0154156	
4.63214	0.0154257	
4.63244	0.0154357	
4.63275	0.0154458	
4.63306	0.0154559	
4.63336	0.0154659	
4.63367	0.0154763	
4.63397	0.0154864	
4.63428	0.0154965	
4.63458	0.0155065	
4.63489	0.015517	
4.6352	0.015527	
4.6355	0.0155371	
4.63581	0.0155475	
4.63611	0.0155576	
4.63642	0.015568	
4.63672	0.015578	
4.63703	0.0155885	
4.63733	0.0155985	
4.63764	0.015609	
4.63795	0.015619	
4.63825	0.0156295	
4.63856	0.0156395	
4.63886	0.0156499	
4.63917	0.0156604	
4.63947	0.0156708	
4.63978	0.0156809	
4.64008	0.0156913	
4.64039	0.0157017	
4.6407	0.0157122	
4.641	0.0157222	
4.64131	0.0157326	
4.64161	0.0157431	
4.64192	0.0157535	
4.64222	0.0157639	
4.64253	0.0157744	
4.64283	0.0157848	
4.64314	0.0157952	
4.64345	0.0158057	
4.64375	0.0158161	
4.64406	0.0158265	
4.64436	0.015837	
4.64467	0.0158474	
4.64497	0.0158582	
4.64528	0.0158686	
4.64558	0.015879	
4.64589	0.0158895	
4.6462	0.0159003	
4.6465	0.0159107	
4.64681	0.0159211	
4.64711	0.0159316	
4.64742	0.0159424	
4.64772	0.0159528	
4.64803	0.0159636	
4.64833	0.015974	
4.64864	0.0159848	
4.64895	0.0159953	
4.64925	0.0160061	
4.64956	0.0160165	
4.64986	0.0160273	
4.65017	0.0160381	
4.65047	0.0160486	
4.65078	0.0160594	
4.65108	0.0160702	
4.65139	0.0160806	
4.6517	0.0160914	
4.652	0.0161022	
4.65231	0.016113	
4.65261	0.0161238	
4.65292	0.0161346	
4.65322	0.016145	
4.65353	0.0161558	
4.65383	0.0161666	
4.65414	0.0161774	
4.65445	0.0161882	
4.65475	0.0161991	
4.65506	0.0162102	
4.65536	0.016221	
4.65567	0.0162318	
4.65597	0.0162426	
4.65628	0.0162534	
4.65658	0.0162642	
4.65689	0.0162754	
4.6572	0.0162862	
4.6575	0.016297	
4.65781	0.0163082	
4.65811	0.016319	
4.65842	0.0163298	
4.65872	0.016341	
4.65903	0.0163518	
4.65933	0.016363	
4.65964	0.0163738	
4.65995	0.0163849	
4.66025	0.0163957	
4.66056	0.0164069	
4.66086	0.0164181	
4.66117	0.0164289	
4.66147	0.0164401	
4.66178	0.0164513	
4.66208	0.0164624	
4.66239	0.0164732	
4.6627	0.0164844	
4.663	0.0164956	
4.66331	0.0165068	
4.66361	0.0165179	
4.66392	0.0165291	
4.66422	0.0165403	
4.66453	0.0165515	
4.66483	0.0165626	
4.66514	0.0165738	
4.66545	0.016585	
4.66575	0.0165962	
4.66606	0.0166073	
4.66636	0.0166189	
4.66667	0.0166301	
4.66697	0.0166412	
4.66728	0.0166524	
4.66759	0.016664	
4.66789	0.0166751	
4.6682	0.0166867	
4.6685	0.0166979	
4.66881	0.016709	
4.66911	0.0167206	
4.66942	0.0167318	
4.66972	0.0167433	
4.67003	0.0167549	
4.67034	0.016766	
4.67064	0.0167776	
4.67095	0.0167891	
4.67125	0.0168003	
4.67156	0.0168119	
4.67186	0.0168234	
4.67217	0.016835	
4.67247	0.0168465	
4.67278	0.0168577	
4.67309	0.0168692	
4.67339	0.0168808	
4.6737	0.0168923	
4.674	0.0169039	
4.67431	0.0169158	
4.67461	0.0169273	
4.67492	0.0169389	
4.67522	0.0169504	
4.67553	0.016962	
4.67584	0.0169735	
4.67614	0.0169855	
4.67645	0.016997	
4.67675	0.0170086	
4.67706	0.0170205	
4.67736	0.017032	
4.67767	0.0170439	
4.67797	0.0170555	
4.67828	0.0170674	
4.67859	0.017079	
4.67889	0.0170909	
4.6792	0.0171024	
4.6795	0.0171144	
4.67981	0.0171263	
4.68011	0.0171382	
4.68042	0.0171497	
4.68072	0.0171617	
4.68103	0.0171736	
4.68134	0.0171855	
4.68164	0.0171974	
4.68195	0.0172094	
4.68225	0.0172213	
4.68256	0.0172332	
4.68286	0.0172451	
4.68317	0.017257	
4.68347	0.0172693	
4.68378	0.0172812	
4.68409	0.0172932	
4.68439	0.0173051	
4.6847	0.0173174	
4.685	0.0173293	
4.68531	0.0173412	
4.68561	0.0173535	
4.68592	0.0173654	
4.68622	0.0173777	
4.68653	0.0173897	
4.68684	0.0174019	
4.68714	0.0174139	
4.68745	0.0174262	
4.68775	0.0174385	
4.68806	0.0174507	
4.68836	0.0174627	
4.68867	0.017475	
4.68897	0.0174873	
4.68928	0.0174996	
4.68959	0.0175118	
4.68989	0.0175241	
4.6902	0.0175364	
4.6905	0.0175487	
4.69081	0.017561	
4.69111	0.0175733	
4.69142	0.0175856	
4.69172	0.0175979	
4.69203	0.0176106	
4.69234	0.0176229	
4.69264	0.0176352	
4.69295	0.0176478	
4.69325	0.0176601	
4.69356	0.0176728	
4.69386	0.0176851	
4.69417	0.0176977	
4.69447	0.01771	
4.69478	0.0177227	
4.69509	0.017735	
4.69539	0.0177477	
4.6957	0.0177603	
4.696	0.017773	
4.69631	0.0177857	
4.69661	0.0177979	
4.69692	0.0178106	
4.69722	0.0178233	
4.69753	0.0178359	
4.69784	0.0178486	
4.69814	0.0178616	
4.69845	0.0178743	
4.69875	0.017887	
4.69906	0.0178996	
4.69936	0.0179123	
4.69967	0.0179254	
4.69997	0.017938	
4.70028	0.0179507	
4.70059	0.0179637	
4.70089	0.0179764	
4.7012	0.0179894	
4.7015	0.0180025	
4.70181	0.0180151	
4.70211	0.0180282	
4.70242	0.0180412	
4.70273	0.0180539	
4.70303	0.0180669	
4.70334	0.01808	
4.70364	0.018093	
4.70395	0.018106	
4.70425	0.0181191	
4.70456	0.0181321	
4.70486	0.0181451	
4.70517	0.0181582	
4.70548	0.0181712	
4.70578	0.0181846	
4.70609	0.0181977	
4.70639	0.0182107	
4.7067	0.0182241	
4.707	0.0182372	
4.70731	0.0182506	
4.70761	0.0182636	
4.70792	0.018277	
4.70823	0.0182901	
4.70853	0.0183035	
4.70884	0.0183169	
4.70914	0.0183299	
4.70945	0.0183433	
4.70975	0.0183567	
4.71006	0.0183702	
4.71036	0.0183836	
4.71067	0.018397	
4.71098	0.0184104	
4.71128	0.0184238	
4.71159	0.0184372	
4.71189	0.018451	
4.7122	0.0184644	
4.7125	0.0184778	
4.71281	0.0184912	
4.71311	0.018505	
4.71342	0.0185184	
4.71373	0.0185322	
4.71403	0.0185456	
4.71434	0.0185594	
4.71464	0.0185732	
4.71495	0.0185866	
4.71525	0.0186004	
4.71556	0.0186142	
4.71586	0.0186279	
4.71617	0.0186417	
4.71648	0.0186555	
4.71678	0.0186693	
4.71709	0.0186831	
4.71739	0.0186969	
4.7177	0.0187106	
4.718	0.0187244	
4.71831	0.0187386	
4.71861	0.0187524	
4.71892	0.0187661	
4.71923	0.0187803	
4.71953	0.0187941	
4.71984	0.0188082	
4.72014	0.0188224	
4.72045	0.0188362	
4.72075	0.0188503	
4.72106	0.0188645	
4.72136	0.0188787	
4.72167	0.0188924	
4.72198	0.0189066	
4.72228	0.0189207	
4.72259	0.0189349	
4.72289	0.0189494	
4.7232	0.0189636	
4.7235	0.0189777	
4.72381	0.0189919	
4.72411	0.0190064	
4.72442	0.0190206	
4.72473	0.0190347	
4.72503	0.0190493	
4.72534	0.0190634	
4.72564	0.019078	
4.72595	0.0190925	
4.72625	0.0191066	
4.72656	0.0191212	
4.72686	0.0191357	
4.72717	0.0191502	
4.72748	0.0191648	
4.72778	0.0191793	
4.72809	0.0191938	
4.72839	0.0192083	
4.7287	0.0192229	
4.729	0.0192374	
4.72931	0.0192523	
4.72961	0.0192668	
4.72992	0.0192814	
4.73023	0.0192963	
4.73053	0.0193108	
4.73084	0.0193257	
4.73114	0.0193406	
4.73145	0.0193551	
4.73175	0.01937	
4.73206	0.0193849	
4.73236	0.0193998	
4.73267	0.0194147	
4.73298	0.0194296	
4.73328	0.0194445	
4.73359	0.0194594	
4.73389	0.0194743	
4.7342	0.0194892	
4.7345	0.0195045	
4.73481	0.0195194	
4.73512	0.0195347	
4.73542	0.0195496	
4.73573	0.0195649	
4.73603	0.0195798	
4.73634	0.019595	
4.73664	0.0196103	
4.73695	0.0196252	
4.73725	0.0196405	
4.73756	0.0196557	
4.73787	0.019671	
4.73817	0.0196863	
4.73848	0.0197016	
4.73878	0.0197168	
4.73909	0.0197325	
4.73939	0.0197478	
4.7397	0.019763	
4.74	0.0197787	
4.74031	0.019794	
4.74062	0.0198096	
4.74092	0.0198249	
4.74123	0.0198405	
4.74153	0.0198562	
4.74184	0.0198718	
4.74214	0.0198871	
4.74245	0.0199027	
4.74275	0.0199184	
4.74306	0.019934	
4.74337	0.01995	
4.74367	0.0199657	
4.74398	0.0199813	
4.74428	0.019997	
4.74459	0.020013	
4.74489	0.0200287	
4.7452	0.0200447	
4.7455	0.0200603	
4.74581	0.0200763	
4.74612	0.0200924	
4.74642	0.020108	
4.74673	0.020124	
4.74703	0.02014	
4.74734	0.0201561	
4.74764	0.0201721	
4.74795	0.0201881	
4.74825	0.0202041	
4.74856	0.0202205	
4.74887	0.0202365	
4.74917	0.0202525	
4.74948	0.0202689	
4.74978	0.020285	
4.75009	0.0203013	
4.75039	0.0203174	
4.7507	0.0203338	
4.751	0.0203501	
4.75131	0.0203665	
4.75162	0.0203829	
4.75192	0.0203993	
4.75223	0.0204157	
4.75253	0.0204321	
4.75284	0.0204485	
4.75314	0.0204649	
4.75345	0.0204816	
4.75375	0.020498	
4.75406	0.0205144	
4.75437	0.0205312	
4.75467	0.020548	
4.75498	0.0205643	
4.75528	0.0205811	
4.75559	0.0205979	
4.75589	0.0206146	
4.7562	0.0206314	
4.7565	0.0206482	
4.75681	0.0206649	
4.75712	0.0206817	
4.75742	0.0206985	
4.75773	0.0207152	
4.75803	0.0207324	
4.75834	0.0207491	
4.75864	0.0207663	
4.75895	0.020783	
4.75925	0.0208002	
4.75956	0.0208169	
4.75987	0.0208341	
4.76017	0.0208512	
4.76048	0.0208683	
4.76078	0.0208855	
4.76109	0.0209026	
4.76139	0.0209197	
4.7617	0.0209369	
4.762	0.0209544	
4.76231	0.0209715	
4.76262	0.0209887	
4.76292	0.0210062	
4.76323	0.0210233	
4.76353	0.0210408	
4.76384	0.0210583	
4.76414	0.0210758	
4.76445	0.021093	
4.76475	0.0211105	
4.76506	0.021128	
4.76537	0.0211455	
4.76567	0.021163	
4.76598	0.0211809	
4.76628	0.0211984	
4.76659	0.0212159	
4.76689	0.0212338	
4.7672	0.0212513	
4.7675	0.0212692	
4.76781	0.0212867	
4.76812	0.0213046	
4.76842	0.0213224	
4.76873	0.0213403	
4.76903	0.0213578	
4.76934	0.0213757	
4.76964	0.021394	
4.76995	0.0214119	
4.77026	0.0214297	
4.77056	0.0214476	
4.77087	0.0214655	
4.77117	0.0214837	
4.77148	0.0215016	
4.77178	0.0215199	
4.77209	0.0215381	
4.77239	0.021556	
4.7727	0.0215743	
4.77301	0.0215925	
4.77331	0.0216108	
4.77362	0.021629	
4.77392	0.0216473	
4.77423	0.0216655	
4.77453	0.0216838	
4.77484	0.0217024	
4.77514	0.0217207	
4.77545	0.0217389	
4.77576	0.0217576	
4.77606	0.0217758	
4.77637	0.0217944	
4.77667	0.0218131	
4.77698	0.0218317	
4.77728	0.0218499	
4.77759	0.0218686	
4.77789	0.0218872	
4.7782	0.0219058	
4.77851	0.0219248	
4.77881	0.0219434	
4.77912	0.0219621	
4.77942	0.0219807	
4.77973	0.0219997	
4.78003	0.0220183	
4.78034	0.0220373	
4.78064	0.0220563	
4.78095	0.022075	
4.78126	0.022094	
4.78156	0.022113	
4.78187	0.0221319	
4.78217	0.0221509	
4.78248	0.0221699	
4.78278	0.0221889	
4.78309	0.0222083	
4.78339	0.0222273	
4.7837	0.0222463	
4.78401	0.0222657	
4.78431	0.0222847	
4.78462	0.0223041	
4.78492	0.0223231	
4.78523	0.0223424	
4.78553	0.0223618	
4.78584	0.0223812	
4.78614	0.0224005	
4.78645	0.0224199	
4.78676	0.0224393	
4.78706	0.0224587	
4.78737	0.022478	
4.78767	0.0224978	
4.78798	0.0225171	
4.78828	0.0225365	
4.78859	0.0225563	
4.78889	0.022576	
4.7892	0.0225954	
4.78951	0.0226151	
4.78981	0.0226349	
4.79012	0.0226546	
4.79042	0.0226744	
4.79073	0.0226941	
4.79103	0.0227138	
4.79134	0.0227336	
4.79164	0.0227533	
4.79195	0.0227731	
4.79226	0.0227932	
4.79256	0.0228129	
4.79287	0.022833	
4.79317	0.0228528	
4.79348	0.0228729	
4.79378	0.0228927	
4.79409	0.0229128	
4.79439	0.0229329	
4.7947	0.022953	
4.79501	0.0229731	
4.79531	0.0229932	
4.79562	0.0230134	
4.79592	0.0230335	
4.79623	0.023054	
4.79653	0.0230741	
4.79684	0.0230942	
4.79714	0.0231147	
4.79745	0.0231348	
4.79776	0.0231553	
4.79806	0.0231754	
4.79837	0.0231959	
4.79867	0.0232164	
4.79898	0.0232369	
4.79928	0.0232574	
4.79959	0.0232778	
4.79989	0.0232983	
4.8002	0.0233188	
4.80051	0.0233393	
4.80081	0.0233598	
4.80112	0.0233807	
4.80142	0.0234012	
4.80173	0.0234216	
4.80203	0.0234425	
4.80234	0.023463	
4.80264	0.0234839	
4.80295	0.0235047	
4.80326	0.0235256	
4.80356	0.0235461	
4.80387	0.0235669	
4.80417	0.0235878	
4.80448	0.0236087	
4.80478	0.0236295	
4.80509	0.0236504	
4.8054	0.0236716	
4.8057	0.0236925	
4.80601	0.0237133	
4.80631	0.0237346	
4.80662	0.0237554	
4.80692	0.0237763	
4.80723	0.0237975	
4.80753	0.0238188	
4.80784	0.0238396	
4.80815	0.0238609	
4.80845	0.0238821	
4.80876	0.0239033	
4.80906	0.0239246	
4.80937	0.0239458	
4.80967	0.023967	
4.80998	0.0239883	
4.81028	0.0240095	
4.81059	0.0240307	
4.8109	0.024052	
4.8112	0.0240736	
4.81151	0.0240948	
4.81181	0.0241164	
4.81212	0.0241376	
4.81242	0.0241593	
4.81273	0.0241805	
4.81303	0.0242021	
4.81334	0.0242237	
4.81365	0.0242449	
4.81395	0.0242665	
4.81426	0.0242881	
4.81456	0.0243098	
4.81487	0.0243314	
4.81517	0.024353	
4.81548	0.0243746	
4.81578	0.0243962	
4.81609	0.0244182	
4.8164	0.0244398	
4.8167	0.0244614	
4.81701	0.024483	
4.81731	0.024505	
4.81762	0.0245266	
4.81792	0.0245485	
4.81823	0.0245702	
4.81853	0.0245921	
4.81884	0.0246141	
4.81915	0.0246357	
4.81945	0.0246577	
4.81976	0.0246797	
4.82006	0.0247017	
4.82037	0.0247236	
4.82067	0.0247452	
4.82098	0.0247672	
4.82128	0.0247892	
4.82159	0.0248116	
4.8219	0.0248335	
4.8222	0.0248555	
4.82251	0.0248775	
4.82281	0.0248995	
4.82312	0.0249218	
4.82342	0.0249438	
4.82373	0.0249658	
4.82403	0.0249881	
4.82434	0.0250101	
4.82465	0.0250325	
4.82495	0.0250544	
4.82526	0.0250768	
4.82556	0.0250988	
4.82587	0.0251211	
4.82617	0.0251435	
4.82648	0.0251658	
4.82678	0.0251878	
4.82709	0.0252102	
4.8274	0.0252325	
4.8277	0.0252549	
4.82801	0.0252772	
4.82831	0.0252996	
4.82862	0.0253219	
4.82892	0.0253443	
4.82923	0.0253666	
4.82953	0.025389	
4.82984	0.0254113	
4.83015	0.0254337	
4.83045	0.0254564	
4.83076	0.0254788	
4.83106	0.0255011	
4.83137	0.0255235	
4.83167	0.0255462	
4.83198	0.0255685	
4.83228	0.0255913	
4.83259	0.0256136	
4.8329	0.025636	
4.8332	0.0256587	
4.83351	0.025681	
4.83381	0.0257038	
4.83412	0.0257261	
4.83442	0.0257488	
4.83473	0.0257716	
4.83503	0.0257939	
4.83534	0.0258166	
4.83565	0.0258394	
4.83595	0.0258617	
4.83626	0.0258844	
4.83656	0.0259072	
4.83687	0.0259299	
4.83717	0.0259522	
4.83748	0.025975	
4.83779	0.0259977	
4.83809	0.0260204	
4.8384	0.0260431	
4.8387	0.0260659	
4.83901	0.0260886	
4.83931	0.0261113	
4.83962	0.026134	
4.83992	0.0261568	
4.84023	0.0261795	
4.84054	0.0262022	
4.84084	0.0262249	
4.84115	0.0262477	
4.84145	0.0262704	
4.84176	0.0262931	
4.84206	0.0263158	
4.84237	0.0263385	
4.84267	0.0263613	
4.84298	0.026384	
4.84329	0.0264067	
4.84359	0.0264294	
4.8439	0.0264522	
4.8442	0.0264753	
4.84451	0.026498	
4.84481	0.0265207	
4.84512	0.0265434	
4.84542	0.0265662	
4.84573	0.0265889	
4.84604	0.0266116	
4.84634	0.0266347	
4.84665	0.0266574	
4.84695	0.0266802	
4.84726	0.0267029	
4.84756	0.0267256	
4.84787	0.0267487	
4.84817	0.0267714	
4.84848	0.0267942	
4.84879	0.0268169	
4.84909	0.0268396	
4.8494	0.0268623	
4.8497	0.0268854	
4.85001	0.0269081	
4.85031	0.0269309	
4.85062	0.0269536	
4.85092	0.0269763	
4.85123	0.026999	
4.85154	0.0270221	
4.85184	0.0270449	
4.85215	0.0270676	
4.85245	0.0270903	
4.85276	0.027113	
4.85306	0.0271358	
4.85337	0.0271585	
4.85367	0.0271812	
4.85398	0.0272039	
4.85429	0.0272267	
4.85459	0.0272494	
4.8549	0.0272721	
4.8552	0.0272948	
4.85551	0.0273176	
4.85581	0.0273403	
4.85612	0.027363	
4.85642	0.0273857	
4.85673	0.0274085	
4.85704	0.0274312	
4.85734	0.0274539	
4.85765	0.0274763	
4.85795	0.027499	
4.85826	0.0275217	
4.85856	0.0275444	
4.85887	0.0275671	
4.85917	0.0275895	
4.85948	0.0276122	
4.85979	0.0276349	
4.86009	0.0276573	
4.8604	0.02768	
4.8607	0.0277024	
4.86101	0.0277251	
4.86131	0.0277478	
4.86162	0.0277702	
4.86192	0.0277925	
4.86223	0.0278153	
4.86254	0.0278376	
4.86284	0.0278603	
4.86315	0.0278827	
4.86345	0.027905	
4.86376	0.0279274	
4.86406	0.0279501	
4.86437	0.0279725	
4.86467	0.0279948	
4.86498	0.0280172	
4.86529	0.0280395	
4.86559	0.0280619	
4.8659	0.0280842	
4.8662	0.0281066	
4.86651	0.0281289	
4.86681	0.0281513	
4.86712	0.0281733	
4.86742	0.0281956	
4.86773	0.028218	
4.86804	0.0282399	
4.86834	0.0282623	
4.86865	0.0282846	
4.86895	0.0283066	
4.86926	0.028329	
4.86956	0.0283509	
4.86987	0.0283729	
4.87017	0.0283953	
4.87048	0.0284173	
4.87079	0.0284392	
4.87109	0.0284612	
4.8714	0.0284832	
4.8717	0.0285052	
4.87201	0.0285272	
4.87231	0.0285491	
4.87262	0.0285711	
4.87293	0.0285931	
4.87323	0.0286147	
4.87354	0.0286367	
4.87384	0.0286583	
4.87415	0.0286803	
4.87445	0.0287019	
4.87476	0.0287239	
4.87506	0.0287455	
4.87537	0.0287671	
4.87568	0.0287887	
4.87598	0.0288107	
4.87629	0.0288323	
4.87659	0.0288539	
4.8769	0.0288751	
4.8772	0.0288967	
4.87751	0.0289183	
4.87781	0.0289399	
4.87812	0.0289612	
4.87843	0.0289828	
4.87873	0.029004	
4.87904	0.0290256	
4.87934	0.0290468	
4.87965	0.0290681	
4.87995	0.0290893	
4.88026	0.0291105	
4.88056	0.0291318	
4.88087	0.029153	
4.88118	0.0291742	
4.88148	0.0291955	
4.88179	0.0292163	
4.88209	0.0292376	
4.8824	0.0292584	
4.8827	0.0292797	
4.88301	0.0293005	
4.88331	0.0293214	
4.88362	0.0293422	
4.88393	0.0293631	
4.88423	0.029384	
4.88454	0.0294048	
4.88484	0.0294257	
4.88515	0.0294462	
4.88545	0.029467	
4.88576	0.0294875	
4.88606	0.0295084	
4.88637	0.0295289	
4.88668	0.0295494	
4.88698	0.0295699	
4.88729	0.0295904	
4.88759	0.0296108	
4.8879	0.0296313	
4.8882	0.0296514	
4.88851	0.0296719	
4.88881	0.0296921	
4.88912	0.0297125	
4.88943	0.0297327	
4.88973	0.0297528	
4.89004	0.0297729	
4.89034	0.029793	
4.89065	0.0298131	
4.89095	0.0298329	
4.89126	0.029853	
4.89156	0.0298727	
4.89187	0.0298928	
4.89218	0.0299126	
4.89248	0.0299323	
4.89279	0.0299521	
4.89309	0.0299718	
4.8934	0.0299912	
4.8937	0.0300109	
4.89401	0.0300307	
4.89431	0.0300501	
4.89462	0.0300694	
4.89493	0.0300888	
4.89523	0.0301082	
4.89554	0.0301275	
4.89584	0.0301469	
4.89615	0.0301663	
4.89645	0.0301853	
4.89676	0.0302047	
4.89706	0.0302237	
4.89737	0.0302427	
4.89768	0.0302617	
4.89798	0.0302806	
4.89829	0.0302996	
4.89859	0.0303183	
4.8989	0.0303373	
4.8992	0.0303559	
4.89951	0.0303745	
4.89981	0.0303932	
4.90012	0.0304118	
4.90043	0.0304304	
4.90073	0.030449	
4.90104	0.0304673	
4.90134	0.0304859	
4.90165	0.0305042	
4.90195	0.0305224	
4.90226	0.0305407	
4.90256	0.0305589	
4.90287	0.0305768	
4.90318	0.0305951	
4.90348	0.0306129	
4.90379	0.0306312	
4.90409	0.0306491	
4.9044	0.030667	
4.9047	0.0306845	
4.90501	0.0307024	
4.90532	0.0307199	
4.90562	0.0307377	
4.90593	0.0307553	
4.90623	0.0307728	
4.90654	0.0307903	
4.90684	0.0308078	
4.90715	0.0308249	
4.90745	0.0308424	
4.90776	0.0308596	
4.90807	0.0308767	
4.90837	0.0308938	
4.90868	0.030911	
4.90898	0.0309277	
4.90929	0.0309449	
4.90959	0.0309616	
4.9099	0.0309784	
4.9102	0.0309952	
4.91051	0.0310119	
4.91082	0.0310283	
4.91112	0.0310451	
4.91143	0.0310615	
4.91173	0.0310779	
4.91204	0.0310943	
4.91234	0.0311106	
4.91265	0.031127	
4.91295	0.0311431	
4.91326	0.0311591	
4.91357	0.0311751	
4.91387	0.0311911	
4.91418	0.0312071	
4.91448	0.0312231	
4.91479	0.0312388	
4.91509	0.0312544	
4.9154	0.0312701	
4.9157	0.0312857	
4.91601	0.0313014	
4.91632	0.0313167	
4.91662	0.0313323	
4.91693	0.0313476	
4.91723	0.0313628	
4.91754	0.0313777	
4.91784	0.031393	
4.91815	0.0314079	
4.91845	0.0314232	
4.91876	0.0314381	
4.91907	0.031453	
4.91937	0.0314675	
4.91968	0.0314824	
4.91998	0.031497	
4.92029	0.0315115	
4.92059	0.031526	
4.9209	0.0315405	
4.9212	0.0315547	
4.92151	0.0315692	
4.92182	0.0315834	
4.92212	0.0315975	
4.92243	0.0316113	
4.92273	0.0316255	
4.92304	0.0316393	
4.92334	0.031653	
4.92365	0.0316668	
4.92395	0.0316806	
4.92426	0.0316944	
4.92457	0.0317078	
4.92487	0.0317212	
4.92518	0.0317346	
4.92548	0.031748	
4.92579	0.0317615	
4.92609	0.0317745	
4.9264	0.0317875	
4.9267	0.0318006	
4.92701	0.0318136	
4.92732	0.0318263	
4.92762	0.0318393	
4.92793	0.031852	
4.92823	0.0318646	
4.92854	0.0318773	
4.92884	0.0318896	
4.92915	0.0319019	
4.92945	0.0319142	
4.92976	0.0319265	
4.93007	0.0319388	
4.93037	0.0319507	
4.93068	0.031963	
4.93098	0.0319749	
4.93129	0.0319868	
4.93159	0.0319984	
4.9319	0.0320103	
4.9322	0.0320219	
4.93251	0.0320334	
4.93282	0.0320446	
4.93312	0.0320561	
4.93343	0.0320673	
4.93373	0.0320785	
4.93404	0.0320897	
4.93434	0.0321008	
4.93465	0.0321116	
4.93495	0.0321228	
4.93526	0.0321336	
4.93557	0.032144	
4.93587	0.0321548	
4.93618	0.0321653	
4.93648	0.0321757	
4.93679	0.0321861	
4.93709	0.0321966	
4.9374	0.0322066	
4.9377	0.0322167	
4.93801	0.0322267	
4.93832	0.0322368	
4.93862	0.0322469	
4.93893	0.0322565	
4.93923	0.0322662	
4.93954	0.0322759	
4.93984	0.0322852	
4.94015	0.0322949	
4.94046	0.0323042	
4.94076	0.0323135	
4.94107	0.0323229	
4.94137	0.0323318	
4.94168	0.0323407	
4.94198	0.0323497	
4.94229	0.0323586	
4.94259	0.0323676	
4.9429	0.0323761	
4.94321	0.0323847	
4.94351	0.0323933	
4.94382	0.0324015	
4.94412	0.03241	
4.94443	0.0324182	
4.94473	0.0324264	
4.94504	0.0324342	
4.94534	0.0324424	
4.94565	0.0324503	
4.94596	0.0324581	
4.94626	0.0324655	
4.94657	0.0324734	
4.94687	0.0324808	
4.94718	0.0324883	
4.94748	0.0324957	
4.94779	0.0325028	
4.94809	0.0325102	
4.9484	0.0325173	
4.94871	0.032524	
4.94901	0.0325311	
4.94932	0.0325378	
4.94962	0.0325445	
4.94993	0.0325512	
4.95023	0.0325575	
4.95054	0.0325643	
4.95084	0.0325706	
4.95115	0.0325769	
4.95146	0.0325829	
4.95176	0.0325888	
4.95207	0.0325952	
4.95237	0.0326008	
4.95268	0.0326067	
4.95298	0.0326123	
4.95329	0.0326179	
4.95359	0.0326235	
4.9539	0.0326291	
4.95421	0.0326343	
4.95451	0.0326395	
4.95482	0.0326447	
4.95512	0.0326499	
4.95543	0.0326548	
4.95573	0.0326596	
4.95604	0.0326645	
4.95634	0.0326693	
4.95665	0.0326738	
4.95696	0.0326782	
4.95726	0.0326827	
4.95757	0.0326868	
4.95787	0.0326913	
4.95818	0.0326954	
4.95848	0.0326995	
4.95879	0.0327032	
4.95909	0.0327073	
4.9594	0.032711	
4.95971	0.0327148	
4.96001	0.0327181	
4.96032	0.0327218	
4.96062	0.0327252	
4.96093	0.0327282	
4.96123	0.0327315	
4.96154	0.0327345	
4.96184	0.0327375	
4.96215	0.0327405	
4.96246	0.0327434	
4.96276	0.032746	
4.96307	0.0327487	
4.96337	0.0327513	
4.96368	0.0327535	
4.96398	0.0327561	
4.96429	0.0327583	
4.96459	0.0327602	
4.9649	0.0327624	
4.96521	0.0327643	
4.96551	0.0327662	
4.96582	0.032768	
4.96612	0.0327699	
4.96643	0.0327714	
4.96673	0.0327729	
4.96704	0.032774	
4.96734	0.0327755	
4.96765	0.0327766	
4.96796	0.0327777	
4.96826	0.0327788	
4.96857	0.0327796	
4.96887	0.0327803	
4.96918	0.0327811	
4.96948	0.0327818	
4.96979	0.0327822	
4.97009	0.0327829	
4.9704	0.0327833	
4.97071	0.0327833	
4.97101	0.0327837	
4.97132	0.0327837	
4.97162	0.0327837	
4.97193	0.0327833	
4.97223	0.0327833	
4.97254	0.0327829	
4.97284	0.0327826	
4.97315	0.0327818	
4.97346	0.0327811	
4.97376	0.0327807	
4.97407	0.0327796	
4.97437	0.0327788	
4.97468	0.0327777	
4.97498	0.0327766	
4.97529	0.0327755	
4.9756	0.0327744	
4.9759	0.0327729	
4.97621	0.0327714	
4.97651	0.0327699	
4.97682	0.032768	
4.97712	0.0327665	
4.97743	0.0327647	
4.97773	0.0327624	
4.97804	0.0327606	
4.97835	0.0327583	
4.97865	0.0327561	
4.97896	0.0327539	
4.97926	0.0327513	
4.97957	0.032749	
4.97987	0.032746	
4.98018	0.0327434	
4.98048	0.0327408	
4.98079	0.0327379	
4.9811	0.0327349	
4.9814	0.0327319	
4.98171	0.0327285	
4.98201	0.0327252	
4.98232	0.0327218	
4.98262	0.0327185	
4.98293	0.0327148	
4.98323	0.032711	
4.98354	0.0327073	
4.98385	0.0327036	
4.98415	0.0326995	
4.98446	0.0326958	
4.98476	0.0326913	
4.98507	0.0326872	
4.98537	0.0326831	
4.98568	0.0326786	
4.98598	0.0326741	
4.98629	0.0326693	
4.9866	0.0326648	
4.9869	0.03266	
4.98721	0.0326551	
4.98751	0.0326499	
4.98782	0.0326451	
4.98812	0.0326399	
4.98843	0.0326347	
4.98873	0.0326294	
4.98904	0.0326239	
4.98935	0.0326183	
4.98965	0.0326127	
4.98996	0.0326071	
4.99026	0.0326011	
4.99057	0.0325952	
4.99087	0.0325892	
4.99118	0.0325833	
4.99148	0.0325769	
4.99179	0.0325706	
4.9921	0.0325643	
4.9924	0.0325579	
4.99271	0.0325516	
4.99301	0.0325449	
4.99332	0.0325382	
4.99362	0.0325311	
4.99393	0.0325244	
4.99423	0.0325173	
4.99454	0.0325102	
4.99485	0.0325032	
4.99515	0.0324957	
4.99546	0.0324886	
4.99576	0.0324812	
4.99607	0.0324737	
4.99637	0.0324659	
4.99668	0.0324581	
4.99698	0.0324503	
4.99729	0.0324424	
4.9976	0.0324346	
4.9979	0.0324264	
4.99821	0.0324182	
4.99851	0.03241	
4.99882	0.0324018	
4.99912	0.0323933	
4.99943	0.0323847	
4.99973	0.0323761	
5.00004	0.0323676	
5.00035	0.0323586	
5.00065	0.03235	
5.00096	0.0323411	
5.00126	0.0323318	
5.00157	0.0323229	
5.00187	0.0323135	
5.00218	0.0323042	
5.00248	0.0322949	
5.00279	0.0322856	
5.0031	0.0322759	
5.0034	0.0322662	
5.00371	0.0322565	
5.00401	0.0322469	
5.00432	0.0322368	
5.00462	0.0322267	
5.00493	0.0322167	
5.00523	0.0322066	
5.00554	0.0321966	
5.00585	0.0321861	
5.00615	0.0321757	
5.00646	0.0321653	
5.00676	0.0321548	
5.00707	0.032144	
5.00737	0.0321332	
5.00768	0.0321224	
5.00799	0.0321116	
5.00829	0.0321008	
5.0086	0.0320897	
5.0089	0.0320785	
5.00921	0.0320673	
5.00951	0.0320558	
5.00982	0.0320446	
5.01012	0.032033	
5.01043	0.0320215	
5.01074	0.0320099	
5.01104	0.031998	
5.01135	0.0319865	
5.01165	0.0319745	
5.01196	0.0319626	
5.01226	0.0319503	
5.01257	0.0319384	
5.01287	0.0319261	
5.01318	0.0319138	
5.01349	0.0319015	
5.01379	0.0318892	
5.0141	0.0318766	
5.0144	0.0318639	
5.01471	0.0318512	
5.01501	0.0318386	
5.01532	0.0318259	
5.01562	0.0318129	
5.01593	0.0317998	
5.01624	0.0317868	
5.01654	0.0317737	
5.01685	0.0317607	
5.01715	0.0317473	
5.01746	0.0317339	
5.01776	0.0317205	
5.01807	0.0317071	
5.01837	0.0316937	
5.01868	0.0316799	
5.01899	0.0316661	
5.01929	0.0316523	
5.0196	0.0316385	
5.0199	0.0316244	
5.02021	0.0316106	
5.02051	0.0315964	
5.02082	0.0315823	
5.02112	0.0315681	
5.02143	0.0315536	
5.02174	0.0315394	
5.02204	0.0315249	
5.02235	0.0315104	
5.02265	0.0314958	
5.02296	0.0314809	
5.02326	0.0314664	
5.02357	0.0314515	
5.02387	0.0314366	
5.02418	0.0314217	
5.02449	0.0314068	
5.02479	0.0313915	
5.0251	0.0313763	
5.0254	0.0313614	
5.02571	0.0313457	
5.02601	0.0313304	
5.02632	0.0313152	
5.02662	0.0312995	
5.02693	0.0312839	
5.02724	0.0312682	
5.02754	0.0312526	
5.02785	0.0312369	
5.02815	0.0312213	
5.02846	0.0312053	
5.02876	0.0311892	
5.02907	0.0311732	
5.02937	0.0311572	
5.02968	0.0311408	
5.02999	0.0311248	
5.03029	0.0311084	
5.0306	0.031092	
5.0309	0.0310756	
5.03121	0.0310592	
5.03151	0.0310428	
5.03182	0.0310261	
5.03212	0.0310093	
5.03243	0.0309926	
5.03274	0.0309758	
5.03304	0.030959	
5.03335	0.0309423	
5.03365	0.0309251	
5.03396	0.0309084	
5.03426	0.0308912	
5.03457	0.0308741	
5.03487	0.0308566	
5.03518	0.0308394	
5.03549	0.0308223	
5.03579	0.0308048	
5.0361	0.0307873	
5.0364	0.0307698	
5.03671	0.0307523	
5.03701	0.0307348	
5.03732	0.0307169	
5.03762	0.0306994	
5.03793	0.0306815	
5.03824	0.0306636	
5.03854	0.0306457	
5.03885	0.0306278	
5.03915	0.0306096	
5.03946	0.0305917	
5.03976	0.0305735	
5.04007	0.0305552	
5.04037	0.0305373	
5.04068	0.0305187	
5.04099	0.0305004	
5.04129	0.0304822	
5.0416	0.0304636	
5.0419	0.0304453	
5.04221	0.0304267	
5.04251	0.0304081	
5.04282	0.0303894	
5.04313	0.0303708	
5.04343	0.0303518	
5.04374	0.0303332	
5.04404	0.0303142	
5.04435	0.0302956	
5.04465	0.0302766	
5.04496	0.0302576	
5.04526	0.0302386	
5.04557	0.0302192	
5.04588	0.0302002	
5.04618	0.0301812	
5.04649	0.0301618	
5.04679	0.0301424	
5.0471	0.0301231	
5.0474	0.0301037	
5.04771	0.0300843	
5.04801	0.030065	
5.04832	0.0300456	
5.04863	0.0300258	
5.04893	0.0300061	
5.04924	0.0299867	
5.04954	0.029967	
5.04985	0.0299472	
5.05015	0.0299275	
5.05046	0.0299077	
5.05076	0.0298876	
5.05107	0.0298679	
5.05138	0.0298478	
5.05168	0.029828	
5.05199	0.0298079	
5.05229	0.0297878	
5.0526	0.0297677	
5.0529	0.0297476	
5.05321	0.0297274	
5.05351	0.029707	
5.05382	0.0296868	
5.05413	0.0296663	
5.05443	0.0296462	
5.05474	0.0296257	
5.05504	0.0296053	
5.05535	0.0295848	
5.05565	0.0295643	
5.05596	0.0295438	
5.05626	0.0295233	
5.05657	0.0295028	
5.05688	0.0294819	
5.05718	0.0294615	
5.05749	0.0294406	
5.05779	0.0294197	
5.0581	0.0293992	
5.0584	0.0293784	
5.05871	0.0293575	
5.05901	0.0293367	
5.05932	0.0293158	
5.05963	0.0292946	
5.05993	0.0292737	
5.06024	0.0292528	
5.06054	0.0292316	
5.06085	0.0292107	
5.06115	0.0291895	
5.06146	0.0291683	
5.06176	0.029147	
5.06207	0.0291258	
5.06238	0.0291046	
5.06268	0.0290833	
5.06299	0.0290621	
5.06329	0.0290409	
5.0636	0.0290196	
5.0639	0.028998	
5.06421	0.0289768	
5.06451	0.0289556	
5.06482	0.028934	
5.06513	0.0289124	
5.06543	0.0288911	
5.06574	0.0288695	
5.06604	0.0288479	
5.06635	0.0288263	
5.06665	0.0288047	
5.06696	0.0287831	
5.06726	0.0287615	
5.06757	0.0287399	
5.06788	0.0287183	
5.06818	0.0286967	
5.06849	0.0286747	
5.06879	0.0286531	
5.0691	0.0286311	
5.0694	0.0286095	
5.06971	0.0285875	
5.07001	0.0285659	
5.07032	0.0285439	
5.07063	0.0285223	
5.07093	0.0285003	
5.07124	0.0284784	
5.07154	0.0284564	
5.07185	0.0284344	
5.07215	0.0284128	
5.07246	0.0283908	
5.07276	0.0283688	
5.07307	0.0283469	
5.07338	0.0283245	
5.07368	0.0283025	
5.07399	0.0282805	
5.07429	0.0282586	
5.0746	0.0282366	
5.0749	0.0282146	
5.07521	0.0281923	
5.07552	0.0281703	
5.07582	0.0281483	
5.07613	0.0281259	
5.07643	0.028104	
5.07674	0.0280816	
5.07704	0.0280596	
5.07735	0.0280377	
5.07765	0.0280153	
5.07796	0.0279933	
5.07827	0.027971	
5.07857	0.027949	
5.07888	0.0279266	
5.07918	0.0279047	
5.07949	0.0278823	
5.07979	0.0278603	
5.0801	0.027838	
5.0804	0.027816	
5.08071	0.0277936	
5.08102	0.0277717	
5.08132	0.0277493	
5.08163	0.0277273	
5.08193	0.027705	
5.08224	0.027683	
5.08254	0.0276607	
5.08285	0.0276387	
5.08315	0.0276163	
5.08346	0.0275943	
5.08377	0.0275724	
5.08407	0.02755	
5.08438	0.027528	
5.08468	0.0275061	
5.08499	0.0274837	
5.08529	0.0274617	
5.0856	0.0274397	
5.0859	0.0274178	
5.08621	0.0273958	
5.08652	0.0273738	
5.08682	0.0273518	
5.08713	0.0273298	
5.08743	0.0273079	
5.08774	0.0272863	
5.08804	0.0272643	
5.08835	0.0272423	
5.08865	0.0272207	
5.08896	0.0271991	
5.08927	0.0271771	
5.08957	0.0271555	
5.08988	0.0271339	
5.09018	0.0271123	
5.09049	0.0270907	
5.09079	0.0270694	
5.0911	0.0270478	
5.0914	0.0270266	
5.09171	0.0270054	
5.09202	0.0269841	
5.09232	0.0269629	
5.09263	0.0269417	
5.09293	0.0269208	
5.09324	0.0268996	
5.09354	0.0268787	
5.09385	0.0268582	
5.09415	0.0268374	
5.09446	0.0268169	
5.09477	0.0267964	
5.09507	0.0267759	
5.09538	0.0267558	
5.09568	0.0267357	
5.09599	0.0267159	
5.09629	0.0266962	
5.0966	0.0266764	
5.0969	0.0266571	
5.09721	0.0266377	
5.09752	0.0266187	
5.09782	0.0265997	
5.09813	0.0265811	
5.09843	0.0265628	
5.09874	0.0265446	
5.09904	0.0265267	
5.09935	0.0265092	
5.09965	0.026492	
5.09996	0.0264753	
5.10027	0.0264589	
5.10057	0.0264429	
5.10088	0.0264272	
5.10118	0.0264123	
5.10149	0.0263974	
5.10179	0.0263836	
5.1021	0.0263702	
5.1024	0.0263575	
5.10271	0.026346	
5.10302	0.0263348	
5.10332	0.0263248	
5.10363	0.0263158	
5.10393	0.026308	
5.10424	0.0263013	
5.10454	0.0262961	
5.10485	0.0262924	
5.10515	0.0262905	
5.10546	0.0262905	
5.10577	0.0262924	
5.10607	0.0262972	
5.10638	0.0263046	
5.10668	0.0263151	
5.10699	0.0263292	
5.10729	0.0263475	
5.1076	0.0263702	
5.1079	0.0263982	
5.10821	0.0264324	
5.10852	0.0264734	
5.10882	0.0265226	
5.10913	0.0265807	
5.10943	0.0266492	
5.10974	0.0267297	
5.11004	0.026824	
5.11035	0.0269331	
5.11066	0.027059	
5.11096	0.0272032	
5.11127	0.0273664	
5.11157	0.0275481	
5.11188	0.0277489	
5.11218	0.0279702	
5.11249	0.0282198	
5.11279	0.0285182	
5.1131	0.0289008	
5.11341	0.0293966	
5.11371	0.0299755	
5.11402	0.0305098	
5.11432	0.0308111	
5.11463	0.0307459	
5.11493	0.0303332	
5.11524	0.0297293	
5.11554	0.0291172	
5.11585	0.0286032	
5.11616	0.0281986	
5.11646	0.0278696	
5.11677	0.0275835	
5.11707	0.0273235	
5.11738	0.0270829	
5.11768	0.0268612	
5.11799	0.0266589	
5.11829	0.0264753	
5.1186	0.0263095	
5.11891	0.0261601	
5.11921	0.0260256	
5.11952	0.0259046	
5.11982	0.025795	
5.12013	0.0256959	
5.12043	0.0256058	
5.12074	0.0255235	
5.12104	0.0254482	
5.12135	0.0253789	
5.12166	0.0253148	
5.12196	0.0252556	
5.12227	0.0252001	
5.12257	0.0251487	
5.12288	0.0251006	
5.12318	0.0250556	
5.12349	0.0250135	
5.12379	0.0249736	
5.1241	0.0249363	
5.12441	0.024901	
5.12471	0.0248678	
5.12502	0.0248365	
5.12532	0.0248075	
5.12563	0.0247799	
5.12593	0.0247542	
5.12624	0.0247307	
5.12654	0.0247091	
5.12685	0.024689	
5.12716	0.0246715	
5.12746	0.0246558	
5.12777	0.0246428	
5.12807	0.024632	
5.12838	0.0246242	
5.12868	0.0246197	
5.12899	0.0246182	
5.12929	0.0246208	
5.1296	0.0246275	
5.12991	0.0246394	
5.13021	0.0246566	
5.13052	0.0246804	
5.13082	0.0247117	
5.13113	0.0247512	
5.13143	0.0248007	
5.13174	0.0248615	
5.13204	0.0249352	
5.13235	0.0250243	
5.13266	0.0251308	
5.13296	0.0252578	
5.13327	0.025408	
5.13357	0.0255849	
5.13388	0.0257924	
5.13418	0.0260334	
5.13449	0.0263121	
5.13479	0.0266306	
5.1351	0.0269908	
5.13541	0.0273924	
5.13571	0.027832	
5.13602	0.0283021	
5.13632	0.0287909	
5.13663	0.0292823	
5.13693	0.0297558	
5.13724	0.030189	
5.13754	0.0305619	
5.13785	0.0308592	
5.13816	0.0310734	
5.13846	0.0312086	
5.13877	0.0312768	
5.13907	0.0312965	
5.13938	0.031288	
5.13968	0.0312675	
5.13999	0.0312455	
5.14029	0.0312213	
5.1406	0.0311855	
5.14091	0.0311214	
5.14121	0.0310093	
5.14152	0.0308301	
5.14182	0.0305716	
5.14213	0.0302304	
5.14243	0.0298135	
5.14274	0.0293359	
5.14304	0.0288181	
5.14335	0.028282	
5.14366	0.0277482	
5.14396	0.027233	
5.14427	0.0267483	
5.14457	0.0263017	
5.14488	0.025896	
5.14518	0.025532	
5.14549	0.0252079	
5.1458	0.0249214	
5.1461	0.0246685	
5.14641	0.0244457	
5.14671	0.0242498	
5.14702	0.0240769	
5.14732	0.0239242	
5.14763	0.023789	
5.14793	0.023669	
5.14824	0.0235617	
5.14855	0.0234656	
5.14885	0.0233792	
5.14916	0.0233009	
5.14946	0.0232302	
5.14977	0.0231653	
5.15007	0.0231057	
5.15038	0.0230506	
5.15068	0.0229996	
5.15099	0.0229523	
5.1513	0.0229079	
5.1516	0.0228662	
5.15191	0.0228267	
5.15221	0.0227895	
5.15252	0.0227537	
5.15282	0.0227198	
5.15313	0.022687	
5.15343	0.0226557	
5.15374	0.0226256	
5.15405	0.0225965	
5.15435	0.0225678	
5.15466	0.0225402	
5.15496	0.0225134	
5.15527	0.0224873	
5.15557	0.0224616	
5.15588	0.0224367	
5.15618	0.0224117	
5.15649	0.0223875	
5.1568	0.0223637	
5.1571	0.0223402	
5.15741	0.0223171	
5.15771	0.0222944	
5.15802	0.0222716	
5.15832	0.0222493	
5.15863	0.0222273	
5.15893	0.0222053	
5.15924	0.0221834	
5.15955	0.0221621	
5.15985	0.0221405	
5.16016	0.0221193	
5.16046	0.0220984	
5.16077	0.0220772	
5.16107	0.0220567	
5.16138	0.0220358	
5.16168	0.0220153	
5.16199	0.0219949	
5.1623	0.0219744	
5.1626	0.0219543	
5.16291	0.0219341	
5.16321	0.021914	
5.16352	0.0218939	
5.16382	0.0218738	
5.16413	0.021854	
5.16443	0.0218343	
5.16474	0.0218146	
5.16505	0.0217948	
5.16535	0.0217754	
5.16566	0.0217557	
5.16596	0.0217363	
5.16627	0.021717	
5.16657	0.0216976	
5.16688	0.0216782	
5.16718	0.0216588	
5.16749	0.0216398	
5.1678	0.0216205	
5.1681	0.0216015	
5.16841	0.0215825	
5.16871	0.0215635	
5.16902	0.0215445	
5.16932	0.0215255	
5.16963	0.0215065	
5.16993	0.0214875	
5.17024	0.0214688	
5.17055	0.0214502	
5.17085	0.0214312	
5.17116	0.0214126	
5.17146	0.021394	
5.17177	0.0213753	
5.17207	0.0213567	
5.17238	0.0213381	
5.17268	0.0213198	
5.17299	0.0213012	
5.1733	0.0212826	
5.1736	0.0212643	
5.17391	0.0212461	
5.17421	0.0212274	
5.17452	0.0212092	
5.17482	0.0211909	
5.17513	0.0211727	
5.17543	0.0211544	
5.17574	0.0211366	
5.17605	0.0211183	
5.17635	0.0211	
5.17666	0.0210822	
5.17696	0.0210639	
5.17727	0.021046	
5.17757	0.0210281	
5.17788	0.0210103	
5.17819	0.020992	
5.17849	0.0209741	
5.1788	0.0209562	
5.1791	0.0209387	
5.17941	0.0209209	
5.17971	0.020903	
5.18002	0.0208851	
5.18032	0.0208676	
5.18063	0.0208497	
5.18094	0.0208322	
5.18124	0.0208147	
5.18155	0.0207968	
5.18185	0.0207793	
5.18216	0.0207618	
5.18246	0.0207443	
5.18277	0.0207268	
5.18307	0.0207093	
5.18338	0.0206921	
5.18369	0.0206746	
5.18399	0.0206571	
5.1843	0.02064	
5.1846	0.0206225	
5.18491	0.0206053	
5.18521	0.0205878	
5.18552	0.0205707	
5.18582	0.0205535	
5.18613	0.0205364	
5.18644	0.0205193	
5.18674	0.0205021	
5.18705	0.020485	
5.18735	0.0204679	
5.18766	0.0204507	
5.18796	0.020434	
5.18827	0.0204168	
5.18857	0.0204001	
5.18888	0.0203829	
5.18919	0.0203662	
5.18949	0.0203494	
5.1898	0.0203323	
5.1901	0.0203155	
5.19041	0.0202987	
5.19071	0.020282	
5.19102	0.0202652	
5.19132	0.0202484	
5.19163	0.0202317	
5.19194	0.0202153	
5.19224	0.0201985	
5.19255	0.0201818	
5.19285	0.0201654	
5.19316	0.0201486	
5.19346	0.0201322	
5.19377	0.0201158	
5.19407	0.0200991	
5.19438	0.0200827	
5.19469	0.0200663	
5.19499	0.0200499	
5.1953	0.0200335	
5.1956	0.0200171	
5.19591	0.0200007	
5.19621	0.0199847	
5.19652	0.0199683	
5.19682	0.0199519	
5.19713	0.0199359	
5.19744	0.0199195	
5.19774	0.0199035	
5.19805	0.0198871	
5.19835	0.0198711	
5.19866	0.0198551	
5.19896	0.019839	
5.19927	0.0198226	
5.19957	0.0198066	
5.19988	0.0197906	
5.20019	0.019775	
5.20049	0.0197589	
5.2008	0.0197429	
5.2011	0.0197269	
5.20141	0.0197113	
5.20171	0.0196952	
5.20202	0.0196796	
5.20232	0.0196636	
5.20263	0.0196479	
5.20294	0.0196319	
5.20324	0.0196163	
5.20355	0.0196006	
5.20385	0.019585	
5.20416	0.0195693	
5.20446	0.0195537	
5.20477	0.019538	
5.20507	0.0195224	
5.20538	0.0195067	
5.20569	0.0194911	
5.20599	0.0194758	
5.2063	0.0194602	
5.2066	0.0194445	
5.20691	0.0194293	
5.20721	0.019414	
5.20752	0.0193983	
5.20782	0.0193831	
5.20813	0.0193678	
5.20844	0.0193521	
5.20874	0.0193369	
5.20905	0.0193216	
5.20935	0.0193063	
5.20966	0.019291	
5.20996	0.0192758	
5.21027	0.0192609	
5.21057	0.0192456	
5.21088	0.0192303	
5.21119	0.0192154	
5.21149	0.0192001	
5.2118	0.0191849	
5.2121	0.01917	
5.21241	0.0191551	
5.21271	0.0191398	
5.21302	0.0191249	
5.21333	0.01911	
5.21363	0.0190951	
5.21394	0.0190802	
5.21424	0.0190653	
5.21455	0.0190504	
5.21485	0.0190355	
5.21516	0.0190206	
5.21546	0.0190057	
5.21577	0.0189908	
5.21608	0.0189763	
5.21638	0.0189614	
5.21669	0.0189465	
5.21699	0.0189319	
5.2173	0.018917	
5.2176	0.0189025	
5.21791	0.018888	
5.21821	0.0188731	
5.21852	0.0188585	
5.21883	0.018844	
5.21913	0.0188295	
5.21944	0.018815	
5.21974	0.0188004	
5.22005	0.0187859	
5.22035	0.0187714	
5.22066	0.0187568	
5.22096	0.0187423	
5.22127	0.0187282	
5.22158	0.0187136	
5.22188	0.0186991	
5.22219	0.0186849	
5.22249	0.0186704	
5.2228	0.0186563	
5.2231	0.0186421	
5.22341	0.0186276	
5.22371	0.0186134	
5.22402	0.0185993	
5.22433	0.0185851	
5.22463	0.0185706	
5.22494	0.0185564	
5.22524	0.0185423	
5.22555	0.0185281	
5.22585	0.0185139	
5.22616	0.0185002	
5.22646	0.018486	
5.22677	0.0184719	
5.22708	0.0184577	
5.22738	0.0184439	
5.22769	0.0184298	
5.22799	0.018416	
5.2283	0.0184018	
5.2286	0.018388	
5.22891	0.0183739	
5.22921	0.0183601	
5.22952	0.0183463	
5.22983	0.0183322	
5.23013	0.0183184	
5.23044	0.0183046	
5.23074	0.0182908	
5.23105	0.018277	
5.23135	0.0182632	
5.23166	0.0182495	
5.23196	0.0182357	
5.23227	0.0182223	
5.23258	0.0182085	
5.23288	0.0181947	
5.23319	0.0181809	
5.23349	0.0181675	
5.2338	0.0181537	
5.2341	0.0181403	
5.23441	0.0181265	
5.23471	0.0181131	
5.23502	0.0180993	
5.23533	0.0180859	
5.23563	0.0180725	
5.23594	0.0180591	
5.23624	0.0180453	
5.23655	0.0180319	
5.23685	0.0180185	
5.23716	0.0180051	
5.23746	0.0179917	
5.23777	0.0179783	
5.23808	0.0179648	
5.23838	0.0179514	
5.23869	0.0179384	
5.23899	0.017925	
5.2393	0.0179116	
5.2396	0.0178985	
5.23991	0.0178851	
5.24021	0.0178717	
5.24052	0.0178587	
5.24083	0.0178453	
5.24113	0.0178322	
5.24144	0.0178192	
5.24174	0.0178058	
5.24205	0.0177927	
5.24235	0.0177797	
5.24266	0.0177667	
5.24296	0.0177532	
5.24327	0.0177402	
5.24358	0.0177272	
5.24388	0.0177141	
5.24419	0.0177011	
5.24449	0.0176881	
5.2448	0.0176754	
5.2451	0.0176623	
5.24541	0.0176493	
5.24572	0.0176363	
5.24602	0.0176236	
5.24633	0.0176106	
5.24663	0.0175975	
5.24694	0.0175849	
5.24724	0.0175718	
5.24755	0.0175592	
5.24785	0.0175461	
5.24816	0.0175335	
5.24847	0.0175208	
5.24877	0.0175077	
5.24908	0.0174951	
5.24938	0.0174824	
5.24969	0.0174697	
5.24999	0.0174571	
5.2503	0.017444	
5.2506	0.0174314	
5.25091	0.0174187	
5.25122	0.017406	
5.25152	0.0173938	
5.25183	0.0173811	
5.25213	0.0173684	
5.25244	0.0173558	
5.25274	0.0173431	
5.25305	0.0173308	
5.25335	0.0173181	
5.25366	0.0173055	
5.25397	0.0172932	
5.25427	0.0172805	
5.25458	0.0172682	
5.25488	0.0172555	
5.25519	0.0172433	
5.25549	0.0172306	
5.2558	0.0172183	
5.2561	0.017206	
5.25641	0.0171937	
5.25672	0.017181	
5.25702	0.0171687	
5.25733	0.0171565	
5.25763	0.0171442	
5.25794	0.0171319	
5.25824	0.0171196	
5.25855	0.0171073	
5.25885	0.017095	
5.25916	0.0170827	
5.25947	0.0170704	
5.25977	0.0170585	
5.26008	0.0170462	
5.26038	0.0170339	
5.26069	0.0170216	
5.26099	0.0170097	
5.2613	0.0169974	
5.2616	0.0169851	
5.26191	0.0169732	
5.26222	0.0169609	
5.26252	0.016949	
5.26283	0.016937	
5.26313	0.0169247	
5.26344	0.0169128	
5.26374	0.0169009	
5.26405	0.0168886	
5.26435	0.0168767	
5.26466	0.0168648	
5.26497	0.0168528	
5.26527	0.0168409	
5.26558	0.016829	
5.26588	0.0168167	
5.26619	0.0168048	
5.26649	0.0167932	
5.2668	0.0167813	
5.2671	0.0167694	
5.26741	0.0167575	
5.26772	0.0167456	
5.26802	0.0167336	
5.26833	0.0167221	
5.26863	0.0167102	
5.26894	0.0166982	
5.26924	0.0166867	
5.26955	0.0166748	
5.26985	0.0166629	
5.27016	0.0166513	
5.27047	0.0166394	
5.27077	0.0166278	
5.27108	0.0166163	
5.27138	0.0166044	
5.27169	0.0165928	
5.27199	0.0165813	
5.2723	0.0165693	
5.2726	0.0165578	
5.27291	0.0165462	
5.27322	0.0165347	
5.27352	0.0165232	
5.27383	0.0165116	
5.27413	0.0164997	
5.27444	0.0164881	
5.27474	0.0164766	
5.27505	0.0164654	
5.27535	0.0164539	
5.27566	0.0164423	
5.27597	0.0164308	
5.27627	0.0164192	
5.27658	0.0164077	
5.27688	0.0163965	
5.27719	0.0163849	
5.27749	0.0163734	
5.2778	0.0163622	
5.2781	0.0163507	
5.27841	0.0163395	
5.27872	0.0163279	
5.27902	0.0163168	
5.27933	0.0163052	
5.27963	0.016294	
5.27994	0.0162825	
5.28024	0.0162713	
5.28055	0.0162601	
5.28086	0.0162486	
5.28116	0.0162374	
5.28147	0.0162262	
5.28177	0.0162151	
5.28208	0.0162039	
5.28238	0.0161927	
5.28269	0.0161815	
5.28299	0.0161704	
5.2833	0.0161592	
5.28361	0.016148	
5.28391	0.0161368	
5.28422	0.0161257	
5.28452	0.0161145	
5.28483	0.0161033	
5.28513	0.0160921	
5.28544	0.0160813	
5.28574	0.0160702	
5.28605	0.016059	
5.28636	0.0160482	
5.28666	0.016037	
5.28697	0.0160258	
5.28727	0.016015	
5.28758	0.0160038	
5.28788	0.015993	
5.28819	0.0159822	
5.28849	0.0159711	
5.2888	0.0159603	
5.28911	0.0159491	
5.28941	0.0159383	
5.28972	0.0159275	
5.29002	0.0159167	
5.29033	0.0159055	
5.29063	0.0158947	
5.29094	0.0158839	
5.29124	0.0158731	
5.29155	0.0158623	
5.29186	0.0158515	
5.29216	0.0158407	
5.29247	0.0158299	
5.29277	0.0158191	
5.29308	0.0158083	
5.29338	0.0157975	
5.29369	0.015787	
5.29399	0.0157762	
5.2943	0.0157654	
5.29461	0.0157546	
5.29491	0.0157442	
5.29522	0.0157334	
5.29552	0.015723	
5.29583	0.0157122	
5.29613	0.0157014	
5.29644	0.0156909	
5.29674	0.0156805	
5.29705	0.0156697	
5.29736	0.0156593	
5.29766	0.0156485	
5.29797	0.015638	
5.29827	0.0156276	
5.29858	0.0156172	
5.29888	0.0156064	
5.29919	0.0155959	
5.29949	0.0155855	
5.2998	0.0155751	
5.30011	0.0155646	
5.30041	0.0155542	
5.30072	0.0155438	
5.30102	0.0155333	
5.30133	0.0155229	
5.30163	0.0155125	
5.30194	0.0155021	
5.30224	0.0154916	
5.30255	0.0154816	
5.30286	0.0154711	
5.30316	0.0154607	
5.30347	0.0154506	
5.30377	0.0154402	
5.30408	0.0154298	
5.30438	0.0154197	
5.30469	0.0154093	
5.30499	0.0153992	
5.3053	0.0153888	
5.30561	0.0153787	
5.30591	0.0153687	
5.30622	0.0153583	
5.30652	0.0153482	
5.30683	0.0153381	
5.30713	0.0153281	
5.30744	0.015318	
5.30774	0.0153076	
5.30805	0.0152975	
5.30836	0.0152875	
5.30866	0.0152774	
5.30897	0.0152674	
5.30927	0.0152573	
5.30958	0.0152476	
5.30988	0.0152376	
5.31019	0.0152275	
5.31049	0.0152174	
5.3108	0.0152074	
5.31111	0.0151977	
5.31141	0.0151876	
5.31172	0.015178	
5.31202	0.0151679	
5.31233	0.0151582	
5.31263	0.0151481	
5.31294	0.0151385	
5.31325	0.0151284	
5.31355	0.0151187	
5.31386	0.015109	
5.31416	0.015099	
5.31447	0.0150893	
5.31477	0.0150796	
5.31508	0.0150699	
5.31538	0.0150602	
5.31569	0.0150505	
5.316	0.0150409	
5.3163	0.0150312	
5.31661	0.0150215	
5.31691	0.0150118	
5.31722	0.0150025	
5.31752	0.0149928	
5.31783	0.0149831	
5.31813	0.0149734	
5.31844	0.0149641	
5.31875	0.0149544	
5.31905	0.0149451	
5.31936	0.0149354	
5.31966	0.0149261	
5.31997	0.0149168	
5.32027	0.0149071	
5.32058	0.0148978	
5.32088	0.0148885	
5.32119	0.0148792	
5.3215	0.0148699	
5.3218	0.0148606	
5.32211	0.0148512	
5.32241	0.0148419	
5.32272	0.0148326	
5.32302	0.0148233	
5.32333	0.0148144	
5.32363	0.014805	
5.32394	0.0147957	
5.32425	0.0147868	
5.32455	0.0147775	
5.32486	0.0147685	
5.32516	0.0147592	
5.32547	0.0147503	
5.32577	0.0147413	
5.32608	0.0147324	
5.32638	0.0147235	
5.32669	0.0147142	
5.327	0.0147052	
5.3273	0.0146966	
5.32761	0.0146877	
5.32791	0.0146788	
5.32822	0.0146698	
5.32852	0.0146613	
5.32883	0.0146523	
5.32913	0.0146434	
5.32944	0.0146348	
5.32975	0.0146262	
5.33005	0.0146173	
5.33036	0.0146087	
5.33066	0.0146002	
5.33097	0.0145916	
5.33127	0.014583	
5.33158	0.0145745	
5.33188	0.0145659	
5.33219	0.0145577	
5.3325	0.0145491	
5.3328	0.0145406	
5.33311	0.0145324	
5.33341	0.0145238	
5.33372	0.0145156	
5.33402	0.0145074	
5.33433	0.0144992	
5.33463	0.014491	
5.33494	0.0144828	
5.33525	0.0144746	
5.33555	0.0144664	
5.33586	0.0144586	
5.33616	0.0144504	
5.33647	0.0144426	
5.33677	0.0144344	
5.33708	0.0144266	
5.33738	0.0144187	
5.33769	0.0144109	
5.338	0.0144031	
5.3383	0.0143953	
5.33861	0.0143878	
5.33891	0.01438	
5.33922	0.0143725	
5.33952	0.0143651	
5.33983	0.0143573	
5.34013	0.0143498	
5.34044	0.0143427	
5.34075	0.0143353	
5.34105	0.0143278	
5.34136	0.0143208	
5.34166	0.0143133	
5.34197	0.0143062	
5.34227	0.0142992	
5.34258	0.0142921	
5.34288	0.0142854	
5.34319	0.0142783	
5.3435	0.0142716	
5.3438	0.0142645	
5.34411	0.0142578	
5.34441	0.0142511	
5.34472	0.0142448	
5.34502	0.0142381	
5.34533	0.0142317	
5.34563	0.0142254	
5.34594	0.0142191	
5.34625	0.0142127	
5.34655	0.0142064	
5.34686	0.0142004	
5.34716	0.0141945	
5.34747	0.0141885	
5.34777	0.0141826	
5.34808	0.014177	
5.34839	0.014171	
5.34869	0.0141654	
5.349	0.0141602	
5.3493	0.0141546	
5.34961	0.0141494	
5.34991	0.0141442	
5.35022	0.014139	
5.35052	0.0141341	
5.35083	0.0141293	
5.35114	0.0141244	
5.35144	0.0141196	
5.35175	0.0141151	
5.35205	0.0141107	
5.35236	0.0141062	
5.35266	0.0141021	
5.35297	0.014098	
5.35327	0.0140943	
5.35358	0.0140905	
5.35389	0.0140868	
5.35419	0.0140831	
5.3545	0.0140797	
5.3548	0.0140768	
5.35511	0.0140738	
5.35541	0.0140708	
5.35572	0.0140682	
5.35602	0.0140656	
5.35633	0.014063	
5.35664	0.0140611	
5.35694	0.0140589	
5.35725	0.014057	
5.35755	0.0140555	
5.35786	0.014054	
5.35816	0.0140529	
5.35847	0.0140522	
5.35877	0.0140514	
5.35908	0.0140507	
5.35939	0.0140507	
5.35969	0.0140507	
5.36	0.0140507	
5.3603	0.0140514	
5.36061	0.0140522	
5.36091	0.0140533	
5.36122	0.0140544	
5.36152	0.0140563	
5.36183	0.0140581	
5.36214	0.0140607	
5.36244	0.0140633	
5.36275	0.0140663	
5.36305	0.0140697	
5.36336	0.0140734	
5.36366	0.0140775	
5.36397	0.014082	
5.36427	0.0140868	
5.36458	0.0140924	
5.36489	0.014098	
5.36519	0.0141043	
5.3655	0.014111	
5.3658	0.0141185	
5.36611	0.0141259	
5.36641	0.0141345	
5.36672	0.0141431	
5.36702	0.0141524	
5.36733	0.0141624	
5.36764	0.0141729	
5.36794	0.014184	
5.36825	0.014196	
5.36855	0.0142086	
5.36886	0.0142217	
5.36916	0.0142358	
5.36947	0.0142504	
5.36977	0.0142656	
5.37008	0.014282	
5.37039	0.0142992	
5.37069	0.014317	
5.371	0.0143357	
5.3713	0.0143554	
5.37161	0.0143759	
5.37191	0.0143975	
5.37222	0.0144199	
5.37252	0.0144433	
5.37283	0.0144679	
5.37314	0.0144936	
5.37344	0.0145201	
5.37375	0.014548	
5.37405	0.0145767	
5.37436	0.0146069	
5.37466	0.0146382	
5.37497	0.0146706	
5.37527	0.0147041	
5.37558	0.0147387	
5.37589	0.0147749	
5.37619	0.0148118	
5.3765	0.0148505	
5.3768	0.01489	
5.37711	0.014931	
5.37741	0.0149727	
5.37772	0.0150163	
5.37802	0.0150606	
5.37833	0.0151064	
5.37864	0.0151534	
5.37894	0.0152018	
5.37925	0.0152513	
5.37955	0.0153024	
5.37986	0.0153549	
5.38016	0.0154089	
5.38047	0.0154652	
5.38077	0.0155233	
5.38108	0.015584	
5.38139	0.0156473	
5.38169	0.015714	
5.382	0.0157844	
5.3823	0.0158589	
5.38261	0.0159387	
5.38291	0.016024	
5.38322	0.0161156	
5.38353	0.0162136	
5.38383	0.0163186	
5.38414	0.0164308	
5.38444	0.0165503	
5.38475	0.0166759	
5.38505	0.0168078	
5.38536	0.0169434	
5.38566	0.0170823	
5.38597	0.0172213	
5.38628	0.0173584	
5.38658	0.0174902	
5.38689	0.0176143	
5.38719	0.0177272	
5.3875	0.0178255	
5.3878	0.0179071	
5.38811	0.0179689	
5.38841	0.0180092	
5.38872	0.0180259	
5.38903	0.0180192	
5.38933	0.0179887	
5.38964	0.0179347	
5.38994	0.0178587	
5.39025	0.0177629	
5.39055	0.0176493	
5.39086	0.0175212	
5.39116	0.0173811	
5.39147	0.0172328	
5.39178	0.017079	
5.39208	0.0169225	
5.39239	0.0167664	
5.39269	0.0166122	
5.393	0.0164624	
5.3933	0.0163183	
5.39361	0.0161801	
5.39391	0.0160493	
5.39422	0.0159256	
5.39453	0.015809	
5.39483	0.0156991	
5.39514	0.0155952	
5.39544	0.0154972	
5.39575	0.0154041	
5.39605	0.0153154	
5.39636	0.0152308	
5.39666	0.0151496	
5.39697	0.015071	
5.39728	0.014995	
5.39758	0.0149209	
5.39789	0.014849	
5.39819	0.014779	
5.3985	0.0147101	
5.3988	0.0146426	
5.39911	0.0145767	
5.39941	0.0145122	
5.39972	0.0144485	
5.40003	0.0143863	
5.40033	0.0143256	
5.40064	0.0142656	
5.40094	0.0142071	
5.40125	0.0141498	
5.40155	0.0140939	
5.40186	0.0140391	
5.40216	0.0139855	
5.40247	0.013933	
5.40278	0.0138815	
5.40308	0.0138316	
5.40339	0.0137828	
5.40369	0.0137351	
5.404	0.0136886	
5.4043	0.0136431	
5.40461	0.0135988	
5.40491	0.0135556	
5.40522	0.0135131	
5.40553	0.0134721	
5.40583	0.0134319	
5.40614	0.0133928	
5.40644	0.0133544	
5.40675	0.0133172	
5.40705	0.0132807	
5.40736	0.0132453	
5.40766	0.0132106	
5.40797	0.0131767	
5.40828	0.0131436	
5.40858	0.0131115	
5.40889	0.0130799	
5.40919	0.0130489	
5.4095	0.0130191	
5.4098	0.0129897	
5.41011	0.0129607	
5.41041	0.0129327	
5.41072	0.0129052	
5.41103	0.012878	
5.41133	0.0128519	
5.41164	0.0128258	
5.41194	0.0128005	
5.41225	0.0127759	
5.41255	0.0127513	
5.41286	0.0127275	
5.41316	0.0127044	
5.41347	0.0126813	
5.41378	0.0126589	
5.41408	0.0126366	
5.41439	0.012615	
5.41469	0.0125937	
5.415	0.0125729	
5.4153	0.012552	
5.41561	0.0125319	
5.41592	0.0125121	
5.41622	0.0124924	
5.41653	0.0124734	
5.41683	0.0124544	
5.41714	0.0124358	
5.41744	0.0124175	
5.41775	0.0123993	
5.41805	0.0123814	
5.41836	0.0123639	
5.41867	0.0123467	
5.41897	0.0123296	
5.41928	0.0123128	
5.41958	0.0122961	
5.41989	0.0122797	
5.42019	0.0122637	
5.4205	0.0122476	
5.4208	0.012232	
5.42111	0.0122163	
5.42142	0.0122011	
5.42172	0.0121858	
5.42203	0.0121709	
5.42233	0.012156	
5.42264	0.0121411	
5.42294	0.0121269	
5.42325	0.0121124	
5.42355	0.0120983	
5.42386	0.0120841	
5.42417	0.0120703	
5.42447	0.0120565	
5.42478	0.0120427	
5.42508	0.0120293	
5.42539	0.0120159	
5.42569	0.0120029	
5.426	0.0119898	
5.4263	0.0119768	
5.42661	0.0119638	
5.42692	0.0119511	
5.42722	0.0119384	
5.42753	0.0119258	
5.42783	0.0119135	
5.42814	0.0119012	
5.42844	0.0118889	
5.42875	0.0118766	
5.42905	0.0118647	
5.42936	0.0118528	
5.42967	0.0118408	
5.42997	0.0118289	
5.43028	0.0118174	
5.43058	0.0118054	
5.43089	0.0117939	
5.43119	0.0117827	
5.4315	0.0117712	
5.4318	0.01176	
5.43211	0.0117488	
5.43242	0.0117376	
5.43272	0.0117265	
5.43303	0.0117153	
5.43333	0.0117045	
5.43364	0.0116937	
5.43394	0.0116825	
5.43425	0.0116721	
5.43455	0.0116613	
5.43486	0.0116505	
5.43517	0.01164	
5.43547	0.0116292	
5.43578	0.0116188	
5.43608	0.0116084	
5.43639	0.0115979	
5.43669	0.0115879	
5.437	0.0115775	
5.4373	0.0115674	
5.43761	0.011557	
5.43792	0.0115469	
5.43822	0.0115369	
5.43853	0.0115268	
5.43883	0.0115171	
5.43914	0.011507	
5.43944	0.011497	
5.43975	0.0114873	
5.44005	0.0114776	
5.44036	0.0114676	
5.44067	0.0114579	
5.44097	0.0114482	
5.44128	0.0114385	
5.44158	0.0114288	
5.44189	0.0114195	
5.44219	0.0114098	
5.4425	0.0114005	
5.4428	0.0113908	
5.44311	0.0113815	
5.44342	0.0113722	
5.44372	0.0113625	
5.44403	0.0113532	
5.44433	0.0113439	
5.44464	0.0113349	
5.44494	0.0113256	
5.44525	0.0113163	
5.44555	0.011307	
5.44586	0.0112981	
5.44617	0.0112887	
5.44647	0.0112798	
5.44678	0.0112709	
5.44708	0.0112616	
5.44739	0.0112526	
5.44769	0.0112437	
5.448	0.0112347	
5.4483	0.0112258	
5.44861	0.0112168	
5.44892	0.0112083	
5.44922	0.0111993	
5.44953	0.0111904	
5.44983	0.0111815	
5.45014	0.0111729	
5.45044	0.0111639	
5.45075	0.0111554	
5.45106	0.0111468	
5.45136	0.0111379	
5.45167	0.0111293	
5.45197	0.0111207	
5.45228	0.0111122	
5.45258	0.0111036	
5.45289	0.011095	
5.45319	0.0110865	
5.4535	0.0110779	
5.45381	0.0110693	
5.45411	0.0110608	
5.45442	0.0110522	
5.45472	0.011044	
5.45503	0.0110354	
5.45533	0.0110272	
5.45564	0.0110187	
5.45594	0.0110105	
5.45625	0.0110019	
5.45656	0.0109937	
5.45686	0.0109851	
5.45717	0.0109769	
5.45747	0.0109687	
5.45778	0.0109605	
5.45808	0.010952	
5.45839	0.0109438	
5.45869	0.0109356	
5.459	0.0109274	
5.45931	0.0109192	
5.45961	0.010911	
5.45992	0.0109032	
5.46022	0.010895	
5.46053	0.0108868	
5.46083	0.0108786	
5.46114	0.0108704	
5.46144	0.0108626	
5.46175	0.0108544	
5.46206	0.0108462	
5.46236	0.0108384	
5.46267	0.0108302	
5.46297	0.0108223	
5.46328	0.0108141	
5.46358	0.0108063	
5.46389	0.0107985	
5.46419	0.0107903	
5.4645	0.0107825	
5.46481	0.0107747	
5.46511	0.0107668	
5.46542	0.0107586	
5.46572	0.0107508	
5.46603	0.010743	
5.46633	0.0107352	
5.46664	0.0107273	
5.46694	0.0107195	
5.46725	0.0107117	
5.46756	0.0107039	
5.46786	0.0106961	
5.46817	0.0106882	
5.46847	0.0106808	
5.46878	0.010673	
5.46908	0.0106651	
5.46939	0.0106573	
5.46969	0.0106499	
5.47	0.010642	
5.47031	0.0106342	
5.47061	0.0106268	
5.47092	0.0106189	
5.47122	0.0106111	
5.47153	0.0106037	
5.47183	0.0105958	
5.47214	0.0105884	
5.47244	0.0105809	
5.47275	0.0105731	
5.47306	0.0105657	
5.47336	0.0105578	
5.47367	0.0105504	
5.47397	0.0105429	
5.47428	0.0105355	
5.47458	0.0105277	
5.47489	0.0105202	
5.47519	0.0105128	
5.4755	0.0105053	
5.47581	0.0104979	
5.47611	0.0104904	
5.47642	0.010483	
5.47672	0.0104755	
5.47703	0.0104681	
5.47733	0.0104606	
5.47764	0.0104532	
5.47794	0.0104457	
5.47825	0.0104383	
5.47856	0.0104308	
5.47886	0.0104234	
5.47917	0.0104159	
5.47947	0.0104088	
5.47978	0.0104014	
5.48008	0.0103939	
5.48039	0.0103865	
5.48069	0.0103794	
5.481	0.010372	
5.48131	0.0103645	
5.48161	0.0103574	
5.48192	0.01035	
5.48222	0.0103429	
5.48253	0.0103354	
5.48283	0.010328	
5.48314	0.0103209	
5.48345	0.0103135	
5.48375	0.0103064	
5.48406	0.0102993	
5.48436	0.0102919	
5.48467	0.0102848	
5.48497	0.0102773	
5.48528	0.0102703	
5.48558	0.0102632	
5.48589	0.0102561	
5.4862	0.0102486	
5.4865	0.0102416	
5.48681	0.0102345	
5.48711	0.0102274	
5.48742	0.01022	
5.48772	0.0102129	
5.48803	0.0102058	
5.48833	0.0101987	
5.48864	0.0101916	
5.48895	0.0101846	
5.48925	0.0101775	
5.48956	0.0101704	
5.48986	0.0101633	
5.49017	0.0101563	
5.49047	0.0101492	
5.49078	0.0101421	
5.49108	0.010135	
5.49139	0.0101279	
5.4917	0.0101209	
5.492	0.0101142	
5.49231	0.0101071	
5.49261	0.0101	
5.49292	0.0100929	
5.49322	0.0100859	
5.49353	0.0100791	
5.49383	0.0100721	
5.49414	0.010065	
5.49445	0.0100583	
5.49475	0.0100512	
5.49506	0.0100445	
5.49536	0.0100374	
5.49567	0.0100307	
5.49597	0.0100236	
5.49628	0.0100169	
5.49658	0.0100099	
5.49689	0.0100028	
5.4972	0.00999607	
5.4975	0.00998937	
5.49781	0.00998229	
5.49811	0.00997558	
5.49842	0.0099685	
5.49872	0.0099618	
5.49903	0.00995509	
5.49933	0.00994802	
5.49964	0.00994131	
5.49995	0.0099346	
5.50025	0.00992753	
5.50056	0.00992082	
5.50086	0.00991412	
5.50117	0.00990704	
5.50147	0.00990033	
5.50178	0.00989363	
5.50208	0.00988692	
5.50239	0.00988021	
5.5027	0.00987351	
5.503	0.00986643	
5.50331	0.00985973	
5.50361	0.00985302	
5.50392	0.00984631	
5.50422	0.00983961	
5.50453	0.0098329	
5.50483	0.0098262	
5.50514	0.00981949	
5.50545	0.00981279	
5.50575	0.00980608	
5.50606	0.00979938	
5.50636	0.00979267	
5.50667	0.00978634	
5.50697	0.00977963	
5.50728	0.00977293	
5.50758	0.00976622	
5.50789	0.00975952	
5.5082	0.00975281	
5.5085	0.0097461	
5.50881	0.00973977	
5.50911	0.00973307	
5.50942	0.00972636	
5.50972	0.00971965	
5.51003	0.00971332	
5.51033	0.00970662	
5.51064	0.00969991	
5.51095	0.00969358	
5.51125	0.00968687	
5.51156	0.00968054	
5.51186	0.00967383	
5.51217	0.00966713	
5.51247	0.0096608	
5.51278	0.00965409	
5.51308	0.00964776	
5.51339	0.00964105	
5.5137	0.00963472	
5.514	0.00962801	
5.51431	0.00962168	
5.51461	0.00961497	
5.51492	0.00960864	
5.51522	0.00960231	
5.51553	0.0095956	
5.51583	0.00958927	
5.51614	0.00958294	
5.51645	0.00957623	
5.51675	0.0095699	
5.51706	0.00956357	
5.51736	0.00955686	
5.51767	0.00955053	
5.51797	0.00954419	
5.51828	0.00953786	
5.51859	0.00953116	
5.51889	0.00952482	
5.5192	0.00951849	
5.5195	0.00951216	
5.51981	0.00950582	
5.52011	0.00949949	
5.52042	0.00949278	
5.52072	0.00948645	
5.52103	0.00948012	
5.52134	0.00947379	
5.52164	0.00946745	
5.52195	0.00946112	
5.52225	0.00945479	
5.52256	0.00944845	
5.52286	0.00944212	
5.52317	0.00943579	
5.52347	0.00942945	
5.52378	0.00942312	
5.52409	0.00941679	
5.52439	0.00941083	
5.5247	0.0094045	
5.525	0.00939816	
5.52531	0.00939183	
5.52561	0.0093855	
5.52592	0.00937916	
5.52622	0.00937283	
5.52653	0.00936687	
5.52684	0.00936054	
5.52714	0.0093542	
5.52745	0.00934787	
5.52775	0.00934191	
5.52806	0.00933558	
5.52836	0.00932924	
5.52867	0.00932328	
5.52897	0.00931695	
5.52928	0.00931062	
5.52959	0.00930466	
5.52989	0.00929832	
5.5302	0.00929236	
5.5305	0.00928603	
5.53081	0.0092797	
5.53111	0.00927374	
5.53142	0.0092674	
5.53172	0.00926144	
5.53203	0.00925511	
5.53234	0.00924915	
5.53264	0.00924282	
5.53295	0.00923686	
5.53325	0.0092309	
5.53356	0.00922456	
5.53386	0.0092186	
5.53417	0.00921227	
5.53447	0.00920631	
5.53478	0.00920035	
5.53509	0.00919402	
5.53539	0.00918806	
5.5357	0.0091821	
5.536	0.00917576	
5.53631	0.0091698	
5.53661	0.00916384	
5.53692	0.00915788	
5.53722	0.00915155	
5.53753	0.00914559	
5.53784	0.00913963	
5.53814	0.00913367	
5.53845	0.00912771	
5.53875	0.00912137	
5.53906	0.00911541	
5.53936	0.00910945	
5.53967	0.00910349	
5.53997	0.00909753	
5.54028	0.00909157	
5.54059	0.00908561	
5.54089	0.00907965	
5.5412	0.00907369	
5.5415	0.00906773	
5.54181	0.00906177	
5.54211	0.00905581	
5.54242	0.00904985	
5.54272	0.00904389	
5.54303	0.00903793	
5.54334	0.00903197	
5.54364	0.00902601	
5.54395	0.00902005	
5.54425	0.00901408	
5.54456	0.00900812	
5.54486	0.00900216	
5.54517	0.00899658	
5.54547	0.00899062	
5.54578	0.00898466	
5.54609	0.00897869	
5.54639	0.00897273	
5.5467	0.00896715	
5.547	0.00896119	
5.54731	0.00895523	
5.54761	0.00894926	
5.54792	0.0089433	
5.54822	0.00893772	
5.54853	0.00893176	
5.54884	0.0089258	
5.54914	0.00892021	
5.54945	0.00891425	
5.54975	0.00890829	
5.55006	0.0089027	
5.55036	0.00889674	
5.55067	0.00889115	
5.55097	0.00888519	
5.55128	0.00887923	
5.55159	0.00887364	
5.55189	0.00886768	
5.5522	0.00886209	
5.5525	0.00885613	
5.55281	0.00885054	
5.55311	0.00884458	
5.55342	0.008839	
5.55373	0.00883341	
5.55403	0.00882745	
5.55434	0.00882186	
5.55464	0.0088159	
5.55495	0.00881031	
5.55525	0.00880472	
5.55556	0.00879876	
5.55586	0.00879318	
5.55617	0.00878759	
5.55648	0.00878163	
5.55678	0.00877604	
5.55709	0.00877045	
5.55739	0.00876449	
5.5577	0.0087589	
5.558	0.00875331	
5.55831	0.00874773	
5.55861	0.00874214	
5.55892	0.00873618	
5.55923	0.00873059	
5.55953	0.008725	
5.55984	0.00871941	
5.56014	0.00871383	
5.56045	0.00870824	
5.56075	0.00870265	
5.56106	0.00869669	
5.56136	0.0086911	
5.56167	0.00868551	
5.56198	0.00867993	
5.56228	0.00867434	
5.56259	0.00866875	
5.56289	0.00866316	
5.5632	0.00865757	
5.5635	0.00865199	
5.56381	0.0086464	
5.56411	0.00864081	
5.56442	0.00863522	
5.56473	0.00862963	
5.56503	0.00862442	
5.56534	0.00861883	
5.56564	0.00861324	
5.56595	0.00860766	
5.56625	0.00860207	
5.56656	0.00859648	
5.56686	0.00859089	
5.56717	0.00858568	
5.56748	0.00858009	
5.56778	0.0085745	
5.56809	0.00856891	
5.56839	0.00856332	
5.5687	0.00855811	
5.569	0.00855252	
5.56931	0.00854693	
5.56961	0.00854172	
5.56992	0.00853613	
5.57023	0.00853054	
5.57053	0.00852495	
5.57084	0.00851974	
5.57114	0.00851415	
5.57145	0.00850894	
5.57175	0.00850335	
5.57206	0.00849776	
5.57236	0.00849254	
5.57267	0.00848696	
5.57298	0.00848174	
5.57328	0.00847615	
5.57359	0.00847094	
5.57389	0.00846535	
5.5742	0.00846013	
5.5745	0.00845455	
5.57481	0.00844933	
5.57511	0.00844374	
5.57542	0.00843853	
5.57573	0.00843294	
5.57603	0.00842772	
5.57634	0.00842214	
5.57664	0.00841692	
5.57695	0.00841171	
5.57725	0.00840612	
5.57756	0.0084009	
5.57786	0.00839569	
5.57817	0.0083901	
5.57848	0.00838488	
5.57878	0.00837967	
5.57909	0.00837408	
5.57939	0.00836886	
5.5797	0.00836365	
5.58	0.00835843	
5.58031	0.00835285	
5.58061	0.00834763	
5.58092	0.00834242	
5.58123	0.0083372	
5.58153	0.00833161	
5.58184	0.0083264	
5.58214	0.00832118	
5.58245	0.00831597	
5.58275	0.00831075	
5.58306	0.00830553	
5.58336	0.00830032	
5.58367	0.0082951	
5.58398	0.00828952	
5.58428	0.0082843	
5.58459	0.00827909	
5.58489	0.00827387	
5.5852	0.00826865	
5.5855	0.00826344	
5.58581	0.00825822	
5.58612	0.00825301	
5.58642	0.00824779	
5.58673	0.00824258	
5.58703	0.00823736	
5.58734	0.00823215	
5.58764	0.0082273	
5.58795	0.00822209	
5.58825	0.00821687	
5.58856	0.00821166	
5.58887	0.00820644	
5.58917	0.00820123	
5.58948	0.00819601	
5.58978	0.0081908	
5.59009	0.00818595	
5.59039	0.00818074	
5.5907	0.00817552	
5.591	0.00817031	
5.59131	0.00816509	
5.59162	0.00816025	
5.59192	0.00815503	
5.59223	0.00814982	
5.59253	0.0081446	
5.59284	0.00813976	
5.59314	0.00813454	
5.59345	0.00812933	
5.59375	0.00812449	
5.59406	0.00811927	
5.59437	0.00811405	
5.59467	0.00810921	
5.59498	0.008104	
5.59528	0.00809915	
5.59559	0.00809394	
5.59589	0.00808872	
5.5962	0.00808388	
5.5965	0.00807866	
5.59681	0.00807382	
5.59712	0.00806861	
5.59742	0.00806376	
5.59773	0.00805855	
5.59803	0.00805371	
5.59834	0.00804849	
5.59864	0.00804365	
5.59895	0.00803843	
5.59925	0.00803359	
5.59956	0.00802837	
5.59987	0.00802353	
5.60017	0.00801869	
5.60048	0.00801347	
5.60078	0.00800863	
5.60109	0.00800341	
5.60139	0.00799857	
5.6017	0.00799373	
5.602	0.00798851	
5.60231	0.00798367	
5.60262	0.00797883	
5.60292	0.00797361	
5.60323	0.00796877	
5.60353	0.00796393	
5.60384	0.00795908	
5.60414	0.00795387	
5.60445	0.00794902	
5.60475	0.00794418	
5.60506	0.00793934	
5.60537	0.00793412	
5.60567	0.00792928	
5.60598	0.00792444	
5.60628	0.00791959	
5.60659	0.00791475	
5.60689	0.00790991	
5.6072	0.00790507	
5.6075	0.00789985	
5.60781	0.00789501	
5.60812	0.00789016	
5.60842	0.00788532	
5.60873	0.00788048	
5.60903	0.00787564	
5.60934	0.00787079	
5.60964	0.00786595	
5.60995	0.00786111	
5.61025	0.00785626	
5.61056	0.00785142	
5.61087	0.00784658	
5.61117	0.00784174	
5.61148	0.00783689	
5.61178	0.00783205	
5.61209	0.00782721	
5.61239	0.00782236	
5.6127	0.00781752	
5.613	0.00781268	
5.61331	0.00780821	
5.61362	0.00780337	
5.61392	0.00779852	
5.61423	0.00779368	
5.61453	0.00778884	
5.61484	0.00778399	
5.61514	0.00777952	
5.61545	0.00777468	
5.61575	0.00776984	
5.61606	0.007765	
5.61637	0.00776015	
5.61667	0.00775568	
5.61698	0.00775084	
5.61728	0.007746	
5.61759	0.00774115	
5.61789	0.00773668	
5.6182	0.00773184	
5.6185	0.007727	
5.61881	0.00772253	
5.61912	0.00771768	
5.61942	0.00771284	
5.61973	0.00770837	
5.62003	0.00770353	
5.62034	0.00769906	
5.62064	0.00769421	
5.62095	0.00768937	
5.62126	0.0076849	
5.62156	0.00768006	
5.62187	0.00767559	
5.62217	0.00767075	
5.62248	0.00766627	
5.62278	0.00766143	
5.62309	0.00765696	
5.62339	0.00765212	
5.6237	0.00764765	
5.62401	0.00764281	
5.62431	0.00763834	
5.62462	0.00763349	
5.62492	0.00762902	
5.62523	0.00762418	
5.62553	0.00761971	
5.62584	0.00761487	
5.62614	0.0076104	
5.62645	0.00760593	
5.62676	0.00760108	
5.62706	0.00759661	
5.62737	0.00759214	
5.62767	0.0075873	
5.62798	0.00758283	
5.62828	0.00757836	
5.62859	0.00757352	
5.62889	0.00756904	
5.6292	0.00756457	
5.62951	0.0075601	
5.62981	0.00755526	
5.63012	0.00755079	
5.63042	0.00754632	
5.63073	0.00754185	
5.63103	0.00753701	
5.63134	0.00753254	
5.63164	0.00752807	
5.63195	0.0075236	
5.63226	0.00751913	
5.63256	0.00751466	
5.63287	0.00750981	
5.63317	0.00750534	
5.63348	0.00750087	
5.63378	0.0074964	
5.63409	0.00749193	
5.63439	0.00748746	
5.6347	0.00748299	
5.63501	0.00747852	
5.63531	0.00747405	
5.63562	0.00746958	
5.63592	0.00746511	
5.63623	0.00746064	
5.63653	0.00745617	
5.63684	0.0074517	
5.63714	0.00744723	
5.63745	0.00744276	
5.63776	0.00743829	
5.63806	0.00743382	
5.63837	0.00742935	
5.63867	0.00742488	
5.63898	0.00742041	
5.63928	0.00741594	
5.63959	0.00741147	
5.63989	0.00740699	
5.6402	0.00740252	
5.64051	0.00739843	
5.64081	0.00739396	
5.64112	0.00738949	
5.64142	0.00738502	
5.64173	0.00738055	
5.64203	0.00737607	
5.64234	0.00737198	
5.64264	0.00736751	
5.64295	0.00736304	
5.64326	0.00735857	
5.64356	0.00735447	
5.64387	0.00735	
5.64417	0.00734553	
5.64448	0.00734106	
5.64478	0.00733696	
5.64509	0.00733249	
5.64539	0.00732802	
5.6457	0.00732392	
5.64601	0.00731945	
5.64631	0.00731498	
5.64662	0.00731088	
5.64692	0.00730641	
5.64723	0.00730194	
5.64753	0.00729784	
5.64784	0.00729337	
5.64814	0.00728928	
5.64845	0.00728481	
5.64876	0.00728033	
5.64906	0.00727624	
5.64937	0.00727177	
5.64967	0.00726767	
5.64998	0.0072632	
5.65028	0.0072591	
5.65059	0.00725463	
5.65089	0.00725053	
5.6512	0.00724606	
5.65151	0.00724196	
5.65181	0.00723749	
5.65212	0.0072334	
5.65242	0.0072293	
5.65273	0.00722483	
5.65303	0.00722073	
5.65334	0.00721626	
5.65365	0.00721216	
5.65395	0.00720806	
5.65426	0.00720359	
5.65456	0.0071995	
5.65487	0.00719503	
5.65517	0.00719093	
5.65548	0.00718683	
5.65578	0.00718236	
5.65609	0.00717826	
5.6564	0.00717416	
5.6567	0.00717007	
5.65701	0.0071656	
5.65731	0.0071615	
5.65762	0.0071574	
5.65792	0.0071533	
5.65823	0.00714883	
5.65853	0.00714473	
5.65884	0.00714064	
5.65915	0.00713654	
5.65945	0.00713207	
5.65976	0.00712797	
5.66006	0.00712387	
5.66037	0.00711977	
5.66067	0.00711568	
5.66098	0.00711158	
5.66128	0.00710748	
5.66159	0.00710301	
5.6619	0.00709891	
5.6622	0.00709482	
5.66251	0.00709072	
5.66281	0.00708662	
5.66312	0.00708252	
5.66342	0.00707842	
5.66373	0.00707433	
5.66403	0.00707023	
5.66434	0.00706613	
5.66465	0.00706203	
5.66495	0.00705793	
5.66526	0.00705384	
5.66556	0.00704974	
5.66587	0.00704564	
5.66617	0.00704154	
5.66648	0.00703745	
5.66678	0.00703335	
5.66709	0.00702925	
5.6674	0.00702515	
5.6677	0.00702105	
5.66801	0.00701696	
5.66831	0.00701286	
5.66862	0.00700876	
5.66892	0.00700466	
5.66923	0.00700094	
5.66953	0.00699684	
5.66984	0.00699274	
5.67015	0.00698864	
5.67045	0.00698455	
5.67076	0.00698045	
5.67106	0.00697672	
5.67137	0.00697263	
5.67167	0.00696853	
5.67198	0.00696443	
5.67228	0.0069607	
5.67259	0.00695661	
5.6729	0.00695251	
5.6732	0.00694841	
5.67351	0.00694469	
5.67381	0.00694059	
5.67412	0.00693649	
5.67442	0.00693277	
5.67473	0.00692867	
5.67503	0.00692457	
5.67534	0.00692084	
5.67565	0.00691675	
5.67595	0.00691265	
5.67626	0.00690892	
5.67656	0.00690483	
5.67687	0.00690073	
5.67717	0.006897	
5.67748	0.0068929	
5.67778	0.00688918	
5.67809	0.00688508	
5.6784	0.00688136	
5.6787	0.00687726	
5.67901	0.00687353	
5.67931	0.00686944	
5.67962	0.00686534	
5.67992	0.00686161	
5.68023	0.00685751	
5.68053	0.00685379	
5.68084	0.00685006	
5.68115	0.00684597	
5.68145	0.00684224	
5.68176	0.00683814	
5.68206	0.00683442	
5.68237	0.00683032	
5.68267	0.00682659	
5.68298	0.0068225	
5.68328	0.00681877	
5.68359	0.00681505	
5.6839	0.00681095	
5.6842	0.00680722	
5.68451	0.0068035	
5.68481	0.0067994	
5.68512	0.00679567	
5.68542	0.00679195	
5.68573	0.00678785	
5.68603	0.00678413	
5.68634	0.0067804	
5.68665	0.0067763	
5.68695	0.00677258	
5.68726	0.00676885	
5.68756	0.00676513	
5.68787	0.00676103	
5.68817	0.0067573	
5.68848	0.00675358	
5.68879	0.00674985	
5.68909	0.00674576	
5.6894	0.00674203	
5.6897	0.00673831	
5.69001	0.00673458	
5.69031	0.00673085	
5.69062	0.00672713	
5.69092	0.00672303	
5.69123	0.00671931	
5.69154	0.00671558	
5.69184	0.00671186	
5.69215	0.00670813	
5.69245	0.0067044	
5.69276	0.00670068	
5.69306	0.00669695	
5.69337	0.00669323	
5.69367	0.00668913	
5.69398	0.00668541	
5.69429	0.00668168	
5.69459	0.00667796	
5.6949	0.00667423	
5.6952	0.0066705	
5.69551	0.00666678	
5.69581	0.00666305	
5.69612	0.00665933	
5.69642	0.0066556	
5.69673	0.00665188	
5.69704	0.00664815	
5.69734	0.00664443	
5.69765	0.00664108	
5.69795	0.00663735	
5.69826	0.00663362	
5.69856	0.0066299	
5.69887	0.00662617	
5.69917	0.00662245	
5.69948	0.00661872	
5.69979	0.006615	
5.70009	0.00661127	
5.7004	0.00660792	
5.7007	0.00660419	
5.70101	0.00660047	
5.70131	0.00659674	
5.70162	0.00659302	
5.70192	0.00658929	
5.70223	0.00658594	
5.70254	0.00658222	
5.70284	0.00657849	
5.70315	0.00657476	
5.70345	0.00657141	
5.70376	0.00656769	
5.70406	0.00656396	
5.70437	0.00656024	
5.70467	0.00655688	
5.70498	0.00655316	
5.70529	0.00654943	
5.70559	0.00654571	
5.7059	0.00654235	
5.7062	0.00653863	
5.70651	0.0065349	
5.70681	0.00653155	
5.70712	0.00652783	
5.70742	0.00652447	
5.70773	0.00652075	
5.70804	0.00651702	
5.70834	0.00651367	
5.70865	0.00650994	
5.70895	0.00650622	
5.70926	0.00650287	
5.70956	0.00649914	
5.70987	0.00649579	
5.71017	0.00649206	
5.71048	0.00648871	
5.71079	0.00648499	
5.71109	0.00648163	
5.7114	0.00647791	
5.7117	0.00647455	
5.71201	0.00647083	
5.71231	0.00646748	
5.71262	0.00646375	
5.71292	0.0064604	
5.71323	0.00645667	
5.71354	0.00645332	
5.71384	0.0064496	
5.71415	0.00644624	
5.71445	0.00644252	
5.71476	0.00643916	
5.71506	0.00643581	
5.71537	0.00643209	
5.71567	0.00642873	
5.71598	0.00642538	
5.71629	0.00642166	
5.71659	0.0064183	
5.7169	0.00641458	
5.7172	0.00641122	
5.71751	0.00640787	
5.71781	0.00640415	
5.71812	0.00640079	
5.71842	0.00639744	
5.71873	0.00639409	
5.71904	0.00639036	
5.71934	0.00638701	
5.71965	0.00638366	
5.71995	0.0063803	
5.72026	0.00637658	
5.72056	0.00637323	
5.72087	0.00636987	
5.72117	0.00636652	
5.72148	0.0063628	
5.72179	0.00635944	
5.72209	0.00635609	
5.7224	0.00635274	
5.7227	0.00634938	
5.72301	0.00634603	
5.72331	0.00634231	
5.72362	0.00633895	
5.72393	0.0063356	
5.72423	0.00633225	
5.72454	0.0063289	
5.72484	0.00632554	
5.72515	0.00632219	
5.72545	0.00631884	
5.72576	0.00631548	
5.72606	0.00631176	
5.72637	0.00630841	
5.72668	0.00630505	
5.72698	0.0063017	
5.72729	0.00629835	
5.72759	0.006295	
5.7279	0.00629164	
5.7282	0.00628829	
5.72851	0.00628494	
5.72881	0.00628158	
5.72912	0.00627823	
5.72943	0.00627488	
5.72973	0.00627153	
5.73004	0.00626817	
5.73034	0.00626482	
5.73065	0.00626184	
5.73095	0.00625849	
5.73126	0.00625513	
5.73156	0.00625178	
5.73187	0.00624843	
5.73218	0.00624508	
5.73248	0.00624172	
5.73279	0.00623837	
5.73309	0.00623502	
5.7334	0.00623204	
5.7337	0.00622869	
5.73401	0.00622533	
5.73431	0.00622198	
5.73462	0.00621863	
5.73493	0.00621565	
5.73523	0.00621229	
5.73554	0.00620894	
5.73584	0.00620559	
5.73615	0.00620224	
5.73645	0.00619926	
5.73676	0.0061959	
5.73706	0.00619255	
5.73737	0.0061892	
5.73768	0.00618622	
5.73798	0.00618286	
5.73829	0.00617951	
5.73859	0.00617653	
5.7389	0.00617318	
5.7392	0.00616983	
5.73951	0.00616685	
5.73981	0.00616349	
5.74012	0.00616014	
5.74043	0.00615716	
5.74073	0.00615381	
5.74104	0.00615083	
5.74134	0.00614747	
5.74165	0.00614412	
5.74195	0.00614114	
5.74226	0.00613779	
5.74256	0.00613481	
5.74287	0.00613146	
5.74318	0.0061281	
5.74348	0.00612512	
5.74379	0.00612177	
5.74409	0.00611879	
5.7444	0.00611544	
5.7447	0.00611246	
5.74501	0.0061091	
5.74531	0.00610612	
5.74562	0.00610277	
5.74593	0.00609979	
5.74623	0.00609681	
5.74654	0.00609346	
5.74684	0.00609048	
5.74715	0.00608712	
5.74745	0.00608414	
5.74776	0.00608079	
5.74806	0.00607781	
5.74837	0.00607483	
5.74868	0.00607148	
5.74898	0.0060685	
5.74929	0.00606552	
5.74959	0.00606216	
5.7499	0.00605918	
5.7502	0.0060562	
5.75051	0.00605285	
5.75081	0.00604987	
5.75112	0.00604689	
5.75143	0.00604354	
5.75173	0.00604056	
5.75204	0.00603758	
5.75234	0.0060346	
5.75265	0.00603124	
5.75295	0.00602826	
5.75326	0.00602528	
5.75356	0.0060223	
5.75387	0.00601932	
5.75418	0.00601597	
5.75448	0.00601299	
5.75479	0.00601001	
5.75509	0.00600703	
5.7554	0.00600405	
5.7557	0.00600107	
5.75601	0.00599772	
5.75632	0.00599474	
5.75662	0.00599176	
5.75693	0.00598878	
5.75723	0.0059858	
5.75754	0.00598282	
5.75784	0.00597984	
5.75815	0.00597686	
5.75845	0.00597388	
5.75876	0.0059709	
5.75907	0.00596792	
5.75937	0.00596493	
5.75968	0.00596195	
5.75998	0.00595897	
5.76029	0.00595599	
5.76059	0.00595301	
5.7609	0.00595003	
5.7612	0.00594705	
5.76151	0.00594407	
5.76182	0.00594109	
5.76212	0.00593811	
5.76243	0.00593513	
5.76273	0.00593215	
5.76304	0.00592954	
5.76334	0.00592656	
5.76365	0.00592358	
5.76395	0.0059206	
5.76426	0.00591762	
5.76457	0.00591464	
5.76487	0.00591204	
5.76518	0.00590906	
5.76548	0.00590608	
5.76579	0.0059031	
5.76609	0.00590011	
5.7664	0.00589751	
5.7667	0.00589453	
5.76701	0.00589155	
5.76732	0.00588894	
5.76762	0.00588596	
5.76793	0.00588298	
5.76823	0.00588037	
5.76854	0.00587739	
5.76884	0.00587441	
5.76915	0.0058718	
5.76945	0.00586882	
5.76976	0.00586621	
5.77007	0.00586323	
5.77037	0.00586025	
5.77068	0.00585765	
5.77098	0.00585467	
5.77129	0.00585206	
5.77159	0.00584908	
5.7719	0.00584647	
5.7722	0.00584349	
5.77251	0.00584088	
5.77282	0.00583827	
5.77312	0.00583529	
5.77343	0.00583269	
5.77373	0.00582971	
5.77404	0.0058271	
5.77434	0.00582449	
5.77465	0.00582151	
5.77495	0.0058189	
5.77526	0.0058163	
5.77557	0.00581332	
5.77587	0.00581071	
5.77618	0.0058081	
5.77648	0.00580549	
5.77679	0.00580288	
5.77709	0.0057999	
5.7774	0.0057973	
5.7777	0.00579469	
5.77801	0.00579208	
5.77832	0.00578947	
5.77862	0.00578687	
5.77893	0.00578426	
5.77923	0.00578165	
5.77954	0.00577904	
5.77984	0.00577644	
5.78015	0.00577383	
5.78045	0.00577122	
5.78076	0.00576861	
5.78107	0.005766	
5.78137	0.0057634	
5.78168	0.00576079	
5.78198	0.00575855	
5.78229	0.00575595	
5.78259	0.00575334	
5.7829	0.00575073	
5.7832	0.0057485	
5.78351	0.00574589	
5.78382	0.00574328	
5.78412	0.00574104	
5.78443	0.00573844	
5.78473	0.0057362	
5.78504	0.00573359	
5.78534	0.00573136	
5.78565	0.00572875	
5.78595	0.00572652	
5.78626	0.00572428	
5.78657	0.00572205	
5.78687	0.00571944	
5.78718	0.0057172	
5.78748	0.00571497	
5.78779	0.00571273	
5.78809	0.0057105	
5.7884	0.00570826	
5.7887	0.00570603	
5.78901	0.00570379	
5.78932	0.00570156	
5.78962	0.00569932	
5.78993	0.00569746	
5.79023	0.00569522	
5.79054	0.00569299	
5.79084	0.00569113	
5.79115	0.00568889	
5.79146	0.00568703	
5.79176	0.00568517	
5.79207	0.0056833	
5.79237	0.00568107	
5.79268	0.00567921	
5.79298	0.00567734	
5.79329	0.00567585	
5.79359	0.00567399	
5.7939	0.00567213	
5.79421	0.00567064	
5.79451	0.00566877	
5.79482	0.00566728	
5.79512	0.00566579	
5.79543	0.0056643	
5.79573	0.00566281	
5.79604	0.00566132	
5.79634	0.00565983	
5.79665	0.00565872	
5.79696	0.0056576	
5.79726	0.00565648	
5.79757	0.00565536	
5.79787	0.00565425	
5.79818	0.0056535	
5.79848	0.00565238	
5.79879	0.00565164	
5.79909	0.00565127	
5.7994	0.00565052	
5.79971	0.00565015	
5.80001	0.00564978	
5.80032	0.00564978	
5.80062	0.00564978	
5.80093	0.00564978	
5.80123	0.00565015	
5.80154	0.00565052	
5.80184	0.00565127	
5.80215	0.00565201	
5.80246	0.00565313	
5.80276	0.00565462	
5.80307	0.00565611	
5.80337	0.00565797	
5.80368	0.00566021	
5.80398	0.00566281	
5.80429	0.00566542	
5.80459	0.00566877	
5.8049	0.0056725	
5.80521	0.00567697	
5.80551	0.00568181	
5.80582	0.0056874	
5.80612	0.00569336	
5.80643	0.00570044	
5.80673	0.00570826	
5.80704	0.0057172	
5.80734	0.00572726	
5.80765	0.00573844	
5.80796	0.0057511	
5.80826	0.00576563	
5.80857	0.00578202	
5.80887	0.00580102	
5.80918	0.00582226	
5.80948	0.00584684	
5.80979	0.00587478	
5.81009	0.00590719	
5.8104	0.00594482	
5.81071	0.00598878	
5.81101	0.00603981	
5.81132	0.00610016	
5.81162	0.00617169	
5.81193	0.00625625	
5.81223	0.00635758	
5.81254	0.00647977	
5.81284	0.00662692	
5.81315	0.00680499	
5.81346	0.00702068	
5.81376	0.00728182	
5.81407	0.00759512	
5.81437	0.00796616	
5.81468	0.00839457	
5.81498	0.00887178	
5.81529	0.00937656	
5.81559	0.00987388	
5.8159	0.0103224	
5.81621	0.0106853	
5.81651	0.0109445	
5.81682	0.0111047	
5.81712	0.0111844	
5.81743	0.0112001	
5.81773	0.0111569	
5.81804	0.0110425	
5.81834	0.0108376	
5.81865	0.0105288	
5.81896	0.0101231	
5.81926	0.0096485	
5.81957	0.00914559	
5.81987	0.00865459	
5.82018	0.00820346	
5.82048	0.00780746	
5.82079	0.00747032	
5.82109	0.00718907	
5.8214	0.00695735	
5.82171	0.00676811	
5.82201	0.00661351	
5.82232	0.00648834	
5.82262	0.00638664	
5.82293	0.00630468	
5.82323	0.00623912	
5.82354	0.00618771	
5.82385	0.00614785	
5.82415	0.00611842	
5.82446	0.0060983	
5.82476	0.00608638	
5.82507	0.00608265	
5.82537	0.00608712	
5.82568	0.00609905	
5.82598	0.00611953	
5.82629	0.00614896	
5.8266	0.00618771	
5.8269	0.00623763	
5.82721	0.00629984	
5.82751	0.00637658	
5.82782	0.00647008	
5.82812	0.00658371	
5.82843	0.00672042	
5.82873	0.00688471	
5.82904	0.00708029	
5.82935	0.00731014	
5.82965	0.00757575	
5.82996	0.00787713	
5.83026	0.00821836	
5.83057	0.00862926	
5.83087	0.00918396	
5.83118	0.00994131	
5.83148	0.0107501	
5.83179	0.011193	
5.8321	0.0109613	
5.8324	0.0102159	
5.83271	0.00939369	
5.83301	0.00875592	
5.83332	0.00829212	
5.83362	0.00791885	
5.83393	0.0075914	
5.83423	0.00729971	
5.83454	0.00704303	
5.83485	0.00682138	
5.83515	0.00663139	
5.83546	0.00646934	
5.83576	0.0063315	
5.83607	0.00621378	
5.83637	0.00611283	
5.83668	0.00602603	
5.83698	0.00595078	
5.83729	0.00588559	
5.8376	0.00582822	
5.8379	0.00577793	
5.83821	0.00573359	
5.83851	0.00569373	
5.83882	0.00565834	
5.83912	0.00562668	
5.83943	0.00559799	
5.83973	0.00557192	
5.84004	0.00554845	
5.84035	0.00552684	
5.84065	0.0055071	
5.84096	0.00548884	
5.84126	0.00547208	
5.84157	0.00545643	
5.84187	0.0054419	
5.84218	0.00542849	
5.84248	0.00541583	
5.84279	0.00540391	
5.8431	0.00539273	
5.8434	0.0053823	
5.84371	0.00537224	
5.84401	0.00536293	
5.84432	0.00535399	
5.84462	0.00534542	
5.84493	0.0053376	
5.84523	0.00532977	
5.84554	0.00532232	
5.84585	0.00531524	
5.84615	0.00530854	
5.84646	0.00530183	
5.84676	0.00529587	
5.84707	0.00528954	
5.84737	0.00528395	
5.84768	0.00527799	
5.84798	0.00527278	
5.84829	0.00526719	
5.8486	0.00526197	
5.8489	0.00525713	
5.84921	0.00525229	
5.84951	0.00524744	
5.84982	0.00524297	
5.85012	0.00523813	
5.85043	0.00523366	
5.85073	0.00522956	
5.85104	0.00522509	
5.85135	0.00522099	
5.85165	0.0052169	
5.85196	0.00521317	
5.85226	0.00520907	
5.85257	0.00520535	
5.85287	0.00520162	
5.85318	0.0051979	
5.85348	0.00519417	
5.85379	0.00519045	
5.8541	0.00518709	
5.8544	0.00518337	
5.85471	0.00518002	
5.85501	0.00517666	
5.85532	0.00517331	
5.85562	0.00516996	
5.85593	0.00516661	
5.85623	0.00516325	
5.85654	0.00516027	
5.85685	0.00515692	
5.85715	0.00515394	
5.85746	0.00515059	
5.85776	0.00514761	
5.85807	0.00514463	
5.85837	0.00514165	
5.85868	0.00513867	
5.85899	0.00513569	
5.85929	0.0051327	
5.8596	0.00512972	
5.8599	0.00512674	
5.86021	0.00512414	
5.86051	0.00512116	
5.86082	0.00511818	
5.86112	0.00511557	
5.86143	0.00511259	
5.86174	0.00510998	
5.86204	0.005107	
5.86235	0.00510439	
5.86265	0.00510179	
5.86296	0.0050988	
5.86326	0.0050962	
5.86357	0.00509359	
5.86387	0.00509098	
5.86418	0.00508837	
5.86449	0.00508577	
5.86479	0.00508316	
5.8651	0.00508055	
5.8654	0.00507794	
5.86571	0.00507534	
5.86601	0.00507273	
5.86632	0.00507012	
5.86662	0.00506751	
5.86693	0.00506528	
5.86724	0.00506267	
5.86754	0.00506006	
5.86785	0.00505745	
5.86815	0.00505522	
5.86846	0.00505261	
5.86876	0.00505	
5.86907	0.00504777	
5.86937	0.00504516	
5.86968	0.00504293	
5.86999	0.00504032	
5.87029	0.00503808	
5.8706	0.00503547	
5.8709	0.00503324	
5.87121	0.00503063	
5.87151	0.0050284	
5.87182	0.00502579	
5.87212	0.00502355	
5.87243	0.00502132	
5.87274	0.00501871	
5.87304	0.00501648	
5.87335	0.00501424	
5.87365	0.00501163	
5.87396	0.0050094	
5.87426	0.00500716	
5.87457	0.00500493	
5.87487	0.00500232	
5.87518	0.00500008	
5.87549	0.00499785	
5.87579	0.00499561	
5.8761	0.00499338	
5.8764	0.00499114	
5.87671	0.00498854	
5.87701	0.0049863	
5.87732	0.00498407	
5.87762	0.00498183	
5.87793	0.0049796	
5.87824	0.00497736	
5.87854	0.00497513	
5.87885	0.00497289	
5.87915	0.00497065	
5.87946	0.00496842	
5.87976	0.00496618	
5.88007	0.00496395	
5.88037	0.00496171	
5.88068	0.00495948	
5.88099	0.00495724	
5.88129	0.00495501	
5.8816	0.00495277	
5.8819	0.00495054	
5.88221	0.00494868	
5.88251	0.00494644	
5.88282	0.00494421	
5.88312	0.00494197	
5.88343	0.00493973	
5.88374	0.0049375	
5.88404	0.00493564	
5.88435	0.0049334	
5.88465	0.00493117	
5.88496	0.00492893	
5.88526	0.0049267	
5.88557	0.00492483	
5.88587	0.0049226	
5.88618	0.00492036	
5.88649	0.00491813	
5.88679	0.00491627	
5.8871	0.00491403	
5.8874	0.0049118	
5.88771	0.00490993	
5.88801	0.0049077	
5.88832	0.00490546	
5.88862	0.0049036	
5.88893	0.00490136	
5.88924	0.00489913	
5.88954	0.00489727	
5.88985	0.00489503	
5.89015	0.0048928	
5.89046	0.00489093	
5.89076	0.0048887	
5.89107	0.00488684	
5.89137	0.0048846	
5.89168	0.00488237	
5.89199	0.0048805	
5.89229	0.00487827	
5.8926	0.00487641	
5.8929	0.00487417	
5.89321	0.00487231	
5.89351	0.00487007	
5.89382	0.00486821	
5.89413	0.00486597	
5.89443	0.00486411	
5.89474	0.00486188	
5.89504	0.00486001	
5.89535	0.00485778	
5.89565	0.00485592	
5.89596	0.00485368	
5.89626	0.00485182	
5.89657	0.00484958	
5.89688	0.00484772	
5.89718	0.00484549	
5.89749	0.00484362	
5.89779	0.00484176	
5.8981	0.00483952	
5.8984	0.00483766	
5.89871	0.00483543	
5.89901	0.00483356	
5.89932	0.0048317	
5.89963	0.00482947	
5.89993	0.0048276	
5.90024	0.00482574	
5.90054	0.00482351	
5.90085	0.00482164	
5.90115	0.00481978	
5.90146	0.00481755	
5.90176	0.00481568	
5.90207	0.00481382	
5.90238	0.00481158	
5.90268	0.00480972	
5.90299	0.00480786	
5.90329	0.00480562	
5.9036	0.00480376	
5.9039	0.0048019	
5.90421	0.00480004	
5.90451	0.0047978	
5.90482	0.00479594	
5.90513	0.00479408	
5.90543	0.00479221	
5.90574	0.00478998	
5.90604	0.00478812	
5.90635	0.00478625	
5.90665	0.00478439	
5.90696	0.00478253	
5.90726	0.00478029	
5.90757	0.00477843	
5.90788	0.00477657	
5.90818	0.0047747	
5.90849	0.00477284	
5.90879	0.00477098	
5.9091	0.00476874	
5.9094	0.00476688	
5.90971	0.00476502	
5.91001	0.00476316	
5.91032	0.00476129	
5.91063	0.00475943	
5.91093	0.00475757	
5.91124	0.00475571	
5.91154	0.00475347	
5.91185	0.00475161	
5.91215	0.00474975	
5.91246	0.00474788	
5.91276	0.00474602	
5.91307	0.00474416	
5.91338	0.00474229	
5.91368	0.00474043	
5.91399	0.00473857	
5.91429	0.00473671	
5.9146	0.00473484	
5.9149	0.00473298	
5.91521	0.00473112	
5.91551	0.00472926	
5.91582	0.00472739	
5.91613	0.00472553	
5.91643	0.00472367	
5.91674	0.00472181	
5.91704	0.00471994	
5.91735	0.00471808	
5.91765	0.00471622	
5.91796	0.00471435	
5.91826	0.00471249	
5.91857	0.00471063	
5.91888	0.00470877	
5.91918	0.0047069	
5.91949	0.00470504	
5.91979	0.00470318	
5.9201	0.00470132	
5.9204	0.00469945	
5.92071	0.00469759	
5.92101	0.00469573	
5.92132	0.00469424	
5.92163	0.00469238	
5.92193	0.00469051	
5.92224	0.00468865	
5.92254	0.00468679	
5.92285	0.00468493	
5.92315	0.00468306	
5.92346	0.0046812	
5.92376	0.00467971	
5.92407	0.00467785	
5.92438	0.00467598	
5.92468	0.00467412	
5.92499	0.00467226	
5.92529	0.0046704	
5.9256	0.00466891	
5.9259	0.00466704	
5.92621	0.00466518	
5.92652	0.00466332	
5.92682	0.00466146	
5.92713	0.00465959	
5.92743	0.0046581	
5.92774	0.00465624	
5.92804	0.00465438	
5.92835	0.00465252	
5.92865	0.00465102	
5.92896	0.00464916	
5.92927	0.0046473	
5.92957	0.00464544	
5.92988	0.00464395	
5.93018	0.00464208	
5.93049	0.00464022	
5.93079	0.00463836	
5.9311	0.00463687	
5.9314	0.00463501	
5.93171	0.00463314	
5.93202	0.00463165	
5.93232	0.00462979	
5.93263	0.00462793	
5.93293	0.00462607	
5.93324	0.00462458	
5.93354	0.00462271	
5.93385	0.00462085	
5.93415	0.00461936	
5.93446	0.0046175	
5.93477	0.00461563	
5.93507	0.00461414	
5.93538	0.00461228	
5.93568	0.00461079	
5.93599	0.00460893	
5.93629	0.00460707	
5.9366	0.00460558	
5.9369	0.00460371	
5.93721	0.00460185	
5.93752	0.00460036	
5.93782	0.0045985	
5.93813	0.00459701	
5.93843	0.00459515	
5.93874	0.00459328	
5.93904	0.00459179	
5.93935	0.00458993	
5.93965	0.00458844	
5.93996	0.00458658	
5.94027	0.00458509	
5.94057	0.00458322	
5.94088	0.00458173	
5.94118	0.00457987	
5.94149	0.00457801	
5.94179	0.00457652	
5.9421	0.00457466	
5.9424	0.00457317	
5.94271	0.0045713	
5.94302	0.00456981	
5.94332	0.00456795	
5.94363	0.00456646	
5.94393	0.0045646	
5.94424	0.00456311	
5.94454	0.00456125	
5.94485	0.00455976	
5.94515	0.00455789	
5.94546	0.0045564	
5.94577	0.00455491	
5.94607	0.00455305	
5.94638	0.00455156	
5.94668	0.0045497	
5.94699	0.00454821	
5.94729	0.00454634	
5.9476	0.00454485	
5.9479	0.00454299	
5.94821	0.0045415	
5.94852	0.00454001	
5.94882	0.00453815	
5.94913	0.00453666	
5.94943	0.0045348	
5.94974	0.00453331	
5.95004	0.00453182	
5.95035	0.00452995	
5.95065	0.00452846	
5.95096	0.0045266	
5.95127	0.00452511	
5.95157	0.00452362	
5.95188	0.00452176	
5.95218	0.00452027	
5.95249	0.00451878	
5.95279	0.00451691	
5.9531	0.00451542	
5.9534	0.00451393	
5.95371	0.00451207	
5.95402	0.00451058	
5.95432	0.00450909	
5.95463	0.00450723	
5.95493	0.00450574	
5.95524	0.00450425	
5.95554	0.00450239	
5.95585	0.0045009	
5.95615	0.00449941	
5.95646	0.00449792	
5.95677	0.00449605	
5.95707	0.00449456	
5.95738	0.00449307	
5.95768	0.00449158	
5.95799	0.00448972	
5.95829	0.00448823	
5.9586	0.00448674	
5.9589	0.00448525	
5.95921	0.00448339	
5.95952	0.0044819	
5.95982	0.00448041	
5.96013	0.00447892	
5.96043	0.00447705	
5.96074	0.00447556	
5.96104	0.00447407	
5.96135	0.00447258	
5.96166	0.00447109	
5.96196	0.00446923	
5.96227	0.00446774	
5.96257	0.00446625	
5.96288	0.00446476	
5.96318	0.00446327	
5.96349	0.00446178	
5.96379	0.00445992	
5.9641	0.00445843	
5.96441	0.00445694	
5.96471	0.00445545	
5.96502	0.00445396	
5.96532	0.00445247	
5.96563	0.0044506	
5.96593	0.00444911	
5.96624	0.00444762	
5.96654	0.00444613	
5.96685	0.00444464	
5.96716	0.00444315	
5.96746	0.00444166	
5.96777	0.00444017	
5.96807	0.00443868	
5.96838	0.00443719	
5.96868	0.00443533	
5.96899	0.00443384	
5.96929	0.00443235	
5.9696	0.00443086	
5.96991	0.00442937	
5.97021	0.00442788	
5.97052	0.00442639	
5.97082	0.0044249	
5.97113	0.00442341	
5.97143	0.00442192	
5.97174	0.00442043	
5.97204	0.00441894	
5.97235	0.00441745	
5.97266	0.00441596	
5.97296	0.00441447	
5.97327	0.00441298	
5.97357	0.00441149	
5.97388	0.00441	
5.97418	0.00440851	
5.97449	0.00440702	
5.97479	0.00440553	
5.9751	0.00440404	
5.97541	0.00440255	
5.97571	0.00440106	
5.97602	0.00439957	
5.97632	0.00439808	
5.97663	0.00439659	
5.97693	0.0043951	
5.97724	0.00439361	
5.97754	0.00439212	
5.97785	0.00439063	
5.97816	0.00438914	
5.97846	0.00438765	
5.97877	0.00438616	
5.97907	0.00438504	
5.97938	0.00438355	
5.97968	0.00438206	
5.97999	0.00438057	
5.98029	0.00437908	
5.9806	0.00437759	
5.98091	0.0043761	
5.98121	0.00437461	
5.98152	0.00437312	
5.98182	0.00437163	
5.98213	0.00437051	
5.98243	0.00436902	
5.98274	0.00436753	
5.98304	0.00436604	
5.98335	0.00436455	
5.98366	0.00436306	
5.98396	0.00436157	
5.98427	0.00436045	
5.98457	0.00435896	
5.98488	0.00435747	
5.98518	0.00435598	
5.98549	0.00435449	
5.98579	0.00435337	
5.9861	0.00435188	
5.98641	0.00435039	
5.98671	0.0043489	
5.98702	0.00434741	
5.98732	0.0043463	
5.98763	0.00434481	
5.98793	0.00434332	
5.98824	0.00434183	
5.98854	0.00434034	
5.98885	0.00433922	
5.98916	0.00433773	
5.98946	0.00433624	
5.98977	0.00433475	
5.99007	0.00433363	
5.99038	0.00433214	
5.99068	0.00433065	
5.99099	0.00432916	
5.99129	0.00432804	
5.9916	0.00432655	
5.99191	0.00432506	
5.99221	0.00432394	
5.99252	0.00432245	
5.99282	0.00432096	
5.99313	0.00431947	
5.99343	0.00431836	
5.99374	0.00431687	
5.99405	0.00431538	
5.99435	0.00431426	
5.99466	0.00431277	
5.99496	0.00431128	
5.99527	0.00431016	
5.99557	0.00430867	
5.99588	0.00430718	
5.99618	0.00430606	
5.99649	0.00430457	
5.9968	0.00430308	
5.9971	0.00430197	
5.99741	0.00430048	
5.99771	0.00429899	
5.99802	0.00429787	
5.99832	0.00429638	
5.99863	0.00429526	
5.99893	0.00429377	
5.99924	0.00429228	
5.99955	0.00429116	
5.99985	0.00428967	
6.00016	0.00428855	
6.00046	0.00428706	
6.00077	0.00428557	
6.00107	0.00428446	
6.00138	0.00428297	
6.00168	0.00428185	
6.00199	0.00428036	
6.0023	0.00427887	
6.0026	0.00427775	
6.00291	0.00427626	
6.00321	0.00427514	
6.00352	0.00427365	
6.00382	0.00427254	
6.00413	0.00427105	
6.00443	0.00426993	
6.00474	0.00426844	
6.00505	0.00426732	
6.00535	0.00426583	
6.00566	0.00426471	
6.00596	0.00426322	
6.00627	0.0042621	
6.00657	0.00426061	
6.00688	0.0042595	
6.00718	0.00425801	
6.00749	0.00425689	
6.0078	0.0042554	
6.0081	0.00425428	
6.00841	0.00425279	
6.00871	0.00425167	
6.00902	0.00425018	
6.00932	0.00424907	
6.00963	0.00424758	
6.00993	0.00424646	
6.01024	0.00424497	
6.01055	0.00424385	
6.01085	0.00424273	
6.01116	0.00424124	
6.01146	0.00424013	
6.01177	0.00423864	
6.01207	0.00423752	
6.01238	0.00423603	
6.01268	0.00423491	
6.01299	0.00423379	
6.0133	0.0042323	
6.0136	0.00423118	
6.01391	0.00422969	
6.01421	0.00422858	
6.01452	0.00422746	
6.01482	0.00422597	
6.01513	0.00422485	
6.01543	0.00422373	
6.01574	0.00422224	
6.01605	0.00422113	
6.01635	0.00421964	
6.01666	0.00421852	
6.01696	0.0042174	
6.01727	0.00421591	
6.01757	0.00421479	
6.01788	0.00421368	
6.01818	0.00421219	
6.01849	0.00421107	
6.0188	0.00420995	
6.0191	0.00420846	
6.01941	0.00420734	
6.01971	0.00420623	
6.02002	0.00420474	
6.02032	0.00420362	
6.02063	0.0042025	
6.02093	0.00420138	
6.02124	0.00419989	
6.02155	0.00419877	
6.02185	0.00419766	
6.02216	0.00419617	
6.02246	0.00419505	
6.02277	0.00419393	
6.02307	0.00419281	
6.02338	0.00419132	
6.02368	0.00419021	
6.02399	0.00418909	
6.0243	0.00418797	
6.0246	0.00418648	
6.02491	0.00418536	
6.02521	0.00418425	
6.02552	0.00418313	
6.02582	0.00418201	
6.02613	0.00418052	
6.02643	0.0041794	
6.02674	0.00417829	
6.02705	0.00417717	
6.02735	0.00417605	
6.02766	0.00417456	
6.02796	0.00417344	
6.02827	0.00417233	
6.02857	0.00417121	
6.02888	0.00417009	
6.02919	0.0041686	
6.02949	0.00416748	
6.0298	0.00416636	
6.0301	0.00416525	
6.03041	0.00416413	
6.03071	0.00416301	
6.03102	0.00416189	
6.03132	0.0041604	
6.03163	0.00415929	
6.03194	0.00415817	
6.03224	0.00415705	
6.03255	0.00415593	
6.03285	0.00415482	
6.03316	0.0041537	
6.03346	0.00415258	
6.03377	0.00415109	
6.03407	0.00414997	
6.03438	0.00414886	
6.03469	0.00414774	
6.03499	0.00414662	
6.0353	0.0041455	
6.0356	0.00414439	
6.03591	0.00414327	
6.03621	0.00414215	
6.03652	0.00414103	
6.03682	0.00413992	
6.03713	0.0041388	
6.03744	0.00413731	
6.03774	0.00413619	
6.03805	0.00413507	
6.03835	0.00413395	
6.03866	0.00413284	
6.03896	0.00413172	
6.03927	0.0041306	
6.03957	0.00412948	
6.03988	0.00412837	
6.04019	0.00412725	
6.04049	0.00412613	
6.0408	0.00412501	
6.0411	0.0041239	
6.04141	0.00412278	
6.04171	0.00412166	
6.04202	0.00412054	
6.04232	0.00411943	
6.04263	0.00411831	
6.04294	0.00411719	
6.04324	0.00411607	
6.04355	0.00411496	
6.04385	0.00411384	
6.04416	0.00411272	
6.04446	0.0041116	
6.04477	0.00411049	
6.04507	0.00410974	
6.04538	0.00410862	
6.04569	0.00410751	
6.04599	0.00410639	
6.0463	0.00410527	
6.0466	0.00410415	
6.04691	0.00410303	
6.04721	0.00410192	
6.04752	0.0041008	
6.04782	0.00409968	
6.04813	0.00409856	
6.04844	0.00409745	
6.04874	0.0040967	
6.04905	0.00409558	
6.04935	0.00409447	
6.04966	0.00409335	
6.04996	0.00409223	
6.05027	0.00409111	
6.05057	0.00409	
6.05088	0.00408888	
6.05119	0.00408813	
6.05149	0.00408702	
6.0518	0.0040859	
6.0521	0.00408478	
6.05241	0.00408366	
6.05271	0.00408255	
6.05302	0.00408143	
6.05332	0.00408068	
6.05363	0.00407957	
6.05394	0.00407845	
6.05424	0.00407733	
6.05455	0.00407621	
6.05485	0.00407547	
6.05516	0.00407435	
6.05546	0.00407323	
6.05577	0.00407211	
6.05607	0.004071	
6.05638	0.00407025	
6.05669	0.00406913	
6.05699	0.00406802	
6.0573	0.0040669	
6.0576	0.00406578	
6.05791	0.00406504	
6.05821	0.00406392	
6.05852	0.0040628	
6.05882	0.00406168	
6.05913	0.00406094	
6.05944	0.00405982	
6.05974	0.0040587	
6.06005	0.00405759	
6.06035	0.00405684	
6.06066	0.00405572	
6.06096	0.00405461	
6.06127	0.00405386	
6.06157	0.00405274	
6.06188	0.00405163	
6.06219	0.00405051	
6.06249	0.00404976	
6.0628	0.00404865	
6.0631	0.00404753	
6.06341	0.00404678	
6.06371	0.00404567	
6.06402	0.00404455	
6.06433	0.0040438	
6.06463	0.00404269	
6.06494	0.00404157	
6.06524	0.00404082	
6.06555	0.0040397	
6.06585	0.00403859	
6.06616	0.00403784	
6.06646	0.00403672	
6.06677	0.00403561	
6.06708	0.00403486	
6.06738	0.00403374	
6.06769	0.00403263	
6.06799	0.00403188	
6.0683	0.00403076	
6.0686	0.00403002	
6.06891	0.0040289	
6.06921	0.00402778	
6.06952	0.00402704	
6.06983	0.00402592	
6.07013	0.0040248	
6.07044	0.00402406	
6.07074	0.00402294	
6.07105	0.0040222	
6.07135	0.00402108	
6.07166	0.00402033	
6.07196	0.00401922	
6.07227	0.0040181	
6.07258	0.00401735	
6.07288	0.00401624	
6.07319	0.00401549	
6.07349	0.00401437	
6.0738	0.00401363	
6.0741	0.00401251	
6.07441	0.00401177	
6.07471	0.00401065	
6.07502	0.00400953	
6.07533	0.00400878	
6.07563	0.00400767	
6.07594	0.00400692	
6.07624	0.0040058	
6.07655	0.00400506	
6.07685	0.00400394	
6.07716	0.0040032	
6.07746	0.00400208	
6.07777	0.00400133	
6.07808	0.00400022	
6.07838	0.00399947	
6.07869	0.00399835	
6.07899	0.00399761	
6.0793	0.00399649	
6.0796	0.00399575	
6.07991	0.003995	
6.08021	0.00399388	
6.08052	0.00399314	
6.08083	0.00399202	
6.08113	0.00399128	
6.08144	0.00399016	
6.08174	0.00398941	
6.08205	0.0039883	
6.08235	0.00398755	
6.08266	0.00398681	
6.08296	0.00398569	
6.08327	0.00398494	
6.08358	0.00398383	
6.08388	0.00398308	
6.08419	0.00398196	
6.08449	0.00398122	
6.0848	0.00398047	
6.0851	0.00397936	
6.08541	0.00397861	
6.08571	0.00397749	
6.08602	0.00397675	
6.08633	0.003976	
6.08663	0.00397488	
6.08694	0.00397414	
6.08724	0.00397339	
6.08755	0.00397228	
6.08785	0.00397153	
6.08816	0.00397079	
6.08846	0.00396967	
6.08877	0.00396892	
6.08908	0.00396818	
6.08938	0.00396706	
6.08969	0.00396632	
6.08999	0.00396557	
6.0903	0.00396445	
6.0906	0.00396371	
6.09091	0.00396296	
6.09121	0.00396185	
6.09152	0.0039611	
6.09183	0.00396036	
6.09213	0.00395924	
6.09244	0.00395849	
6.09274	0.00395775	
6.09305	0.00395663	
6.09335	0.00395589	
6.09366	0.00395514	
6.09396	0.0039544	
6.09427	0.00395328	
6.09458	0.00395253	
6.09488	0.00395179	
6.09519	0.00395104	
6.09549	0.00394993	
6.0958	0.00394918	
6.0961	0.00394844	
6.09641	0.00394769	
6.09672	0.00394657	
6.09702	0.00394583	
6.09733	0.00394508	
6.09763	0.00394434	
6.09794	0.00394322	
6.09824	0.00394247	
6.09855	0.00394173	
6.09885	0.00394098	
6.09916	0.00394024	
6.09947	0.00393912	
6.09977	0.00393838	
6.10008	0.00393763	
6.10038	0.00393689	
6.10069	0.00393614	
6.10099	0.00393502	
6.1013	0.00393428	
6.1016	0.00393353	
6.10191	0.00393279	
6.10222	0.00393204	
6.10252	0.0039313	
6.10283	0.00393018	
6.10313	0.00392944	
6.10344	0.00392869	
6.10374	0.00392795	
6.10405	0.0039272	
6.10435	0.00392646	
6.10466	0.00392571	
6.10497	0.00392459	
6.10527	0.00392385	
6.10558	0.0039231	
6.10588	0.00392236	
6.10619	0.00392161	
6.10649	0.00392087	
6.1068	0.00392012	
6.1071	0.00391938	
6.10741	0.00391863	
6.10772	0.00391789	
6.10802	0.00391677	
6.10833	0.00391603	
6.10863	0.00391528	
6.10894	0.00391454	
6.10924	0.00391379	
6.10955	0.00391304	
6.10985	0.0039123	
6.11016	0.00391155	
6.11047	0.00391081	
6.11077	0.00391006	
6.11108	0.00390932	
6.11138	0.00390857	
6.11169	0.00390783	
6.11199	0.00390708	
6.1123	0.00390634	
6.1126	0.00390559	
6.11291	0.00390485	
6.11322	0.0039041	
6.11352	0.00390336	
6.11383	0.00390261	
6.11413	0.00390187	
6.11444	0.00390112	
6.11474	0.00390038	
6.11505	0.00389963	
6.11535	0.00389889	
6.11566	0.00389814	
6.11597	0.0038974	
6.11627	0.00389665	
6.11658	0.00389591	
6.11688	0.00389516	
6.11719	0.00389442	
6.11749	0.00389367	
6.1178	0.00389293	
6.1181	0.00389218	
6.11841	0.00389144	
6.11872	0.00389069	
6.11902	0.00388995	
6.11933	0.0038892	
6.11963	0.00388846	
6.11994	0.00388771	
6.12024	0.00388697	
6.12055	0.00388622	
6.12085	0.00388585	
6.12116	0.00388511	
6.12147	0.00388436	
6.12177	0.00388362	
6.12208	0.00388287	
6.12238	0.00388213	
6.12269	0.00388138	
6.12299	0.00388063	
6.1233	0.00387989	
6.1236	0.00387952	
6.12391	0.00387877	
6.12422	0.00387803	
6.12452	0.00387728	
6.12483	0.00387654	
6.12513	0.00387579	
6.12544	0.00387505	
6.12574	0.00387467	
6.12605	0.00387393	
6.12635	0.00387318	
6.12666	0.00387244	
6.12697	0.00387169	
6.12727	0.00387095	
6.12758	0.00387058	
6.12788	0.00386983	
6.12819	0.00386909	
6.12849	0.00386834	
6.1288	0.0038676	
6.1291	0.00386685	
6.12941	0.00386648	
6.12972	0.00386573	
6.13002	0.00386499	
6.13033	0.00386424	
6.13063	0.00386387	
6.13094	0.00386313	
6.13124	0.00386238	
6.13155	0.00386164	
6.13186	0.00386089	
6.13216	0.00386052	
6.13247	0.00385977	
6.13277	0.00385903	
6.13308	0.00385828	
6.13338	0.00385791	
6.13369	0.00385717	
6.13399	0.00385642	
6.1343	0.00385568	
6.13461	0.0038553	
6.13491	0.00385456	
6.13522	0.00385381	
6.13552	0.00385344	
6.13583	0.0038527	
6.13613	0.00385195	
6.13644	0.00385121	
6.13674	0.00385083	
6.13705	0.00385009	
6.13736	0.00384934	
6.13766	0.00384897	
6.13797	0.00384822	
6.13827	0.00384748	
6.13858	0.00384711	
6.13888	0.00384636	
6.13919	0.00384562	
6.13949	0.00384524	
6.1398	0.0038445	
6.14011	0.00384375	
6.14041	0.00384338	
6.14072	0.00384264	
6.14102	0.00384189	
6.14133	0.00384152	
6.14163	0.00384077	
6.14194	0.00384003	
6.14224	0.00383966	
6.14255	0.00383891	
6.14286	0.00383854	
6.14316	0.00383779	
6.14347	0.00383705	
6.14377	0.00383668	
6.14408	0.00383593	
6.14438	0.00383556	
6.14469	0.00383481	
6.14499	0.00383407	
6.1453	0.0038337	
6.14561	0.00383295	
6.14591	0.00383258	
6.14622	0.00383183	
6.14652	0.00383109	
6.14683	0.00383072	
6.14713	0.00382997	
6.14744	0.0038296	
6.14774	0.00382885	
6.14805	0.00382848	
6.14836	0.00382774	
6.14866	0.00382736	
6.14897	0.00382662	
6.14927	0.00382625	
6.14958	0.0038255	
6.14988	0.00382513	
6.15019	0.00382438	
6.15049	0.00382364	
6.1508	0.00382327	
6.15111	0.00382252	
6.15141	0.00382215	
6.15172	0.0038214	
6.15202	0.00382103	
6.15233	0.00382029	
6.15263	0.00381991	
6.15294	0.00381917	
6.15324	0.0038188	
6.15355	0.00381842	
6.15386	0.00381768	
6.15416	0.0038173	
6.15447	0.00381656	
6.15477	0.00381619	
6.15508	0.00381544	
6.15538	0.00381507	
6.15569	0.00381432	
6.15599	0.00381395	
6.1563	0.00381321	
6.15661	0.00381283	
6.15691	0.00381246	
6.15722	0.00381172	
6.15752	0.00381134	
6.15783	0.0038106	
6.15813	0.00381023	
6.15844	0.00380985	
6.15874	0.00380911	
6.15905	0.00380874	
6.15936	0.00380799	
6.15966	0.00380762	
6.15997	0.00380725	
6.16027	0.0038065	
6.16058	0.00380613	
6.16088	0.00380538	
6.16119	0.00380501	
6.16149	0.00380464	
6.1618	0.00380389	
6.16211	0.00380352	
6.16241	0.00380315	
6.16272	0.0038024	
6.16302	0.00380203	
6.16333	0.00380166	
6.16363	0.00380091	
6.16394	0.00380054	
6.16425	0.00380017	
6.16455	0.00379942	
6.16486	0.00379905	
6.16516	0.00379868	
6.16547	0.00379793	
6.16577	0.00379756	
6.16608	0.00379719	
6.16638	0.00379644	
6.16669	0.00379607	
6.167	0.0037957	
6.1673	0.00379495	
6.16761	0.00379458	
6.16791	0.00379421	
6.16822	0.00379384	
6.16852	0.00379309	
6.16883	0.00379272	
6.16913	0.00379235	
6.16944	0.00379197	
6.16975	0.00379123	
6.17005	0.00379086	
6.17036	0.00379011	
6.17066	0.00378974	
6.17097	0.00378937	
6.17127	0.00378899	
6.17158	0.00378825	
6.17188	0.00378788	
6.17219	0.0037875	
6.1725	0.00378713	
6.1728	0.00378676	
6.17311	0.00378601	
6.17341	0.00378564	
6.17372	0.00378527	
6.17402	0.00378489	
6.17433	0.00378452	
6.17463	0.00378378	
6.17494	0.0037834	
6.17525	0.00378303	
6.17555	0.00378266	
6.17586	0.00378229	
6.17616	0.00378154	
6.17647	0.00378117	
6.17677	0.0037808	
6.17708	0.00378042	
6.17738	0.00378005	
6.17769	0.00377968	
6.178	0.00377931	
6.1783	0.00377856	
6.17861	0.00377819	
6.17891	0.00377782	
6.17922	0.00377744	
6.17952	0.00377707	
6.17983	0.0037767	
6.18013	0.00377633	
6.18044	0.00377595	
6.18075	0.00377521	
6.18105	0.00377484	
6.18136	0.00377446	
6.18166	0.00377409	
6.18197	0.00377372	
6.18227	0.00377335	
6.18258	0.00377297	
6.18288	0.0037726	
6.18319	0.00377223	
6.1835	0.00377186	
6.1838	0.00377148	
6.18411	0.00377111	
6.18441	0.00377074	
6.18472	0.00376999	
6.18502	0.00376962	
6.18533	0.00376925	
6.18563	0.00376888	
6.18594	0.0037685	
6.18625	0.00376813	
6.18655	0.00376776	
6.18686	0.00376739	
6.18716	0.00376701	
6.18747	0.00376664	
6.18777	0.00376627	
6.18808	0.0037659	
6.18838	0.00376552	
6.18869	0.00376515	
6.189	0.00376478	
6.1893	0.00376441	
6.18961	0.00376403	
6.18991	0.00376366	
6.19022	0.00376329	
6.19052	0.00376292	
6.19083	0.00376254	
6.19113	0.00376217	
6.19144	0.0037618	
6.19175	0.00376143	
6.19205	0.00376143	
6.19236	0.00376105	
6.19266	0.00376068	
6.19297	0.00376031	
6.19327	0.00375994	
6.19358	0.00375956	
6.19388	0.00375919	
6.19419	0.00375882	
6.1945	0.00375845	
6.1948	0.00375807	
6.19511	0.0037577	
6.19541	0.00375733	
6.19572	0.00375696	
6.19602	0.00375696	
6.19633	0.00375658	
6.19663	0.00375621	
6.19694	0.00375584	
6.19725	0.00375547	
6.19755	0.00375509	
6.19786	0.00375472	
6.19816	0.00375435	
6.19847	0.00375435	
6.19877	0.00375398	
6.19908	0.0037536	
6.19939	0.00375323	
6.19969	0.00375286	
6.2	0.00375248	
6.2003	0.00375211	
6.20061	0.00375211	
6.20091	0.00375174	
6.20122	0.00375137	
6.20152	0.00375099	
6.20183	0.00375062	
6.20214	0.00375062	
6.20244	0.00375025	
6.20275	0.00374988	
6.20305	0.0037495	
6.20336	0.00374913	
6.20366	0.00374913	
6.20397	0.00374876	
6.20427	0.00374839	
6.20458	0.00374801	
6.20489	0.00374764	
6.20519	0.00374764	
6.2055	0.00374727	
6.2058	0.0037469	
6.20611	0.00374652	
6.20641	0.00374652	
6.20672	0.00374615	
6.20702	0.00374578	
6.20733	0.00374541	
6.20764	0.00374541	
6.20794	0.00374503	
6.20825	0.00374466	
6.20855	0.00374466	
6.20886	0.00374429	
6.20916	0.00374392	
6.20947	0.00374354	
6.20977	0.00374354	
6.21008	0.00374317	
6.21039	0.0037428	
6.21069	0.0037428	
6.211	0.00374243	
6.2113	0.00374205	
6.21161	0.00374205	
6.21191	0.00374168	
6.21222	0.00374131	
6.21252	0.00374131	
6.21283	0.00374094	
6.21314	0.00374056	
6.21344	0.00374056	
6.21375	0.00374019	
6.21405	0.00373982	
6.21436	0.00373982	
6.21466	0.00373945	
6.21497	0.00373907	
6.21527	0.00373907	
6.21558	0.0037387	
6.21589	0.0037387	
6.21619	0.00373833	
6.2165	0.00373796	
6.2168	0.00373796	
6.21711	0.00373758	
6.21741	0.00373758	
6.21772	0.00373721	
6.21802	0.00373684	
6.21833	0.00373684	
6.21864	0.00373647	
6.21894	0.00373647	
6.21925	0.00373609	
6.21955	0.00373609	
6.21986	0.00373572	
6.22016	0.00373535	
6.22047	0.00373535	
6.22077	0.00373498	
6.22108	0.00373498	
6.22139	0.0037346	
6.22169	0.0037346	
6.222	0.00373423	
6.2223	0.00373423	
6.22261	0.00373386	
6.22291	0.00373386	
6.22322	0.00373349	
6.22352	0.00373349	
6.22383	0.00373311	
6.22414	0.00373311	
6.22444	0.00373274	
6.22475	0.00373274	
6.22505	0.00373237	
6.22536	0.00373237	
6.22566	0.003732	
6.22597	0.003732	
6.22627	0.00373162	
6.22658	0.00373162	
6.22689	0.00373125	
6.22719	0.00373125	
6.2275	0.00373125	
6.2278	0.00373088	
6.22811	0.00373088	
6.22841	0.00373051	
6.22872	0.00373051	
6.22902	0.00373013	
6.22933	0.00373013	
6.22964	0.00372976	
6.22994	0.00372976	
6.23025	0.00372976	
6.23055	0.00372939	
6.23086	0.00372939	
6.23116	0.00372902	
6.23147	0.00372902	
6.23177	0.00372902	
6.23208	0.00372864	
6.23239	0.00372864	
6.23269	0.00372864	
6.233	0.00372827	
6.2333	0.00372827	
6.23361	0.0037279	
6.23391	0.0037279	
6.23422	0.0037279	
6.23453	0.00372753	
6.23483	0.00372753	
6.23514	0.00372753	
6.23544	0.00372715	
6.23575	0.00372715	
6.23605	0.00372715	
6.23636	0.00372678	
6.23666	0.00372678	
6.23697	0.00372678	
6.23728	0.00372678	
6.23758	0.00372641	
6.23789	0.00372641	
6.23819	0.00372641	
6.2385	0.00372604	
6.2388	0.00372604	
6.23911	0.00372604	
6.23941	0.00372604	
6.23972	0.00372566	
6.24003	0.00372566	
6.24033	0.00372566	
6.24064	0.00372529	
6.24094	0.00372529	
6.24125	0.00372529	
6.24155	0.00372529	
6.24186	0.00372492	
6.24216	0.00372492	
6.24247	0.00372492	
6.24278	0.00372492	
6.24308	0.00372492	
6.24339	0.00372455	
6.24369	0.00372455	
6.244	0.00372455	
6.2443	0.00372455	
6.24461	0.00372455	
6.24491	0.00372417	
6.24522	0.00372417	
6.24553	0.00372417	
6.24583	0.00372417	
6.24614	0.00372417	
6.24644	0.0037238	
6.24675	0.0037238	
6.24705	0.0037238	
6.24736	0.0037238	
6.24766	0.0037238	
6.24797	0.0037238	
6.24828	0.0037238	
6.24858	0.00372343	
6.24889	0.00372343	
6.24919	0.00372343	
6.2495	0.00372343	
6.2498	0.00372343	
6.25011	0.00372343	
6.25041	0.00372343	
6.25072	0.00372343	
6.25103	0.00372343	
6.25133	0.00372306	
6.25164	0.00372306	
6.25194	0.00372306	
6.25225	0.00372306	
6.25255	0.00372306	
6.25286	0.00372306	
6.25316	0.00372306	
6.25347	0.00372306	
6.25378	0.00372306	
6.25408	0.00372306	
6.25439	0.00372306	
6.25469	0.00372306	
6.255	0.00372306	
6.2553	0.00372306	
6.25561	0.00372306	
6.25591	0.00372306	
6.25622	0.00372306	
6.25653	0.00372306	
6.25683	0.00372306	
6.25714	0.00372306	
6.25744	0.00372306	
6.25775	0.00372306	
6.25805	0.00372306	
6.25836	0.00372306	
6.25866	0.00372306	
6.25897	0.00372306	
6.25928	0.00372306	
6.25958	0.00372306	
6.25989	0.00372306	
6.26019	0.00372306	
6.2605	0.00372306	
6.2608	0.00372306	
6.26111	0.00372306	
6.26141	0.00372306	
6.26172	0.00372306	
6.26203	0.00372306	
6.26233	0.00372306	
6.26264	0.00372306	
6.26294	0.00372306	
6.26325	0.00372306	
6.26355	0.00372306	
6.26386	0.00372343	
6.26416	0.00372343	
6.26447	0.00372343	
6.26478	0.00372343	
6.26508	0.00372343	
6.26539	0.00372343	
6.26569	0.00372343	
6.266	0.00372343	
6.2663	0.0037238	
6.26661	0.0037238	
6.26692	0.0037238	
6.26722	0.0037238	
6.26753	0.0037238	
6.26783	0.0037238	
6.26814	0.0037238	
6.26844	0.00372417	
6.26875	0.00372417	
6.26905	0.00372417	
6.26936	0.00372417	
6.26967	0.00372417	
6.26997	0.00372455	
6.27028	0.00372455	
6.27058	0.00372455	
6.27089	0.00372455	
6.27119	0.00372455	
6.2715	0.00372492	
6.2718	0.00372492	
6.27211	0.00372492	
6.27242	0.00372492	
6.27272	0.00372529	
6.27303	0.00372529	
6.27333	0.00372529	
6.27364	0.00372529	
6.27394	0.00372566	
6.27425	0.00372566	
6.27455	0.00372566	
6.27486	0.00372566	
6.27517	0.00372604	
6.27547	0.00372604	
6.27578	0.00372604	
6.27608	0.00372604	
6.27639	0.00372641	
6.27669	0.00372641	
6.277	0.00372641	
6.2773	0.00372678	
6.27761	0.00372678	
6.27792	0.00372678	
6.27822	0.00372715	
6.27853	0.00372715	
6.27883	0.00372715	
6.27914	0.00372753	
6.27944	0.00372753	
6.27975	0.00372753	
6.28005	0.0037279	
6.28036	0.0037279	
6.28067	0.0037279	
6.28097	0.00372827	
6.28128	0.00372827	
6.28158	0.00372864	
6.28189	0.00372864	
6.28219	0.00372864	
6.2825	0.00372902	
6.2828	0.00372902	
6.28311	0.00372939	
6.28342	0.00372939	
6.28372	0.00372939	
6.28403	0.00372976	
6.28433	0.00372976	
6.28464	0.00373013	
6.28494	0.00373013	
6.28525	0.00373013	
6.28555	0.00373051	
6.28586	0.00373051	
6.28617	0.00373088	
6.28647	0.00373088	
6.28678	0.00373125	
6.28708	0.00373125	
6.28739	0.00373162	
6.28769	0.00373162	
6.288	0.003732	
6.2883	0.003732	
6.28861	0.00373237	
6.28892	0.00373237	
6.28922	0.00373274	
6.28953	0.00373274	
6.28983	0.00373311	
6.29014	0.00373311	
6.29044	0.00373349	
6.29075	0.00373349	
6.29105	0.00373386	
6.29136	0.00373386	
6.29167	0.00373423	
6.29197	0.00373423	
6.29228	0.0037346	
6.29258	0.00373498	
6.29289	0.00373498	
6.29319	0.00373535	
6.2935	0.00373535	
6.2938	0.00373572	
6.29411	0.00373572	
6.29442	0.00373609	
6.29472	0.00373647	
6.29503	0.00373647	
6.29533	0.00373684	
6.29564	0.00373684	
6.29594	0.00373721	
6.29625	0.00373758	
6.29655	0.00373758	
6.29686	0.00373796	
6.29717	0.00373833	
6.29747	0.00373833	
6.29778	0.0037387	
6.29808	0.00373907	
6.29839	0.00373907	
6.29869	0.00373945	
6.299	0.00373982	
6.2993	0.00373982	
6.29961	0.00374019	
6.29992	0.00374056	
6.30022	0.00374056	
6.30053	0.00374094	
6.30083	0.00374131	
6.30114	0.00374131	
6.30144	0.00374168	
6.30175	0.00374205	
6.30206	0.00374243	
6.30236	0.00374243	
6.30267	0.0037428	
6.30297	0.00374317	
6.30328	0.00374354	
6.30358	0.00374354	
6.30389	0.00374392	
6.30419	0.00374429	
6.3045	0.00374466	
6.30481	0.00374466	
6.30511	0.00374503	
6.30542	0.00374541	
6.30572	0.00374578	
6.30603	0.00374578	
6.30633	0.00374615	
6.30664	0.00374652	
6.30694	0.0037469	
6.30725	0.00374727	
6.30756	0.00374764	
6.30786	0.00374764	
6.30817	0.00374801	
6.30847	0.00374839	
6.30878	0.00374876	
6.30908	0.00374913	
6.30939	0.0037495	
6.30969	0.0037495	
6.31	0.00374988	
6.31031	0.00375025	
6.31061	0.00375062	
6.31092	0.00375099	
6.31122	0.00375137	
6.31153	0.00375174	
6.31183	0.00375211	
6.31214	0.00375211	
6.31244	0.00375248	
6.31275	0.00375286	
6.31306	0.00375323	
6.31336	0.0037536	
6.31367	0.00375398	
6.31397	0.00375435	
6.31428	0.00375472	
6.31458	0.00375509	
6.31489	0.00375547	
6.31519	0.00375584	
6.3155	0.00375621	
6.31581	0.00375658	
6.31611	0.00375696	
6.31642	0.00375733	
6.31672	0.0037577	
6.31703	0.00375807	
6.31733	0.00375845	
6.31764	0.00375882	
6.31794	0.00375919	
6.31825	0.00375956	
6.31856	0.00375994	
6.31886	0.00376031	
6.31917	0.00376068	
6.31947	0.00376105	
6.31978	0.00376143	
6.32008	0.0037618	
6.32039	0.00376217	
6.32069	0.00376254	
6.321	0.00376292	
6.32131	0.00376329	
6.32161	0.00376366	
6.32192	0.00376403	
6.32222	0.00376441	
6.32253	0.00376478	
6.32283	0.00376515	
6.32314	0.0037659	
6.32344	0.00376627	
6.32375	0.00376664	
6.32406	0.00376701	
6.32436	0.00376739	
6.32467	0.00376776	
6.32497	0.00376813	
6.32528	0.0037685	
6.32558	0.00376925	
6.32589	0.00376962	
6.32619	0.00376999	
6.3265	0.00377037	
6.32681	0.00377074	
6.32711	0.00377111	
6.32742	0.00377186	
6.32772	0.00377223	
6.32803	0.0037726	
6.32833	0.00377297	
6.32864	0.00377335	
6.32894	0.00377409	
6.32925	0.00377446	
6.32956	0.00377484	
6.32986	0.00377521	
6.33017	0.00377558	
6.33047	0.00377633	
6.33078	0.0037767	
6.33108	0.00377707	
6.33139	0.00377744	
6.33169	0.00377819	
6.332	0.00377856	
6.33231	0.00377893	
6.33261	0.00377968	
6.33292	0.00378005	
6.33322	0.00378042	
6.33353	0.0037808	
6.33383	0.00378154	
6.33414	0.00378191	
6.33445	0.00378229	
6.33475	0.00378303	
6.33506	0.0037834	
6.33536	0.00378378	
6.33567	0.00378452	
6.33597	0.00378489	
6.33628	0.00378527	
6.33658	0.00378601	
6.33689	0.00378639	
6.3372	0.00378676	
6.3375	0.0037875	
6.33781	0.00378788	
6.33811	0.00378862	
6.33842	0.00378899	
6.33872	0.00378937	
6.33903	0.00379011	
6.33933	0.00379048	
6.33964	0.00379123	
6.33995	0.0037916	
6.34025	0.00379197	
6.34056	0.00379272	
6.34086	0.00379309	
6.34117	0.00379384	
6.34147	0.00379421	
6.34178	0.00379495	
6.34208	0.00379533	
6.34239	0.00379607	
6.3427	0.00379644	
6.343	0.00379719	
6.34331	0.00379756	
6.34361	0.00379831	
6.34392	0.00379868	
6.34422	0.00379942	
6.34453	0.0037998	
6.34483	0.00380054	
6.34514	0.00380091	
6.34545	0.00380166	
6.34575	0.00380203	
6.34606	0.00380278	
6.34636	0.00380315	
6.34667	0.00380389	
6.34697	0.00380427	
6.34728	0.00380501	
6.34758	0.00380576	
6.34789	0.00380613	
6.3482	0.00380687	
6.3485	0.00380725	
6.34881	0.00380799	
6.34911	0.00380874	
6.34942	0.00380911	
6.34972	0.00380985	
6.35003	0.00381023	
6.35033	0.00381097	
6.35064	0.00381172	
6.35095	0.00381209	
6.35125	0.00381283	
6.35156	0.00381358	
6.35186	0.00381395	
6.35217	0.0038147	
6.35247	0.00381544	
6.35278	0.00381581	
6.35308	0.00381656	
6.35339	0.0038173	
6.3537	0.00381768	
6.354	0.00381842	
6.35431	0.00381917	
6.35461	0.00381991	
6.35492	0.00382029	
6.35522	0.00382103	
6.35553	0.00382178	
6.35583	0.00382215	
6.35614	0.00382289	
6.35645	0.00382364	
6.35675	0.00382438	
6.35706	0.00382513	
6.35736	0.0038255	
6.35767	0.00382625	
6.35797	0.00382699	
6.35828	0.00382774	
6.35858	0.00382811	
6.35889	0.00382885	
6.3592	0.0038296	
6.3595	0.00383034	
6.35981	0.00383109	
6.36011	0.00383183	
6.36042	0.00383221	
6.36072	0.00383295	
6.36103	0.0038337	
6.36133	0.00383444	
6.36164	0.00383519	
6.36195	0.00383593	
6.36225	0.00383668	
6.36256	0.00383742	
6.36286	0.00383779	
6.36317	0.00383854	
6.36347	0.00383928	
6.36378	0.00384003	
6.36408	0.00384077	
6.36439	0.00384152	
6.3647	0.00384226	
6.365	0.00384301	
6.36531	0.00384375	
6.36561	0.0038445	
6.36592	0.00384524	
6.36622	0.00384599	
6.36653	0.00384673	
6.36683	0.00384748	
6.36714	0.00384822	
6.36745	0.00384897	
6.36775	0.00384971	
6.36806	0.00385046	
6.36836	0.00385121	
6.36867	0.00385195	
6.36897	0.0038527	
6.36928	0.00385344	
6.36959	0.00385419	
6.36989	0.00385493	
6.3702	0.00385568	
6.3705	0.00385642	
6.37081	0.00385717	
6.37111	0.00385791	
6.37142	0.00385866	
6.37172	0.0038594	
6.37203	0.00386015	
6.37234	0.00386126	
6.37264	0.00386201	
6.37295	0.00386275	
6.37325	0.0038635	
6.37356	0.00386424	
6.37386	0.00386499	
6.37417	0.00386573	
6.37447	0.00386648	
6.37478	0.0038676	
6.37509	0.00386834	
6.37539	0.00386909	
6.3757	0.00386983	
6.376	0.00387058	
6.37631	0.00387169	
6.37661	0.00387244	
6.37692	0.00387318	
6.37722	0.00387393	
6.37753	0.00387467	
6.37784	0.00387579	
6.37814	0.00387654	
6.37845	0.00387728	
6.37875	0.00387803	
6.37906	0.00387914	
6.37936	0.00387989	
6.37967	0.00388063	
6.37997	0.00388175	
6.38028	0.0038825	
6.38059	0.00388324	
6.38089	0.00388399	
6.3812	0.00388511	
6.3815	0.00388585	
6.38181	0.0038866	
6.38211	0.00388771	
6.38242	0.00388846	
6.38272	0.0038892	
6.38303	0.00389032	
6.38334	0.00389107	
6.38364	0.00389181	
6.38395	0.00389293	
6.38425	0.00389367	
6.38456	0.00389479	
6.38486	0.00389554	
6.38517	0.00389628	
6.38547	0.0038974	
6.38578	0.00389814	
6.38609	0.00389926	
6.38639	0.00390001	
6.3867	0.00390112	
6.387	0.00390187	
6.38731	0.00390299	
6.38761	0.00390373	
6.38792	0.00390448	
6.38822	0.00390559	
6.38853	0.00390634	
6.38884	0.00390746	
6.38914	0.0039082	
6.38945	0.00390932	
6.38975	0.00391044	
6.39006	0.00391118	
6.39036	0.0039123	
6.39067	0.00391304	
6.39097	0.00391416	
6.39128	0.00391491	
6.39159	0.00391603	
6.39189	0.00391677	
6.3922	0.00391789	
6.3925	0.00391901	
6.39281	0.00391975	
6.39311	0.00392087	
6.39342	0.00392161	
6.39372	0.00392273	
6.39403	0.00392385	
6.39434	0.00392459	
6.39464	0.00392571	
6.39495	0.00392683	
6.39525	0.00392757	
6.39556	0.00392869	
6.39586	0.00392981	
6.39617	0.00393055	
6.39647	0.00393167	
6.39678	0.00393279	
6.39709	0.00393353	
6.39739	0.00393465	
6.3977	0.00393577	
6.398	0.00393689	
6.39831	0.00393763	
6.39861	0.00393875	
6.39892	0.00393987	
6.39922	0.00394098	
6.39953	0.00394173	
6.39984	0.00394285	
6.40014	0.00394396	
6.40045	0.00394508	
6.40075	0.0039462	
6.40106	0.00394695	
6.40136	0.00394806	
6.40167	0.00394918	
6.40197	0.0039503	
6.40228	0.00395142	
6.40259	0.00395253	
6.40289	0.00395328	
6.4032	0.0039544	
6.4035	0.00395551	
6.40381	0.00395663	
6.40411	0.00395775	
6.40442	0.00395887	
6.40473	0.00395998	
6.40503	0.0039611	
6.40534	0.00396222	
6.40564	0.00396334	
6.40595	0.00396445	
6.40625	0.00396557	
6.40656	0.00396669	
6.40686	0.00396781	
6.40717	0.00396855	
6.40748	0.00396967	
6.40778	0.00397079	
6.40809	0.0039719	
6.40839	0.00397339	
6.4087	0.00397451	
6.409	0.00397563	
6.40931	0.00397675	
6.40961	0.00397786	
6.40992	0.00397898	
6.41023	0.0039801	
6.41053	0.00398122	
6.41084	0.00398234	
6.41114	0.00398345	
6.41145	0.00398457	
6.41175	0.00398569	
6.41206	0.00398681	
6.41236	0.0039883	
6.41267	0.00398941	
6.41298	0.00399053	
6.41328	0.00399165	
6.41359	0.00399277	
6.41389	0.00399388	
6.4142	0.00399537	
6.4145	0.00399649	
6.41481	0.00399761	
6.41511	0.00399873	
6.41542	0.00399984	
6.41573	0.00400133	
6.41603	0.00400245	
6.41634	0.00400357	
6.41664	0.00400469	
6.41695	0.00400618	
6.41725	0.00400729	
6.41756	0.00400841	
6.41786	0.00400953	
6.41817	0.00401102	
6.41848	0.00401214	
6.41878	0.00401326	
6.41909	0.00401475	
6.41939	0.00401586	
6.4197	0.00401698	
6.42	0.00401847	
6.42031	0.00401959	
6.42061	0.00402108	
6.42092	0.0040222	
6.42123	0.00402331	
6.42153	0.0040248	
6.42184	0.00402592	
6.42214	0.00402741	
6.42245	0.00402853	
6.42275	0.00403002	
6.42306	0.00403114	
6.42336	0.00403263	
6.42367	0.00403374	
6.42398	0.00403523	
6.42428	0.00403635	
6.42459	0.00403784	
6.42489	0.00403896	
6.4252	0.00404045	
6.4255	0.00404157	
6.42581	0.00404306	
6.42611	0.00404418	
6.42642	0.00404567	
6.42673	0.00404678	
6.42703	0.00404827	
6.42734	0.00404976	
6.42764	0.00405088	
6.42795	0.00405237	
6.42825	0.00405386	
6.42856	0.00405498	
6.42886	0.00405647	
6.42917	0.00405796	
6.42948	0.00405908	
6.42978	0.00406057	
6.43009	0.00406206	
6.43039	0.00406317	
6.4307	0.00406466	
6.431	0.00406615	
6.43131	0.00406764	
6.43161	0.00406876	
6.43192	0.00407025	
6.43223	0.00407174	
6.43253	0.00407323	
6.43284	0.00407435	
6.43314	0.00407584	
6.43345	0.00407733	
6.43375	0.00407882	
6.43406	0.00408031	
6.43436	0.0040818	
6.43467	0.00408329	
6.43498	0.00408441	
6.43528	0.0040859	
6.43559	0.00408739	
6.43589	0.00408888	
6.4362	0.00409037	
6.4365	0.00409186	
6.43681	0.00409335	
6.43712	0.00409484	
6.43742	0.00409633	
6.43773	0.00409782	
6.43803	0.00409931	
6.43834	0.0041008	
6.43864	0.00410229	
6.43895	0.00410378	
6.43925	0.00410527	
6.43956	0.00410676	
6.43987	0.00410825	
6.44017	0.00410974	
6.44048	0.00411123	
6.44078	0.00411309	
6.44109	0.00411458	
6.44139	0.00411607	
6.4417	0.00411756	
6.442	0.00411905	
6.44231	0.00412054	
6.44262	0.00412203	
6.44292	0.0041239	
6.44323	0.00412539	
6.44353	0.00412688	
6.44384	0.00412837	
6.44414	0.00413023	
6.44445	0.00413172	
6.44475	0.00413321	
6.44506	0.0041347	
6.44537	0.00413656	
6.44567	0.00413805	
6.44598	0.00413954	
6.44628	0.00414141	
6.44659	0.0041429	
6.44689	0.00414476	
6.4472	0.00414625	
6.4475	0.00414774	
6.44781	0.0041496	
6.44812	0.00415109	
6.44842	0.00415295	
6.44873	0.00415444	
6.44903	0.00415631	
6.44934	0.0041578	
6.44964	0.00415966	
6.44995	0.00416115	
6.45025	0.00416301	
6.45056	0.0041645	
6.45087	0.00416636	
6.45117	0.00416823	
6.45148	0.00416972	
6.45178	0.00417158	
6.45209	0.00417307	
6.45239	0.00417493	
6.4527	0.0041768	
6.453	0.00417829	
6.45331	0.00418015	
6.45362	0.00418201	
6.45392	0.00418387	
6.45423	0.00418536	
6.45453	0.00418723	
6.45484	0.00418909	
6.45514	0.00419095	
6.45545	0.00419281	
6.45575	0.0041943	
6.45606	0.00419617	
6.45637	0.00419803	
6.45667	0.00419989	
6.45698	0.00420175	
6.45728	0.00420362	
6.45759	0.00420548	
6.45789	0.00420734	
6.4582	0.00420921	
6.4585	0.00421107	
6.45881	0.00421293	
6.45912	0.00421479	
6.45942	0.00421666	
6.45973	0.00421852	
6.46003	0.00422038	
6.46034	0.00422224	
6.46064	0.00422448	
6.46095	0.00422634	
6.46125	0.0042282	
6.46156	0.00423007	
6.46187	0.00423193	
6.46217	0.00423416	
6.46248	0.00423603	
6.46278	0.00423789	
6.46309	0.00424013	
6.46339	0.00424199	
6.4637	0.00424385	
6.464	0.00424609	
6.46431	0.00424795	
6.46462	0.00425018	
6.46492	0.00425205	
6.46523	0.00425428	
6.46553	0.00425614	
6.46584	0.00425838	
6.46614	0.00426024	
6.46645	0.00426248	
6.46675	0.00426471	
6.46706	0.00426657	
6.46737	0.00426881	
6.46767	0.00427105	
6.46798	0.00427328	
6.46828	0.00427514	
6.46859	0.00427738	
6.46889	0.00427961	
6.4692	0.00428185	
6.4695	0.00428408	
6.46981	0.00428632	
6.47012	0.00428855	
6.47042	0.00429079	
6.47073	0.00429302	
6.47103	0.00429526	
6.47134	0.00429749	
6.47164	0.00429973	
6.47195	0.00430197	
6.47226	0.00430457	
6.47256	0.00430681	
6.47287	0.00430904	
6.47317	0.00431128	
6.47348	0.00431389	
6.47378	0.00431612	
6.47409	0.00431873	
6.47439	0.00432096	
6.4747	0.00432357	
6.47501	0.00432581	
6.47531	0.00432841	
6.47562	0.00433102	
6.47592	0.00433326	
6.47623	0.00433587	
6.47653	0.00433847	
6.47684	0.00434108	
6.47714	0.00434369	
6.47745	0.0043463	
6.47776	0.0043489	
6.47806	0.00435151	
6.47837	0.00435412	
6.47867	0.00435673	
6.47898	0.00435933	
6.47928	0.00436231	
6.47959	0.00436492	
6.47989	0.00436753	
6.4802	0.00437051	
6.48051	0.00437312	
6.48081	0.0043761	
6.48112	0.00437908	
6.48142	0.00438169	
6.48173	0.00438467	
6.48203	0.00438765	
6.48234	0.00439063	
6.48264	0.00439361	
6.48295	0.00439659	
6.48326	0.00439994	
6.48356	0.00440292	
6.48387	0.0044059	
6.48417	0.00440925	
6.48448	0.00441223	
6.48478	0.00441559	
6.48509	0.00441894	
6.48539	0.00442229	
6.4857	0.00442564	
6.48601	0.004429	
6.48631	0.00443235	
6.48662	0.0044357	
6.48692	0.00443943	
6.48723	0.00444278	
6.48753	0.00444651	
6.48784	0.00445023	
6.48814	0.00445396	
6.48845	0.00445768	
6.48876	0.00446141	
6.48906	0.00446551	
6.48937	0.00446923	
6.48967	0.00447333	
6.48998	0.00447743	
6.49028	0.00448152	
6.49059	0.00448562	
6.49089	0.00449009	
6.4912	0.00449419	
6.49151	0.00449866	
6.49181	0.00450313	
6.49212	0.00450797	
6.49242	0.00451244	
6.49273	0.00451729	
6.49303	0.00452213	
6.49334	0.00452697	
6.49364	0.00453219	
6.49395	0.0045374	
6.49426	0.00454262	
6.49456	0.00454783	
6.49487	0.00455342	
6.49517	0.00455901	
6.49548	0.00456497	
6.49578	0.00457056	
6.49609	0.00457689	
6.49639	0.00458285	
6.4967	0.00458919	
6.49701	0.00459589	
6.49731	0.0046026	
6.49762	0.0046093	
6.49792	0.00461638	
6.49823	0.00462383	
6.49853	0.00463128	
6.49884	0.0046391	
6.49914	0.00464693	
6.49945	0.00465512	
6.49976	0.00466369	
6.50006	0.00467263	
6.50037	0.00468157	
6.50067	0.00469126	
6.50098	0.00470094	
6.50128	0.004711	
6.50159	0.00472143	
6.50189	0.00473224	
6.5022	0.00474378	
6.50251	0.00475571	
6.50281	0.004768	
6.50312	0.00478067	
6.50342	0.00479408	
6.50373	0.00480823	
6.50403	0.00482276	
6.50434	0.00483841	
6.50465	0.00485443	
6.50495	0.00487156	
6.50526	0.00488944	
6.50556	0.00490807	
6.50587	0.00492781	
6.50617	0.00494868	
6.50648	0.00497103	
6.50678	0.0049945	
6.50709	0.00501946	
6.5074	0.00504591	
6.5077	0.00507385	
6.50801	0.00510402	
6.50831	0.00513606	
6.50862	0.00517033	
6.50892	0.00520721	
6.50923	0.0052467	
6.50953	0.00528917	
6.50984	0.00533536	
6.51015	0.00538491	
6.51045	0.00543892	
6.51076	0.00549741	
6.51106	0.00556149	
6.51137	0.00563115	
6.51167	0.00570789	
6.51198	0.00579208	
6.51228	0.00588521	
6.51259	0.0059884	
6.5129	0.00610277	
6.5132	0.00623055	
6.51351	0.0063736	
6.51381	0.00653453	
6.51412	0.0067167	
6.51442	0.00692382	
6.51473	0.00716001	
6.51503	0.00743158	
6.51534	0.00774525	
6.51565	0.00810958	
6.51595	0.00853613	
6.51626	0.00903867	
6.51656	0.00963472	
6.51687	0.0103466	
6.51717	0.0112019	
6.51748	0.0122346	
6.51778	0.0134844	
6.51809	0.0149947	
6.5184	0.0168025	
6.5187	0.0189222	
6.51901	0.0213161	
6.51931	0.0238631	
6.51962	0.0263464	
6.51992	0.028472	
6.52023	0.0299226	
6.52053	0.030442	
6.52084	0.0299279	
6.52115	0.0284821	
6.52145	0.0263616	
6.52176	0.0238836	
6.52206	0.0213414	
6.52237	0.0189532	
6.52267	0.0168383	
6.52298	0.0150356	
6.52328	0.0135303	
6.52359	0.0122856	
6.5239	0.0112578	
6.5242	0.0104077	
6.52451	0.00970103	
6.52481	0.0091102	
6.52512	0.00861287	
6.52542	0.00819117	
6.52573	0.00783168	
6.52603	0.00752322	
6.52634	0.00725687	
6.52665	0.0070259	
6.52695	0.00682399	
6.52726	0.00664704	
6.52756	0.00649095	
6.52787	0.00635274	
6.52817	0.00623018	
6.52848	0.00612102	
6.52878	0.00602305	
6.52909	0.00593513	
6.5294	0.00585578	
6.5297	0.00578426	
6.53001	0.00571944	
6.53031	0.00566058	
6.53062	0.00560731	
6.53092	0.00555851	
6.53123	0.0055138	
6.53153	0.00547282	
6.53184	0.00543557	
6.53215	0.00540093	
6.53245	0.00536926	
6.53276	0.0053402	
6.53306	0.00531301	
6.53337	0.00528842	
6.53367	0.00526533	
6.53398	0.00524409	
6.53428	0.00522435	
6.53459	0.00520572	
6.5349	0.00518896	
6.5352	0.00517294	
6.53551	0.00515841	
6.53581	0.00514463	
6.53612	0.00513196	
6.53642	0.00512004	
6.53673	0.00510924	
6.53703	0.0050988	
6.53734	0.00508912	
6.53765	0.00508018	
6.53795	0.00507198	
6.53826	0.00506416	
6.53856	0.00505708	
6.53887	0.00505038	
6.53917	0.00504442	
6.53948	0.00503846	
6.53979	0.00503324	
6.54009	0.00502802	
6.5404	0.00502355	
6.5407	0.00501908	
6.54101	0.00501536	
6.54131	0.00501163	
6.54162	0.00500828	
6.54192	0.0050053	
6.54223	0.00500232	
6.54254	0.00499971	
6.54284	0.00499748	
6.54315	0.00499524	
6.54345	0.00499338	
6.54376	0.00499152	
6.54406	0.00499003	
6.54437	0.00498891	
6.54467	0.00498742	
6.54498	0.00498667	
6.54529	0.00498556	
6.54559	0.00498481	
6.5459	0.00498444	
6.5462	0.00498369	
6.54651	0.00498369	
6.54681	0.00498332	
6.54712	0.00498332	
6.54742	0.00498332	
6.54773	0.00498332	
6.54804	0.00498369	
6.54834	0.00498407	
6.54865	0.00498444	
6.54895	0.00498481	
6.54926	0.00498556	
6.54956	0.0049863	
6.54987	0.00498705	
6.55017	0.00498779	
6.55048	0.00498891	
6.55079	0.00499003	
6.55109	0.00499114	
6.5514	0.00499226	
6.5517	0.00499338	
6.55201	0.0049945	
6.55231	0.00499599	
6.55262	0.00499748	
6.55292	0.00499897	
6.55323	0.00500046	
6.55354	0.00500195	
6.55384	0.00500344	
6.55415	0.0050053	
6.55445	0.00500679	
6.55476	0.00500865	
6.55506	0.00501052	
6.55537	0.00501238	
6.55567	0.00501424	
6.55598	0.0050161	
6.55629	0.00501797	
6.55659	0.0050202	
6.5569	0.00502206	
6.5572	0.0050243	
6.55751	0.00502653	
6.55781	0.0050284	
6.55812	0.00503063	
6.55842	0.00503287	
6.55873	0.0050351	
6.55904	0.00503771	
6.55934	0.00503995	
6.55965	0.00504218	
6.55995	0.00504479	
6.56026	0.00504702	
6.56056	0.00504963	
6.56087	0.00505187	
6.56117	0.00505447	
6.56148	0.00505708	
6.56179	0.00505969	
6.56209	0.0050623	
6.5624	0.0050649	
6.5627	0.00506751	
6.56301	0.00507012	
6.56331	0.00507273	
6.56362	0.00507534	
6.56392	0.00507832	
6.56423	0.00508092	
6.56454	0.00508353	
6.56484	0.00508651	
6.56515	0.00508912	
6.56545	0.0050921	
6.56576	0.00509508	
6.56606	0.00509769	
6.56637	0.00510067	
6.56667	0.00510365	
6.56698	0.00510663	
6.56729	0.00510961	
6.56759	0.00511259	
6.5679	0.00511557	
6.5682	0.00511855	
6.56851	0.00512153	
6.56881	0.00512451	
6.56912	0.00512786	
6.56942	0.00513084	
6.56973	0.00513382	
6.57004	0.0051368	
6.57034	0.00514016	
6.57065	0.00514314	
6.57095	0.00514649	
6.57126	0.00514947	
6.57156	0.00515282	
6.57187	0.00515617	
6.57217	0.00515915	
6.57248	0.00516251	
6.57279	0.00516586	
6.57309	0.00516884	
6.5734	0.00517219	
6.5737	0.00517555	
6.57401	0.0051789	
6.57431	0.00518225	
6.57462	0.0051856	
6.57493	0.00518896	
6.57523	0.00519231	
6.57554	0.00519566	
6.57584	0.00519902	
6.57615	0.00520274	
6.57645	0.00520609	
6.57676	0.00520945	
6.57706	0.0052128	
6.57737	0.00521652	
6.57768	0.00521988	
6.57798	0.00522323	
6.57829	0.00522695	
6.57859	0.00523031	
6.5789	0.00523403	
6.5792	0.00523739	
6.57951	0.00524111	
6.57981	0.00524446	
6.58012	0.00524819	
6.58043	0.00525191	
6.58073	0.00525527	
6.58104	0.00525899	
6.58134	0.00526272	
6.58165	0.00526644	
6.58195	0.00527017	
6.58226	0.00527389	
6.58256	0.00527725	
6.58287	0.00528097	
6.58318	0.0052847	
6.58348	0.00528842	
6.58379	0.00529215	
6.58409	0.00529587	
6.5844	0.00529997	
6.5847	0.0053037	
6.58501	0.00530742	
6.58531	0.00531115	
6.58562	0.00531487	
6.58593	0.00531897	
6.58623	0.00532269	
6.58654	0.00532642	
6.58684	0.00533015	
6.58715	0.00533424	
6.58745	0.00533797	
6.58776	0.00534207	
6.58806	0.00534579	
6.58837	0.00534989	
6.58868	0.00535361	
6.58898	0.00535771	
6.58929	0.00536144	
6.58959	0.00536554	
6.5899	0.00536963	
6.5902	0.00537336	
6.59051	0.00537746	
6.59081	0.00538155	
6.59112	0.00538565	
6.59143	0.00538938	
6.59173	0.00539348	
6.59204	0.00539757	
6.59234	0.00540167	
6.59265	0.00540577	
6.59295	0.00540987	
6.59326	0.00541396	
6.59356	0.00541806	
6.59387	0.00542216	
6.59418	0.00542626	
6.59448	0.00543036	
6.59479	0.00543445	
6.59509	0.00543892	
6.5954	0.00544302	
6.5957	0.00544712	
6.59601	0.00545122	
6.59631	0.00545569	
6.59662	0.00545979	
6.59693	0.00546388	
6.59723	0.00546835	
6.59754	0.00547245	
6.59784	0.00547655	
6.59815	0.00548102	
6.59845	0.00548512	
6.59876	0.00548959	
6.59906	0.00549406	
6.59937	0.00549816	
6.59968	0.00550263	
6.59998	0.00550672	
6.60029	0.00551119	
6.60059	0.00551566	
6.6009	0.00552014	
6.6012	0.00552423	
6.60151	0.0055287	
6.60181	0.00553317	
6.60212	0.00553764	
6.60243	0.00554211	
6.60273	0.00554658	
6.60304	0.00555106	
6.60334	0.00555553	
6.60365	0.00556	
6.60395	0.00556447	
6.60426	0.00556894	
6.60456	0.00557341	
6.60487	0.00557788	
6.60518	0.00558235	
6.60548	0.00558682	
6.60579	0.00559166	
6.60609	0.00559613	
6.6064	0.0056006	
6.6067	0.00560507	
6.60701	0.00560991	
6.60732	0.00561439	
6.60762	0.00561923	
6.60793	0.0056237	
6.60823	0.00562817	
6.60854	0.00563301	
6.60884	0.00563748	
6.60915	0.00564232	
6.60945	0.00564717	
6.60976	0.00565164	
6.61007	0.00565648	
6.61037	0.00566132	
6.61068	0.00566579	
6.61098	0.00567064	
6.61129	0.00567548	
6.61159	0.00568032	
6.6119	0.00568517	
6.6122	0.00568964	
6.61251	0.00569448	
6.61282	0.00569932	
6.61312	0.00570416	
6.61343	0.00570901	
6.61373	0.00571385	
6.61404	0.00571869	
6.61434	0.00572354	
6.61465	0.00572875	
6.61495	0.00573359	
6.61526	0.00573844	
6.61557	0.00574328	
6.61587	0.00574812	
6.61618	0.00575334	
6.61648	0.00575818	
6.61679	0.00576302	
6.61709	0.00576824	
6.6174	0.00577308	
6.6177	0.00577793	
6.61801	0.00578314	
6.61832	0.00578798	
6.61862	0.0057932	
6.61893	0.00579841	
6.61923	0.00580326	
6.61954	0.00580847	
6.61984	0.00581369	
6.62015	0.00581853	
6.62045	0.00582375	
6.62076	0.00582896	
6.62107	0.00583418	
6.62137	0.00583902	
6.62168	0.00584424	
6.62198	0.00584945	
6.62229	0.00585467	
6.62259	0.00585988	
6.6229	0.0058651	
6.6232	0.00587031	
6.62351	0.00587553	
6.62382	0.00588074	
6.62412	0.00588596	
6.62443	0.00589155	
6.62473	0.00589676	
6.62504	0.00590198	
6.62534	0.00590719	
6.62565	0.00591278	
6.62595	0.005918	
6.62626	0.00592321	
6.62657	0.0059288	
6.62687	0.00593401	
6.62718	0.0059396	
6.62748	0.00594482	
6.62779	0.00595041	
6.62809	0.00595562	
6.6284	0.00596121	
6.6287	0.00596642	
6.62901	0.00597201	
6.62932	0.0059776	
6.62962	0.00598319	
6.62993	0.0059884	
6.63023	0.00599399	
6.63054	0.00599958	
6.63084	0.00600517	
6.63115	0.00601076	
6.63145	0.00601634	
6.63176	0.00602193	
6.63207	0.00602752	
6.63237	0.00603311	
6.63268	0.0060387	
6.63298	0.00604428	
6.63329	0.00604987	
6.63359	0.00605583	
6.6339	0.00606142	
6.6342	0.00606701	
6.63451	0.0060726	
6.63482	0.00607856	
6.63512	0.00608414	
6.63543	0.0060901	
6.63573	0.00609569	
6.63604	0.00610165	
6.63634	0.00610724	
6.63665	0.0061132	
6.63695	0.00611879	
6.63726	0.00612475	
6.63757	0.00613071	
6.63787	0.0061363	
6.63818	0.00614226	
6.63848	0.00614822	
6.63879	0.00615418	
6.63909	0.00616014	
6.6394	0.00616573	
6.6397	0.00617169	
6.64001	0.00617765	
6.64032	0.00618361	
6.64062	0.00618994	
6.64093	0.0061959	
6.64123	0.00620186	
6.64154	0.00620782	
6.64184	0.00621378	
6.64215	0.00621974	
6.64246	0.00622608	
6.64276	0.00623204	
6.64307	0.006238	
6.64337	0.00624433	
6.64368	0.00625029	
6.64398	0.00625663	
6.64429	0.00626259	
6.64459	0.00626892	
6.6449	0.00627488	
6.64521	0.00628121	
6.64551	0.00628754	
6.64582	0.00629388	
6.64612	0.00629984	
6.64643	0.00630617	
6.64673	0.0063125	
6.64704	0.00631884	
6.64734	0.00632517	
6.64765	0.0063315	
6.64796	0.00633784	
6.64826	0.00634417	
6.64857	0.0063505	
6.64887	0.00635684	
6.64918	0.00636317	
6.64948	0.0063695	
6.64979	0.00637621	
6.65009	0.00638254	
6.6504	0.00638887	
6.65071	0.00639558	
6.65101	0.00640191	
6.65132	0.00640862	
6.65162	0.00641495	
6.65193	0.00642166	
6.65223	0.00642799	
6.65254	0.00643469	
6.65284	0.0064414	
6.65315	0.00644773	
6.65346	0.00645444	
6.65376	0.00646114	
6.65407	0.00646785	
6.65437	0.00647455	
6.65468	0.00648126	
6.65498	0.00648797	
6.65529	0.00649467	
6.65559	0.00650138	
6.6559	0.00650808	
6.65621	0.00651479	
6.65651	0.00652149	
6.65682	0.0065282	
6.65712	0.00653528	
6.65743	0.00654198	
6.65773	0.00654869	
6.65804	0.00655577	
6.65834	0.00656247	
6.65865	0.00656955	
6.65896	0.00657625	
6.65926	0.00658333	
6.65957	0.00659041	
6.65987	0.00659712	
6.66018	0.00660419	
6.66048	0.00661127	
6.66079	0.00661835	
6.66109	0.00662543	
6.6614	0.00663213	
6.66171	0.00663921	
6.66201	0.00664629	
6.66232	0.00665374	
6.66262	0.00666082	
6.66293	0.0066679	
6.66323	0.00667498	
6.66354	0.00668205	
6.66384	0.0066895	
6.66415	0.00669658	
6.66446	0.00670366	
6.66476	0.00671111	
6.66507	0.00671819	
6.66537	0.00672564	
6.66568	0.00673272	
6.66598	0.00674017	
6.66629	0.00674762	
6.66659	0.00675507	
6.6669	0.00676215	
6.66721	0.0067696	
6.66751	0.00677705	
6.66782	0.0067845	
6.66812	0.00679195	
6.66843	0.0067994	
6.66873	0.00680685	
6.66904	0.0068143	
6.66934	0.00682175	
6.66965	0.00682957	
6.66996	0.00683703	
6.67026	0.00684448	
6.67057	0.0068523	
6.67087	0.00685975	
6.67118	0.00686757	
6.67148	0.00687502	
6.67179	0.00688285	
6.67209	0.00689067	
6.6724	0.00689812	
6.67271	0.00690594	
6.67301	0.00691377	
6.67332	0.00692159	
6.67362	0.00692941	
6.67393	0.00693724	
6.67423	0.00694506	
6.67454	0.00695288	
6.67485	0.0069607	
6.67515	0.00696853	
6.67546	0.00697672	
6.67576	0.00698455	
6.67607	0.00699237	
6.67637	0.00700057	
6.67668	0.00700839	
6.67698	0.00701658	
6.67729	0.00702478	
6.6776	0.0070326	
6.6779	0.0070408	
6.67821	0.00704899	
6.67851	0.00705719	
6.67882	0.00706539	
6.67912	0.00707358	
6.67943	0.00708178	
6.67973	0.00708997	
6.68004	0.00709817	
6.68035	0.00710636	
6.68065	0.00711493	
6.68096	0.00712313	
6.68126	0.0071317	
6.68157	0.00713989	
6.68187	0.00714846	
6.68218	0.00715703	
6.68248	0.00716522	
6.68279	0.00717379	
6.6831	0.00718236	
6.6834	0.00719093	
6.68371	0.0071995	
6.68401	0.00720844	
6.68432	0.007217	
6.68462	0.00722557	
6.68493	0.00723451	
6.68523	0.00724308	
6.68554	0.00725202	
6.68585	0.00726096	
6.68615	0.0072699	
6.68646	0.00727884	
6.68676	0.00728779	
6.68707	0.00729673	
6.68737	0.00730604	
6.68768	0.00731498	
6.68798	0.00732429	
6.68829	0.00733361	
6.6886	0.00734292	
6.6889	0.00735223	
6.68921	0.00736155	
6.68951	0.00737123	
6.68982	0.00738092	
6.69012	0.0073906	
6.69043	0.00740066	
6.69073	0.00741072	
6.69104	0.00742078	
6.69135	0.00743084	
6.69165	0.00744164	
6.69196	0.00745207	
6.69226	0.00746325	
6.69257	0.00747442	
6.69287	0.00748597	
6.69318	0.00749752	
6.69348	0.00750981	
6.69379	0.00752285	
6.6941	0.00753626	
6.6944	0.00755042	
6.69471	0.00756532	
6.69501	0.00758134	
6.69532	0.00759885	
6.69562	0.00761785	
6.69593	0.00763908	
6.69623	0.00766329	
6.69654	0.00769049	
6.69685	0.00772215	
6.69715	0.00775978	
6.69746	0.00780523	
6.69776	0.00786148	
6.69807	0.00793226	
6.69837	0.00802316	
6.69868	0.00814237	
6.69898	0.00830293	
6.69929	0.00852272	
6.6996	0.00882819	
6.6999	0.00925846	
6.70021	0.0098642	
6.70051	0.0107024	
6.70082	0.0118051	
6.70112	0.0131141	
6.70143	0.0144102	
6.70173	0.0153698	
6.70204	0.0158262	
6.70235	0.0159364	
6.70265	0.0159446	
6.70296	0.0158414	
6.70326	0.015375	
6.70357	0.0144064	
6.70387	0.0131201	
6.70418	0.011839	
6.70448	0.010772	
6.70479	0.00996962	
6.7051	0.00939593	
6.7054	0.00899471	
6.70571	0.00871494	
6.70601	0.00851974	
6.70632	0.0083819	
6.70662	0.0082843	
6.70693	0.00821464	
6.70723	0.00816472	
6.70754	0.00812933	
6.70785	0.008104	
6.70815	0.00808649	
6.70846	0.00807494	
6.70876	0.00806786	
6.70907	0.00806376	
6.70937	0.00806265	
6.70968	0.00806339	
6.70999	0.008066	
6.71029	0.00806972	
6.7106	0.00807457	
6.7109	0.00808015	
6.71121	0.00808686	
6.71151	0.00809394	
6.71182	0.00810139	
6.71212	0.00810921	
6.71243	0.00811778	
6.71274	0.00812635	
6.71304	0.00813529	
6.71335	0.0081446	
6.71365	0.00815392	
6.71396	0.0081636	
6.71426	0.00817329	
6.71457	0.00818335	
6.71487	0.0081934	
6.71518	0.00820346	
6.71549	0.00821389	
6.71579	0.00822395	
6.7161	0.00823475	
6.7164	0.00824519	
6.71671	0.00825562	
6.71701	0.00826642	
6.71732	0.00827722	
6.71762	0.00828803	
6.71793	0.00829883	
6.71824	0.00831001	
6.71854	0.00832081	
6.71885	0.00833198	
6.71915	0.00834316	
6.71946	0.00835434	
6.71976	0.00836551	
6.72007	0.00837669	
6.72037	0.00838824	
6.72068	0.00839941	
6.72099	0.00841096	
6.72129	0.00842251	
6.7216	0.00843406	
6.7219	0.00844561	
6.72221	0.00845715	
6.72251	0.0084687	
6.72282	0.00848025	
6.72312	0.00849217	
6.72343	0.00850372	
6.72374	0.00851564	
6.72404	0.00852719	
6.72435	0.00853911	
6.72465	0.00855103	
6.72496	0.00856295	
6.72526	0.00857525	
6.72557	0.00858717	
6.72587	0.00859909	
6.72618	0.00861138	
6.72649	0.0086233	
6.72679	0.0086356	
6.7271	0.00864789	
6.7274	0.00866018	
6.72771	0.0086721	
6.72801	0.00868477	
6.72832	0.00869706	
6.72862	0.00870936	
6.72893	0.00872165	
6.72924	0.00873432	
6.72954	0.00874661	
6.72985	0.00875928	
6.73015	0.00877194	
6.73046	0.00878461	
6.73076	0.00879727	
6.73107	0.00880994	
6.73137	0.00882261	
6.73168	0.00883527	
6.73199	0.00884831	
6.73229	0.00886098	
6.7326	0.00887401	
6.7329	0.00888705	
6.73321	0.00889972	
6.73351	0.00891276	
6.73382	0.0089258	
6.73412	0.00893883	
6.73443	0.00895225	
6.73474	0.00896528	
6.73504	0.00897832	
6.73535	0.00899173	
6.73565	0.00900477	
6.73596	0.00901818	
6.73626	0.00903159	
6.73657	0.009045	
6.73687	0.00905842	
6.73718	0.00907183	
6.73749	0.00908524	
6.73779	0.00909902	
6.7381	0.00911243	
6.7384	0.00912622	
6.73871	0.00914	
6.73901	0.00915341	
6.73932	0.00916719	
6.73962	0.00918098	
6.73993	0.00919476	
6.74024	0.00920892	
6.74054	0.0092227	
6.74085	0.00923686	
6.74115	0.00925064	
6.74146	0.0092648	
6.74176	0.00927895	
6.74207	0.00929274	
6.74238	0.00930727	
6.74268	0.00932142	
6.74299	0.00933558	
6.74329	0.00934973	
6.7436	0.00936426	
6.7439	0.00937842	
6.74421	0.00939295	
6.74451	0.00940748	
6.74482	0.009422	
6.74513	0.00943653	
6.74543	0.00945106	
6.74574	0.00946559	
6.74604	0.00948049	
6.74635	0.00949502	
6.74665	0.00950992	
6.74696	0.00952482	
6.74726	0.00953972	
6.74757	0.00955462	
6.74788	0.00956953	
6.74818	0.00958443	
6.74849	0.00959933	
6.74879	0.0096146	
6.7491	0.0096295	
6.7494	0.00964478	
6.74971	0.00966005	
6.75001	0.00967532	
6.75032	0.0096906	
6.75063	0.00970587	
6.75093	0.00972152	
6.75124	0.00973679	
6.75154	0.00975244	
6.75185	0.00976771	
6.75215	0.00978336	
6.75246	0.009799	
6.75276	0.00981465	
6.75307	0.00983067	
6.75338	0.00984631	
6.75368	0.00986233	
6.75399	0.00987798	
6.75429	0.009894	
6.7546	0.00991002	
6.7549	0.00992604	
6.75521	0.00994205	
6.75551	0.00995807	
6.75582	0.00997446	
6.75613	0.00999048	
6.75643	0.0100069	
6.75674	0.0100233	
6.75704	0.0100397	
6.75735	0.010056	
6.75765	0.0100724	
6.75796	0.0100892	
6.75826	0.0101056	
6.75857	0.0101224	
6.75888	0.0101391	
6.75918	0.0101559	
6.75949	0.0101727	
6.75979	0.0101894	
6.7601	0.0102062	
6.7604	0.0102233	
6.76071	0.0102401	
6.76101	0.0102572	
6.76132	0.0102744	
6.76163	0.0102915	
6.76193	0.010309	
6.76224	0.0103261	
6.76254	0.0103433	
6.76285	0.0103608	
6.76315	0.0103783	
6.76346	0.0103958	
6.76376	0.0104133	
6.76407	0.0104308	
6.76438	0.0104487	
6.76468	0.0104662	
6.76499	0.0104841	
6.76529	0.010502	
6.7656	0.0105198	
6.7659	0.0105377	
6.76621	0.0105556	
6.76651	0.0105739	
6.76682	0.0105921	
6.76713	0.01061	
6.76743	0.0106283	
6.76774	0.0106465	
6.76804	0.0106651	
6.76835	0.0106834	
6.76865	0.010702	
6.76896	0.0107206	
6.76926	0.0107389	
6.76957	0.0107579	
6.76988	0.0107765	
6.77018	0.0107951	
6.77049	0.0108141	
6.77079	0.0108331	
6.7711	0.0108518	
6.7714	0.0108708	
6.77171	0.0108901	
6.77201	0.0109091	
6.77232	0.0109285	
6.77263	0.0109475	
6.77293	0.0109669	
6.77324	0.0109863	
6.77354	0.011006	
6.77385	0.0110254	
6.77415	0.0110451	
6.77446	0.0110645	
6.77476	0.0110842	
6.77507	0.0111043	
6.77538	0.0111241	
6.77568	0.0111438	
6.77599	0.0111639	
6.77629	0.0111841	
6.7766	0.0112042	
6.7769	0.0112243	
6.77721	0.0112444	
6.77752	0.0112649	
6.77782	0.0112854	
6.77813	0.0113059	
6.77843	0.0113264	
6.77874	0.0113469	
6.77904	0.0113677	
6.77935	0.0113882	
6.77965	0.0114091	
6.77996	0.0114299	
6.78027	0.0114512	
6.78057	0.011472	
6.78088	0.0114933	
6.78118	0.0115141	
6.78149	0.0115354	
6.78179	0.011557	
6.7821	0.0115782	
6.7824	0.0115998	
6.78271	0.0116214	
6.78302	0.011643	
6.78332	0.0116646	
6.78363	0.0116862	
6.78393	0.0117082	
6.78424	0.0117302	
6.78454	0.0117522	
6.78485	0.0117742	
6.78515	0.0117961	
6.78546	0.0118185	
6.78577	0.0118408	
6.78607	0.0118632	
6.78638	0.0118855	
6.78668	0.0119079	
6.78699	0.0119306	
6.78729	0.0119533	
6.7876	0.0119761	
6.7879	0.0119988	
6.78821	0.0120219	
6.78852	0.012045	
6.78882	0.0120681	
6.78913	0.0120912	
6.78943	0.0121143	
6.78974	0.0121377	
6.79004	0.0121612	
6.79035	0.0121847	
6.79065	0.0122081	
6.79096	0.012232	
6.79127	0.0122555	
6.79157	0.0122793	
6.79188	0.0123035	
6.79218	0.0123274	
6.79249	0.0123516	
6.79279	0.0123758	
6.7931	0.0124	
6.7934	0.0124242	
6.79371	0.0124488	
6.79402	0.0124734	
6.79432	0.012498	
6.79463	0.0125226	
6.79493	0.0125475	
6.79524	0.0125721	
6.79554	0.0125971	
6.79585	0.0126224	
6.79615	0.0126474	
6.79646	0.0126727	
6.79677	0.012698	
6.79707	0.0127234	
6.79738	0.0127491	
6.79768	0.0127748	
6.79799	0.0128005	
6.79829	0.0128262	
6.7986	0.0128523	
6.7989	0.0128783	
6.79921	0.0129044	
6.79952	0.0129305	
6.79982	0.0129569	
6.80013	0.012983	
6.80043	0.0130098	
6.80074	0.0130363	
6.80104	0.0130631	
6.80135	0.0130896	
6.80165	0.0131167	
6.80196	0.0131436	
6.80227	0.0131708	
6.80257	0.013198	
6.80288	0.0132252	
6.80318	0.0132527	
6.80349	0.0132803	
6.80379	0.0133079	
6.8041	0.0133354	
6.8044	0.0133634	
6.80471	0.0133913	
6.80502	0.0134192	
6.80532	0.0134476	
6.80563	0.0134759	
6.80593	0.0135042	
6.80624	0.0135325	
6.80654	0.0135612	
6.80685	0.0135899	
6.80715	0.0136185	
6.80746	0.0136476	
6.80777	0.0136767	
6.80807	0.0137057	
6.80838	0.0137351	
6.80868	0.0137642	
6.80899	0.0137936	
6.80929	0.0138234	
6.8096	0.0138532	
6.8099	0.013883	
6.81021	0.0139128	
6.81052	0.013943	
6.81082	0.0139732	
6.81113	0.0140034	
6.81143	0.0140339	
6.81174	0.0140645	
6.81204	0.014095	
6.81235	0.0141259	
6.81266	0.0141568	
6.81296	0.0141878	
6.81327	0.0142191	
6.81357	0.0142504	
6.81388	0.0142816	
6.81418	0.0143133	
6.81449	0.014345	
6.81479	0.0143766	
6.8151	0.0144087	
6.81541	0.0144407	
6.81571	0.0144728	
6.81602	0.0145052	
6.81632	0.0145376	
6.81663	0.0145704	
6.81693	0.0146028	
6.81724	0.0146359	
6.81754	0.0146687	
6.81785	0.0147019	
6.81816	0.014735	
6.81846	0.0147685	
6.81877	0.0148021	
6.81907	0.0148356	
6.81938	0.0148695	
6.81968	0.0149034	
6.81999	0.0149377	
6.82029	0.0149719	
6.8206	0.0150062	
6.82091	0.0150409	
6.82121	0.0150755	
6.82152	0.0151101	
6.82182	0.0151452	
6.82213	0.0151802	
6.82243	0.0152156	
6.82274	0.015251	
6.82304	0.0152864	
6.82335	0.0153221	
6.82366	0.0153579	
6.82396	0.015394	
6.82427	0.0154302	
6.82457	0.0154667	
6.82488	0.0155032	
6.82518	0.0155397	
6.82549	0.0155766	
6.82579	0.0156134	
6.8261	0.0156507	
6.82641	0.0156879	
6.82671	0.0157252	
6.82702	0.0157628	
6.82732	0.0158004	
6.82763	0.0158384	
6.82793	0.0158764	
6.82824	0.0159148	
6.82854	0.0159532	
6.82885	0.0159919	
6.82916	0.0160307	
6.82946	0.0160698	
6.82977	0.0161089	
6.83007	0.016148	
6.83038	0.0161875	
6.83068	0.016227	
6.83099	0.0162669	
6.83129	0.0163071	
6.8316	0.0163469	
6.83191	0.0163876	
6.83221	0.0164282	
6.83252	0.0164688	
6.83282	0.0165097	
6.83313	0.0165507	
6.83343	0.0165921	
6.83374	0.0166334	
6.83404	0.0166751	
6.83435	0.0167169	
6.83466	0.016759	
6.83496	0.0168014	
6.83527	0.0168439	
6.83557	0.0168864	
6.83588	0.0169292	
6.83618	0.0169721	
6.83649	0.0170153	
6.83679	0.0170588	
6.8371	0.0171024	
6.83741	0.0171464	
6.83771	0.0171904	
6.83802	0.0172347	
6.83832	0.017279	
6.83863	0.0173237	
6.83893	0.0173688	
6.83924	0.0174139	
6.83954	0.0174589	
6.83985	0.0175044	
6.84016	0.0175502	
6.84046	0.0175964	
6.84077	0.0176426	
6.84107	0.0176888	
6.84138	0.0177354	
6.84168	0.0177823	
6.84199	0.0178296	
6.84229	0.0178769	
6.8426	0.0179242	
6.84291	0.0179719	
6.84321	0.01802	
6.84352	0.0180684	
6.84382	0.0181168	
6.84413	0.0181656	
6.84443	0.0182144	
6.84474	0.0182636	
6.84505	0.0183132	
6.84535	0.0183627	
6.84566	0.0184126	
6.84596	0.0184629	
6.84627	0.0185136	
6.84657	0.0185642	
6.84688	0.0186153	
6.84718	0.0186663	
6.84749	0.0187177	
6.8478	0.0187695	
6.8481	0.0188217	
6.84841	0.0188738	
6.84871	0.0189263	
6.84902	0.0189792	
6.84932	0.0190321	
6.84963	0.0190854	
6.84993	0.0191391	
6.85024	0.0191931	
6.85055	0.0192475	
6.85085	0.0193018	
6.85116	0.0193566	
6.85146	0.0194114	
6.85177	0.0194669	
6.85207	0.0195224	
6.85238	0.0195783	
6.85268	0.0196345	
6.85299	0.0196911	
6.8533	0.0197478	
6.8536	0.0198051	
6.85391	0.0198625	
6.85421	0.0199202	
6.85452	0.0199784	
6.85482	0.0200365	
6.85513	0.0200953	
6.85543	0.0201542	
6.85574	0.0202134	
6.85605	0.020273	
6.85635	0.020333	
6.85666	0.0203934	
6.85696	0.0204541	
6.85727	0.0205148	
6.85757	0.0205763	
6.85788	0.0206377	
6.85818	0.0206999	
6.85849	0.0207622	
6.8588	0.0208247	
6.8591	0.0208877	
6.85941	0.0209514	
6.85971	0.0210151	
6.86002	0.0210792	
6.86032	0.0211436	
6.86063	0.0212085	
6.86093	0.0212736	
6.86124	0.0213392	
6.86155	0.0214051	
6.86185	0.0214715	
6.86216	0.0215381	
6.86246	0.0216052	
6.86277	0.0216726	
6.86307	0.0217404	
6.86338	0.021809	
6.86368	0.0218775	
6.86399	0.0219464	
6.8643	0.0220161	
6.8646	0.0220861	
6.86491	0.0221562	
6.86521	0.0222269	
6.86552	0.0222981	
6.86582	0.0223696	
6.86613	0.0224419	
6.86643	0.0225142	
6.86674	0.0225872	
6.86705	0.0226602	
6.86735	0.022734	
6.86766	0.0228085	
6.86796	0.022883	
6.86827	0.0229582	
6.86857	0.0230338	
6.86888	0.0231098	
6.86918	0.0231862	
6.86949	0.0232633	
6.8698	0.0233408	
6.8701	0.0234187	
6.87041	0.0234973	
6.87071	0.0235762	
6.87102	0.0236556	
6.87132	0.0237357	
6.87163	0.0238162	
6.87193	0.023897	
6.87224	0.0239786	
6.87255	0.0240605	
6.87285	0.0241432	
6.87316	0.0242263	
6.87346	0.0243101	
6.87377	0.0243939	
6.87407	0.0244789	
6.87438	0.0245642	
6.87468	0.0246499	
6.87499	0.0247363	
6.8753	0.0248235	
6.8756	0.024911	
6.87591	0.0249989	
6.87621	0.025088	
6.87652	0.025177	
6.87682	0.0252672	
6.87713	0.0253577	
6.87743	0.0254486	
6.87774	0.0255406	
6.87805	0.025633	
6.87835	0.0257261	
6.87866	0.0258196	
6.87896	0.0259139	
6.87927	0.0260089	
6.87957	0.0261046	
6.87988	0.0262007	
6.88019	0.0262979	
6.88049	0.0263955	
6.8808	0.0264939	
6.8811	0.026593	
6.88141	0.0266928	
6.88171	0.026793	
6.88202	0.0268944	
6.88232	0.0269961	
6.88263	0.0270989	
6.88294	0.0272021	
6.88324	0.0273064	
6.88355	0.0274111	
6.88385	0.0275169	
6.88416	0.0276234	
6.88446	0.0277307	
6.88477	0.0278387	
6.88507	0.0279475	
6.88538	0.028057	
6.88569	0.0281677	
6.88599	0.0282787	
6.8863	0.0283908	
6.8866	0.0285041	
6.88691	0.0286177	
6.88721	0.0287324	
6.88752	0.0288479	
6.88782	0.0289645	
6.88813	0.0290819	
6.88844	0.0291999	
6.88874	0.0293192	
6.88905	0.0294395	
6.88935	0.0295606	
6.88966	0.0296824	
6.88996	0.0298057	
6.89027	0.0299294	
6.89057	0.0300545	
6.89088	0.0301804	
6.89119	0.0303075	
6.89149	0.0304352	
6.8918	0.0305645	
6.8921	0.0306945	
6.89241	0.0308257	
6.89271	0.0309579	
6.89302	0.0310913	
6.89332	0.0312258	
6.89363	0.031361	
6.89394	0.0314977	
6.89424	0.0316355	
6.89455	0.0317745	
6.89485	0.0319146	
6.89516	0.0320561	
6.89546	0.0321984	
6.89577	0.0323422	
6.89607	0.0324871	
6.89638	0.0326335	
6.89669	0.0327811	
6.89699	0.0329297	
6.8973	0.0330798	
6.8976	0.0332315	
6.89791	0.0333842	
6.89821	0.033538	
6.89852	0.0336938	
6.89882	0.0338506	
6.89913	0.0340089	
6.89944	0.0341684	
6.89974	0.0343297	
6.90005	0.0344921	
6.90035	0.0346564	
6.90066	0.0348218	
6.90096	0.034989	
6.90127	0.0351578	
6.90157	0.035328	
6.90188	0.0354998	
6.90219	0.0356734	
6.90249	0.0358485	
6.9028	0.0360254	
6.9031	0.0362039	
6.90341	0.0363842	
6.90371	0.036566	
6.90402	0.03675	
6.90432	0.0369355	
6.90463	0.0371229	
6.90494	0.0373121	
6.90524	0.0375032	
6.90555	0.0376966	
6.90585	0.0378914	
6.90616	0.0380885	
6.90646	0.0382878	
6.90677	0.038489	
6.90707	0.0386924	
6.90738	0.0388976	
6.90769	0.0391055	
6.90799	0.0393152	
6.9083	0.0395276	
6.9086	0.0397421	
6.90891	0.0399593	
6.90921	0.0401791	
6.90952	0.0404011	
6.90982	0.0406262	
6.91013	0.0408538	
6.91044	0.0410844	
6.91074	0.0413179	
6.91105	0.0415549	
6.91135	0.0417948	
6.91166	0.0420384	
6.91196	0.0422858	
6.91227	0.0425372	
6.91258	0.0427932	
6.91288	0.0430536	
6.91319	0.0433195	
6.91349	0.0435911	
6.9138	0.0438694	
6.9141	0.0441555	
6.91441	0.0444502	
6.91471	0.0447553	
6.91502	0.0450727	
6.91533	0.045405	
6.91563	0.0457555	
6.91594	0.0461292	
6.91624	0.0465319	
6.91655	0.0469718	
6.91685	0.0474598	
6.91716	0.0480108	
6.91746	0.0486441	
6.91777	0.0493851	
6.91808	0.0502661	
6.91838	0.0513237	
6.91869	0.0525925	
6.91899	0.054092	
6.9193	0.0557967	
6.9196	0.0576079	
6.91991	0.0593409	
6.92021	0.0607807	
6.92052	0.0617936	
6.92083	0.0624169	
6.92113	0.0628199	
6.92144	0.0631586	
6.92174	0.0634454	
6.92205	0.06354	
6.92235	0.0632644	
6.92266	0.0625566	
6.92296	0.061528	
6.92327	0.0603907	
6.92358	0.0593383	
6.92388	0.058483	
6.92419	0.057859	
6.92449	0.0574518	
6.9248	0.0572279	
6.9251	0.0571501	
6.92541	0.0571858	
6.92571	0.0573091	
6.92602	0.0574991	
6.92633	0.0577413	
6.92663	0.058024	
6.92694	0.0583384	
6.92724	0.0586793	
6.92755	0.059041	
6.92785	0.0594206	
6.92816	0.0598155	
6.92846	0.0602234	
6.92877	0.0606429	
6.92908	0.0610732	
6.92938	0.0615135	
6.92969	0.0619624	
6.92999	0.0624198	
6.9303	0.0628855	
6.9306	0.063359	
6.93091	0.0638399	
6.93121	0.0643287	
6.93152	0.0648241	
6.93183	0.0653271	
6.93213	0.0658371	
6.93244	0.0663541	
6.93274	0.0668783	
6.93305	0.0674095	
6.93335	0.0679478	
6.93366	0.0684928	
6.93396	0.0690453	
6.93427	0.0696044	
6.93458	0.0701707	
6.93488	0.0707444	
6.93519	0.0713252	
6.93549	0.071913	
6.9358	0.0725079	
6.9361	0.0731103	
6.93641	0.0737198	
6.93671	0.0743367	
6.93702	0.074961	
6.93733	0.0755925	
6.93763	0.0762314	
6.93794	0.0768777	
6.93824	0.0775315	
6.93855	0.0781927	
6.93885	0.078861	
6.93916	0.0795372	
6.93946	0.0802208	
6.93977	0.0809118	
6.94008	0.0816099	
6.94038	0.0823159	
6.94069	0.0830289	
6.94099	0.0837494	
6.9413	0.0844773	
6.9416	0.0852127	
6.94191	0.0859551	
6.94221	0.0867046	
6.94252	0.0874612	
6.94283	0.0882253	
6.94313	0.0889961	
6.94344	0.0897735	
6.94374	0.0905581	
6.94405	0.0913493	
6.94435	0.0921473	
6.94466	0.0929516	
6.94496	0.0937618	
6.94527	0.0945788	
6.94558	0.0954013	
6.94588	0.0962302	
6.94619	0.0970647	
6.94649	0.0979044	
6.9468	0.0987496	
6.9471	0.0995997	
6.94741	0.100455	
6.94772	0.101315	
6.94802	0.102179	
6.94833	0.103048	
6.94863	0.10392	
6.94894	0.104797	
6.94924	0.105676	
6.94955	0.106559	
6.94985	0.107444	
6.95016	0.108333	
6.95047	0.109223	
6.95077	0.110115	
6.95108	0.111008	
6.95138	0.111903	
6.95169	0.112799	
6.95199	0.113695	
6.9523	0.114591	
6.9526	0.115488	
6.95291	0.116383	
6.95322	0.117278	
6.95352	0.118171	
6.95383	0.119063	
6.95413	0.119952	
6.95444	0.120839	
6.95474	0.121723	
6.95505	0.122603	
6.95535	0.12348	
6.95566	0.124353	
6.95597	0.125222	
6.95627	0.126085	
6.95658	0.126943	
6.95688	0.127796	
6.95719	0.128642	
6.95749	0.129483	
6.9578	0.130316	
6.9581	0.131142	
6.95841	0.131961	
6.95872	0.132771	
6.95902	0.133574	
6.95933	0.134368	
6.95963	0.135153	
6.95994	0.135929	
6.96024	0.136695	
6.96055	0.137451	
6.96085	0.138197	
6.96116	0.138933	
6.96147	0.139658	
6.96177	0.140372	
6.96208	0.141075	
6.96238	0.141766	
6.96269	0.142445	
6.96299	0.143112	
6.9633	0.143767	
6.9636	0.144409	
6.96391	0.145039	
6.96422	0.145656	
6.96452	0.146259	
6.96483	0.146849	
6.96513	0.147426	
6.96544	0.147989	
6.96574	0.148539	
6.96605	0.149074	
6.96635	0.149595	
6.96666	0.150102	
6.96697	0.150594	
6.96727	0.151072	
6.96758	0.151535	
6.96788	0.151983	
6.96819	0.152417	
6.96849	0.152835	
6.9688	0.153239	
6.9691	0.153627	
6.96941	0.154	
6.96972	0.154357	
6.97002	0.1547	
6.97033	0.155026	
6.97063	0.155338	
6.97094	0.155634	
6.97124	0.155914	
6.97155	0.156178	
6.97185	0.156427	
6.97216	0.15666	
6.97247	0.156877	
6.97277	0.157078	
6.97308	0.157264	
6.97338	0.157434	
6.97369	0.157588	
6.97399	0.157726	
6.9743	0.157848	
6.9746	0.157955	
6.97491	0.158045	
6.97522	0.15812	
6.97552	0.158179	
6.97583	0.158222	
6.97613	0.158249	
6.97644	0.158261	
6.97674	0.158257	
6.97705	0.158238	
6.97735	0.158203	
6.97766	0.158152	
6.97797	0.158086	
6.97827	0.158004	
6.97858	0.157908	
6.97888	0.157796	
6.97919	0.157668	
6.97949	0.157526	
6.9798	0.157369	
6.9801	0.157197	
6.98041	0.15701	
6.98072	0.156809	
6.98102	0.156593	
6.98133	0.156362	
6.98163	0.156117	
6.98194	0.155858	
6.98224	0.155585	
6.98255	0.155298	
6.98286	0.154998	
6.98316	0.154684	
6.98347	0.154357	
6.98377	0.154017	
6.98408	0.153663	
6.98438	0.153297	
6.98469	0.152918	
6.98499	0.152528	
6.9853	0.152124	
6.98561	0.151709	
6.98591	0.151283	
6.98622	0.150845	
6.98652	0.150396	
6.98683	0.149937	
6.98713	0.149466	
6.98744	0.148986	
6.98774	0.148496	
6.98805	0.147996	
6.98836	0.147487	
6.98866	0.146969	
6.98897	0.146442	
6.98927	0.145907	
6.98958	0.145364	
6.98988	0.144813	
6.99019	0.144256	
6.99049	0.143691	
6.9908	0.14312	
6.99111	0.142543	
6.99141	0.14196	
6.99172	0.141372	
6.99202	0.140779	
6.99233	0.140181	
6.99263	0.13958	
6.99294	0.138974	
6.99324	0.138365	
6.99355	0.137753	
6.99386	0.137139	
6.99416	0.136523	
6.99447	0.135905	
6.99477	0.135285	
6.99508	0.134664	
6.99538	0.134043	
6.99569	0.133422	
6.99599	0.1328	
6.9963	0.13218	
6.99661	0.13156	
6.99691	0.130941	
6.99722	0.130324	
6.99752	0.129709	
6.99783	0.129096	
6.99813	0.128486	
6.99844	0.127878	
6.99874	0.127274	
6.99905	0.126673	
6.99936	0.126076	
6.99966	0.125483	
6.99997	0.124894	
7.00027	0.12431	
7.00058	0.123731	
7.00088	0.123157	
7.00119	0.122588	
7.00149	0.122024	
7.0018	0.121466	
7.00211	0.120914	
7.00241	0.120368	
7.00272	0.119828	
7.00302	0.119295	
7.00333	0.118768	
7.00363	0.118247	
7.00394	0.117734	
7.00424	0.117227	
7.00455	0.116728	
7.00486	0.116235	
7.00516	0.11575	
7.00547	0.115272	
7.00577	0.114802	
7.00608	0.114339	
7.00638	0.113883	
7.00669	0.113435	
7.00699	0.112995	
7.0073	0.112562	
7.00761	0.112137	
7.00791	0.11172	
7.00822	0.11131	
7.00852	0.110908	
7.00883	0.110513	
7.00913	0.110127	
7.00944	0.109748	
7.00974	0.109377	
7.01005	0.109014	
7.01036	0.108658	
7.01066	0.10831	
7.01097	0.107969	
7.01127	0.107636	
7.01158	0.107311	
7.01188	0.106993	
7.01219	0.106683	
7.01249	0.10638	
7.0128	0.106085	
7.01311	0.105797	
7.01341	0.105516	
7.01372	0.105242	
7.01402	0.104976	
7.01433	0.104716	
7.01463	0.104464	
7.01494	0.104219	
7.01525	0.103981	
7.01555	0.103749	
7.01586	0.103525	
7.01616	0.103307	
7.01647	0.103096	
7.01677	0.102891	
7.01708	0.102693	
7.01738	0.102502	
7.01769	0.102317	
7.018	0.102138	
7.0183	0.101966	
7.01861	0.1018	
7.01891	0.101639	
7.01922	0.101485	
7.01952	0.101338	
7.01983	0.101196	
7.02013	0.10106	
7.02044	0.100929	
7.02075	0.100805	
7.02105	0.100686	
7.02136	0.100573	
7.02166	0.100465	
7.02197	0.100363	
7.02227	0.100267	
7.02258	0.100175	
7.02288	0.100089	
7.02319	0.100008	
7.0235	0.0999328	
7.0238	0.0998624	
7.02411	0.0997972	
7.02441	0.0997368	
7.02472	0.0996817	
7.02502	0.0996314	
7.02533	0.099586	
7.02563	0.099545	
7.02594	0.0995092	
7.02625	0.0994779	
7.02655	0.0994515	
7.02686	0.0994295	
7.02716	0.099412	
7.02747	0.0993993	
7.02777	0.0993911	
7.02808	0.099387	
7.02838	0.0993878	
7.02869	0.0993926	
7.029	0.0994019	
7.0293	0.0994153	
7.02961	0.0994332	
7.02991	0.0994552	
7.03022	0.0994813	
7.03052	0.0995118	
7.03083	0.0995461	
7.03113	0.0995848	
7.03144	0.0996273	
7.03175	0.0996739	
7.03205	0.0997245	
7.03236	0.0997793	
7.03266	0.0998378	
7.03297	0.0999004	
7.03327	0.099967	
7.03358	0.100037	
7.03388	0.100112	
7.03419	0.10019	
7.0345	0.100272	
7.0348	0.100357	
7.03511	0.100447	
7.03541	0.100541	
7.03572	0.100638	
7.03602	0.100739	
7.03633	0.100844	
7.03663	0.100953	
7.03694	0.101065	
7.03725	0.101181	
7.03755	0.101301	
7.03786	0.101425	
7.03816	0.101553	
7.03847	0.101684	
7.03877	0.10182	
7.03908	0.101959	
7.03938	0.102101	
7.03969	0.102248	
7.04	0.102399	
7.0403	0.102553	
7.04061	0.102711	
7.04091	0.102873	
7.04122	0.103039	
7.04152	0.103208	
7.04183	0.103382	
7.04213	0.10356	
7.04244	0.103742	
7.04275	0.103927	
7.04305	0.104117	
7.04336	0.10431	
7.04366	0.104508	
7.04397	0.104709	
7.04427	0.104915	
7.04458	0.105125	
7.04488	0.105339	
7.04519	0.105558	
7.0455	0.10578	
7.0458	0.106007	
7.04611	0.106238	
7.04641	0.106473	
7.04672	0.106713	
7.04702	0.106957	
7.04733	0.107206	
7.04763	0.107459	
7.04794	0.107717	
7.04825	0.107979	
7.04855	0.108246	
7.04886	0.108517	
7.04916	0.108793	
7.04947	0.109074	
7.04977	0.10936	
7.05008	0.10965	
7.05039	0.109946	
7.05069	0.110246	
7.051	0.110551	
7.0513	0.110861	
7.05161	0.111176	
7.05191	0.111497	
7.05222	0.111822	
7.05252	0.112153	
7.05283	0.112489	
7.05314	0.11283	
7.05344	0.113177	
7.05375	0.113529	
7.05405	0.113887	
7.05436	0.114249	
7.05466	0.114618	
7.05497	0.114992	
7.05527	0.115372	
7.05558	0.115757	
7.05589	0.116149	
7.05619	0.116546	
7.0565	0.116949	
7.0568	0.117357	
7.05711	0.117772	
7.05741	0.118193	
7.05772	0.118619	
7.05802	0.119052	
7.05833	0.119491	
7.05864	0.119936	
7.05894	0.120387	
7.05925	0.120845	
7.05955	0.121308	
7.05986	0.121779	
7.06016	0.122255	
7.06047	0.122738	
7.06077	0.123228	
7.06108	0.123724	
7.06139	0.124226	
7.06169	0.124735	
7.062	0.125251	
7.0623	0.125773	
7.06261	0.126301	
7.06291	0.126837	
7.06322	0.12738	
7.06352	0.127929	
7.06383	0.128485	
7.06414	0.129047	
7.06444	0.129617	
7.06475	0.130194	
7.06505	0.130777	
7.06536	0.131368	
7.06566	0.131965	
7.06597	0.132569	
7.06627	0.133181	
7.06658	0.133799	
7.06689	0.134424	
7.06719	0.135057	
7.0675	0.135697	
7.0678	0.136343	
7.06811	0.136997	
7.06841	0.137658	
7.06872	0.138327	
7.06902	0.139002	
7.06933	0.139685	
7.06964	0.140374	
7.06994	0.141071	
7.07025	0.141775	
7.07055	0.142486	
7.07086	0.143205	
7.07116	0.14393	
7.07147	0.144662	
7.07177	0.145402	
7.07208	0.146148	
7.07239	0.146902	
7.07269	0.147662	
7.073	0.148429	
7.0733	0.149203	
7.07361	0.149984	
7.07391	0.15077	
7.07422	0.151564	
7.07452	0.152363	
7.07483	0.153168	
7.07514	0.153979	
7.07544	0.154795	
7.07575	0.155617	
7.07605	0.156444	
7.07636	0.157275	
7.07666	0.158111	
7.07697	0.15895	
7.07727	0.159792	
7.07758	0.160638	
7.07789	0.161485	
7.07819	0.162335	
7.0785	0.163186	
7.0788	0.164037	
7.07911	0.164888	
7.07941	0.165738	
7.07972	0.166586	
7.08002	0.167432	
7.08033	0.168274	
7.08064	0.169113	
7.08094	0.169946	
7.08125	0.170773	
7.08155	0.171593	
7.08186	0.172405	
7.08216	0.173208	
7.08247	0.174001	
7.08278	0.174784	
7.08308	0.175554	
7.08339	0.176312	
7.08369	0.177056	
7.084	0.177785	
7.0843	0.178499	
7.08461	0.179197	
7.08491	0.179876	
7.08522	0.180538	
7.08553	0.181181	
7.08583	0.181804	
7.08614	0.182407	
7.08644	0.182988	
7.08675	0.183547	
7.08705	0.184084	
7.08736	0.184597	
7.08766	0.185087	
7.08797	0.185552	
7.08828	0.185993	
7.08858	0.186408	
7.08889	0.186798	
7.08919	0.187161	
7.0895	0.187498	
7.0898	0.187809	
7.09011	0.188092	
7.09041	0.188348	
7.09072	0.188578	
7.09103	0.18878	
7.09133	0.188955	
7.09164	0.189102	
7.09194	0.189222	
7.09225	0.189315	
7.09255	0.189381	
7.09286	0.189421	
7.09316	0.189434	
7.09347	0.189421	
7.09378	0.189382	
7.09408	0.189318	
7.09439	0.189229	
7.09469	0.189115	
7.095	0.188977	
7.0953	0.188815	
7.09561	0.188631	
7.09591	0.188424	
7.09622	0.188195	
7.09653	0.187945	
7.09683	0.187675	
7.09714	0.187385	
7.09744	0.187076	
7.09775	0.186748	
7.09805	0.186404	
7.09836	0.186042	
7.09866	0.185664	
7.09897	0.185272	
7.09928	0.184865	
7.09958	0.184444	
7.09989	0.18401	
7.10019	0.183564	
7.1005	0.183107	
7.1008	0.182639	
7.10111	0.182161	
7.10141	0.181673	
7.10172	0.181177	
7.10203	0.180673	
7.10233	0.180161	
7.10264	0.179642	
7.10294	0.179117	
7.10325	0.178586	
7.10355	0.178048	
7.10386	0.177506	
7.10416	0.176958	
7.10447	0.176406	
7.10478	0.17585	
7.10508	0.175289	
7.10539	0.174725	
7.10569	0.174158	
7.106	0.173586	
7.1063	0.173012	
7.10661	0.172435	
7.10691	0.171854	
7.10722	0.171271	
7.10753	0.170686	
7.10783	0.170098	
7.10814	0.169507	
7.10844	0.168915	
7.10875	0.16832	
7.10905	0.167723	
7.10936	0.167124	
7.10966	0.166523	
7.10997	0.16592	
7.11028	0.165316	
7.11058	0.16471	
7.11089	0.164103	
7.11119	0.163494	
7.1115	0.162883	
7.1118	0.162272	
7.11211	0.161659	
7.11241	0.161045	
7.11272	0.160431	
7.11303	0.159815	
7.11333	0.159199	
7.11364	0.158582	
7.11394	0.157965	
7.11425	0.157347	
7.11455	0.156729	
7.11486	0.15611	
7.11516	0.155492	
7.11547	0.154873	
7.11578	0.154255	
7.11608	0.153637	
7.11639	0.15302	
7.11669	0.152403	
7.117	0.151787	
7.1173	0.151172	
7.11761	0.150557	
7.11792	0.149944	
7.11822	0.149332	
7.11853	0.148721	
7.11883	0.148112	
7.11914	0.147504	
7.11944	0.146898	
7.11975	0.146294	
7.12005	0.145692	
7.12036	0.145092	
7.12067	0.144494	
7.12097	0.143899	
7.12128	0.143306	
7.12158	0.142716	
7.12189	0.142129	
7.12219	0.141544	
7.1225	0.140963	
7.1228	0.140384	
7.12311	0.139809	
7.12342	0.139237	
7.12372	0.138669	
7.12403	0.138104	
7.12433	0.137542	
7.12464	0.136985	
7.12494	0.136431	
7.12525	0.135881	
7.12555	0.135335	
7.12586	0.134794	
7.12617	0.134256	
7.12647	0.133723	
7.12678	0.133194	
7.12708	0.132669	
7.12739	0.132149	
7.12769	0.131634	
7.128	0.131123	
7.1283	0.130617	
7.12861	0.130115	
7.12892	0.129619	
7.12922	0.129127	
7.12953	0.12864	
7.12983	0.128158	
7.13014	0.127681	
7.13044	0.127209	
7.13075	0.126743	
7.13105	0.126281	
7.13136	0.125824	
7.13167	0.125373	
7.13197	0.124926	
7.13228	0.124485	
7.13258	0.12405	
7.13289	0.123619	
7.13319	0.123194	
7.1335	0.122774	
7.1338	0.122359	
7.13411	0.12195	
7.13442	0.121545	
7.13472	0.121146	
7.13503	0.120753	
7.13533	0.120364	
7.13564	0.119981	
7.13594	0.119603	
7.13625	0.119231	
7.13655	0.118863	
7.13686	0.118501	
7.13717	0.118144	
7.13747	0.117793	
7.13778	0.117446	
7.13808	0.117105	
7.13839	0.116768	
7.13869	0.116437	
7.139	0.116111	
7.1393	0.11579	
7.13961	0.115474	
7.13992	0.115163	
7.14022	0.114857	
7.14053	0.114556	
7.14083	0.114259	
7.14114	0.113969	
7.14144	0.113682	
7.14175	0.1134	
7.14205	0.113124	
7.14236	0.112851	
7.14267	0.112584	
7.14297	0.112322	
7.14328	0.112063	
7.14358	0.11181	
7.14389	0.111561	
7.14419	0.111317	
7.1445	0.111077	
7.1448	0.110842	
7.14511	0.110611	
7.14542	0.110385	
7.14572	0.110163	
7.14603	0.109946	
7.14633	0.109732	
7.14664	0.109523	
7.14694	0.109319	
7.14725	0.109118	
7.14755	0.108922	
7.14786	0.10873	
7.14817	0.108542	
7.14847	0.108358	
7.14878	0.108178	
7.14908	0.108002	
7.14939	0.10783	
7.14969	0.107663	
7.15	0.107499	
7.1503	0.107339	
7.15061	0.107184	
7.15092	0.107032	
7.15122	0.106884	
7.15153	0.10674	
7.15183	0.1066	
7.15214	0.106463	
7.15244	0.106331	
7.15275	0.106202	
7.15306	0.106077	
7.15336	0.105956	
7.15367	0.105839	
7.15397	0.105725	
7.15428	0.105616	
7.15458	0.10551	
7.15489	0.105407	
7.15519	0.105309	
7.1555	0.105215	
7.15581	0.105124	
7.15611	0.105037	
7.15642	0.104954	
7.15672	0.104874	
7.15703	0.104799	
7.15733	0.104727	
7.15764	0.104659	
7.15794	0.104595	
7.15825	0.104534	
7.15856	0.104478	
7.15886	0.104425	
7.15917	0.104377	
7.15947	0.104332	
7.15978	0.104291	
7.16008	0.104254	
7.16039	0.104221	
7.16069	0.104192	
7.161	0.104168	
7.16131	0.104147	
7.16161	0.10413	
7.16192	0.104118	
7.16222	0.10411	
7.16253	0.104105	
7.16283	0.104106	
7.16314	0.10411	
7.16344	0.104119	
7.16375	0.104133	
7.16406	0.10415	
7.16436	0.104173	
7.16467	0.104199	
7.16497	0.104231	
7.16528	0.104267	
7.16558	0.104308	
7.16589	0.104353	
7.16619	0.104403	
7.1665	0.104459	
7.16681	0.104519	
7.16711	0.104585	
7.16742	0.104655	
7.16772	0.104731	
7.16803	0.104811	
7.16833	0.104897	
7.16864	0.104989	
7.16894	0.105086	
7.16925	0.105189	
7.16956	0.105297	
7.16986	0.105411	
7.17017	0.105531	
7.17047	0.105656	
7.17078	0.105788	
7.17108	0.105926	
7.17139	0.106069	
7.17169	0.10622	
7.172	0.106376	
7.17231	0.106538	
7.17261	0.106708	
7.17292	0.106884	
7.17322	0.107067	
7.17353	0.107256	
7.17383	0.107452	
7.17414	0.107656	
7.17444	0.107866	
7.17475	0.108084	
7.17506	0.108309	
7.17536	0.108541	
7.17567	0.108781	
7.17597	0.109028	
7.17628	0.109283	
7.17658	0.109546	
7.17689	0.109817	
7.17719	0.110095	
7.1775	0.110382	
7.17781	0.110677	
7.17811	0.110979	
7.17842	0.11129	
7.17872	0.11161	
7.17903	0.111938	
7.17933	0.112275	
7.17964	0.11262	
7.17994	0.112974	
7.18025	0.113336	
7.18056	0.113707	
7.18086	0.114087	
7.18117	0.114476	
7.18147	0.114874	
7.18178	0.11528	
7.18208	0.115696	
7.18239	0.11612	
7.18269	0.116554	
7.183	0.116996	
7.18331	0.117447	
7.18361	0.117907	
7.18392	0.118376	
7.18422	0.118853	
7.18453	0.11934	
7.18483	0.119835	
7.18514	0.120338	
7.18545	0.12085	
7.18575	0.121371	
7.18606	0.1219	
7.18636	0.122437	
7.18667	0.122981	
7.18697	0.123534	
7.18728	0.124094	
7.18758	0.124661	
7.18789	0.125236	
7.1882	0.125817	
7.1885	0.126405	
7.18881	0.127	
7.18911	0.127601	
7.18942	0.128207	
7.18972	0.128819	
7.19003	0.129436	
7.19033	0.130058	
7.19064	0.130684	
7.19095	0.131314	
7.19125	0.131948	
7.19156	0.132585	
7.19186	0.133224	
7.19217	0.133866	
7.19247	0.134509	
7.19278	0.135153	
7.19308	0.135798	
7.19339	0.136444	
7.1937	0.137089	
7.194	0.137733	
7.19431	0.138376	
7.19461	0.139016	
7.19492	0.139654	
7.19522	0.140289	
7.19553	0.14092	
7.19583	0.141547	
7.19614	0.142168	
7.19645	0.142784	
7.19675	0.143394	
7.19706	0.143997	
7.19736	0.144593	
7.19767	0.145181	
7.19797	0.145761	
7.19828	0.146332	
7.19858	0.146893	
7.19889	0.147444	
7.1992	0.147985	
7.1995	0.148515	
7.19981	0.149033	
7.20011	0.149539	
7.20042	0.150033	
7.20072	0.150514	
7.20103	0.150983	
7.20133	0.151438	
7.20164	0.151879	
7.20195	0.152306	
7.20225	0.152719	
7.20256	0.153117	
7.20286	0.153501	
7.20317	0.153869	
7.20347	0.154223	
7.20378	0.154562	
7.20408	0.154885	
7.20439	0.155193	
7.2047	0.155487	
7.205	0.155764	
7.20531	0.156027	
7.20561	0.156274	
7.20592	0.156507	
7.20622	0.156725	
7.20653	0.156927	
7.20683	0.157116	
7.20714	0.15729	
7.20745	0.157449	
7.20775	0.157595	
7.20806	0.157727	
7.20836	0.157845	
7.20867	0.15795	
7.20897	0.158043	
7.20928	0.158122	
7.20958	0.158189	
7.20989	0.158244	
7.2102	0.158287	
7.2105	0.158319	
7.21081	0.158339	
7.21111	0.158348	
7.21142	0.158346	
7.21172	0.158334	
7.21203	0.158312	
7.21233	0.158279	
7.21264	0.158237	
7.21295	0.158186	
7.21325	0.158125	
7.21356	0.158055	
7.21386	0.157975	
7.21417	0.157887	
7.21447	0.157791	
7.21478	0.157686	
7.21508	0.157572	
7.21539	0.157449	
7.2157	0.157319	
7.216	0.15718	
7.21631	0.157033	
7.21661	0.156876	
7.21692	0.156713	
7.21722	0.15654	
7.21753	0.156358	
7.21783	0.156168	
7.21814	0.155969	
7.21845	0.155761	
7.21875	0.155545	
7.21906	0.155318	
7.21936	0.155082	
7.21967	0.154837	
7.21997	0.154581	
7.22028	0.154315	
7.22059	0.154039	
7.22089	0.153752	
7.2212	0.153454	
7.2215	0.153144	
7.22181	0.152823	
7.22211	0.15249	
7.22242	0.152145	
7.22272	0.151788	
7.22303	0.151417	
7.22334	0.151033	
7.22364	0.150637	
7.22395	0.150226	
7.22425	0.149801	
7.22456	0.149363	
7.22486	0.14891	
7.22517	0.148442	
7.22547	0.14796	
7.22578	0.147462	
7.22609	0.14695	
7.22639	0.146421	
7.2267	0.145878	
7.227	0.145319	
7.22731	0.144744	
7.22761	0.144154	
7.22792	0.143548	
7.22822	0.142927	
7.22853	0.142289	
7.22884	0.141637	
7.22914	0.140968	
7.22945	0.140285	
7.22975	0.139586	
7.23006	0.138873	
7.23036	0.138145	
7.23067	0.137402	
7.23097	0.136646	
7.23128	0.135875	
7.23159	0.135091	
7.23189	0.134294	
7.2322	0.133484	
7.2325	0.132662	
7.23281	0.131828	
7.23311	0.130982	
7.23342	0.130126	
7.23372	0.129259	
7.23403	0.128383	
7.23434	0.127497	
7.23464	0.126602	
7.23495	0.125699	
7.23525	0.124789	
7.23556	0.123871	
7.23586	0.122947	
7.23617	0.122017	
7.23647	0.121082	
7.23678	0.120142	
7.23709	0.119198	
7.23739	0.11825	
7.2377	0.1173	
7.238	0.116347	
7.23831	0.115392	
7.23861	0.114436	
7.23892	0.113479	
7.23922	0.112522	
7.23953	0.111566	
7.23984	0.11061	
7.24014	0.109656	
7.24045	0.108704	
7.24075	0.107753	
7.24106	0.106806	
7.24136	0.105862	
7.24167	0.104922	
7.24197	0.103985	
7.24228	0.103053	
7.24259	0.102126	
7.24289	0.101204	
7.2432	0.100287	
7.2435	0.0993766	
7.24381	0.0984721	
7.24411	0.0975735	
7.24442	0.0966817	
7.24472	0.095797	
7.24503	0.0949193	
7.24534	0.0940487	
7.24564	0.0931859	
7.24595	0.0923306	
7.24625	0.0914831	
7.24656	0.0906434	
7.24686	0.0898119	
7.24717	0.0889886	
7.24747	0.0881739	
7.24778	0.0873674	
7.24809	0.0865694	
7.24839	0.08578	
7.2487	0.0849992	
7.249	0.084227	
7.24931	0.0834633	
7.24961	0.0827085	
7.24992	0.0819623	
7.25022	0.0812251	
7.25053	0.0804964	
7.25084	0.0797763	
7.25114	0.0790652	
7.25145	0.0783626	
7.25175	0.0776686	
7.25206	0.0769831	
7.25236	0.0763062	
7.25267	0.0756379	
7.25298	0.0749778	
7.25328	0.0743262	
7.25359	0.0736829	
7.25389	0.0730477	
7.2542	0.0724208	
7.2545	0.0718016	
7.25481	0.0711907	
7.25511	0.0705875	
7.25542	0.0699926	
7.25573	0.0694051	
7.25603	0.0688255	
7.25634	0.0682533	
7.25664	0.0676885	
7.25695	0.0671308	
7.25725	0.066581	
7.25756	0.0660382	
7.25786	0.0655022	
7.25817	0.0649735	
7.25848	0.0644516	
7.25878	0.0639364	
7.25909	0.0634283	
7.25939	0.0629265	
7.2597	0.0624314	
7.26	0.0619426	
7.26031	0.0614602	
7.26061	0.0609837	
7.26092	0.060514	
7.26123	0.0600498	
7.26153	0.0595916	
7.26184	0.0591397	
7.26214	0.0586931	
7.26245	0.0582524	
7.26275	0.0578173	
7.26306	0.0573877	
7.26336	0.0569634	
7.26367	0.0565447	
7.26398	0.0561312	
7.26428	0.0557225	
7.26459	0.0553194	
7.26489	0.0549208	
7.2652	0.0545274	
7.2655	0.0541389	
7.26581	0.0537552	
7.26611	0.053376	
7.26642	0.0530016	
7.26673	0.0526313	
7.26703	0.0522658	
7.26734	0.0519048	
7.26764	0.051548	
7.26795	0.0511952	
7.26825	0.0508469	
7.26856	0.0505026	
7.26886	0.0501625	
7.26917	0.0498261	
7.26948	0.0494938	
7.26978	0.0491653	
7.27009	0.0488408	
7.27039	0.0485197	
7.2707	0.0482026	
7.271	0.047889	
7.27131	0.0475787	
7.27161	0.0472721	
7.27192	0.0469692	
7.27223	0.0466693	
7.27253	0.0463728	
7.27284	0.04608	
7.27314	0.0457902	
7.27345	0.0455033	
7.27375	0.0452198	
7.27406	0.0449393	
7.27436	0.0446618	
7.27467	0.0443876	
7.27498	0.044116	
7.27528	0.0438474	
7.27559	0.0435818	
7.27589	0.0433188	
7.2762	0.0430588	
7.2765	0.0428014	
7.27681	0.0425465	
7.27711	0.0422947	
7.27742	0.0420451	
7.27773	0.0417985	
7.27803	0.0415541	
7.27834	0.0413124	
7.27864	0.0410732	
7.27895	0.0408363	
7.27925	0.0406016	
7.27956	0.0403695	
7.27986	0.0401396	
7.28017	0.0399124	
7.28048	0.039687	
7.28078	0.0394639	
7.28109	0.0392433	
7.28139	0.0390247	
7.2817	0.0388082	
7.282	0.0385936	
7.28231	0.0383813	
7.28261	0.0381712	
7.28292	0.0379629	
7.28323	0.0377566	
7.28353	0.0375524	
7.28384	0.0373501	
7.28414	0.0371497	
7.28445	0.0369512	
7.28475	0.0367545	
7.28506	0.0365596	
7.28536	0.0363667	
7.28567	0.0361755	
7.28598	0.0359859	
7.28628	0.0357985	
7.28659	0.0356123	
7.28689	0.0354283	
7.2872	0.0352457	
7.2875	0.0350647	
7.28781	0.0348855	
7.28812	0.0347078	
7.28842	0.0345316	
7.28873	0.0343572	
7.28903	0.0341844	
7.28934	0.034013	
7.28964	0.0338431	
7.28995	0.0336748	
7.29025	0.0335079	
7.29056	0.0333425	
7.29087	0.0331786	
7.29117	0.0330161	
7.29148	0.0328548	
7.29178	0.032695	
7.29209	0.0325367	
7.29239	0.0323799	
7.2927	0.0322241	
7.293	0.0320699	
7.29331	0.0319168	
7.29362	0.0317652	
7.29392	0.0316147	
7.29423	0.0314653	
7.29453	0.0313174	
7.29484	0.0311706	
7.29514	0.0310253	
7.29545	0.0308812	
7.29575	0.0307381	
7.29606	0.0305962	
7.29637	0.0304554	
7.29667	0.0303157	
7.29698	0.0301775	
7.29728	0.03004	
7.29759	0.029904	
7.29789	0.0297688	
7.2982	0.0296351	
7.2985	0.0295021	
7.29881	0.0293702	
7.29912	0.0292394	
7.29942	0.0291098	
7.29973	0.0289809	
7.30003	0.0288531	
7.30034	0.0287265	
7.30064	0.0286009	
7.30095	0.0284761	
7.30125	0.0283524	
7.30156	0.0282295	
7.30187	0.0281077	
7.30217	0.027987	
7.30248	0.027867	
7.30278	0.0277478	
7.30309	0.0276297	
7.30339	0.0275128	
7.3037	0.0273965	
7.304	0.027281	
7.30431	0.0271663	
7.30462	0.0270527	
7.30492	0.0269398	
7.30523	0.0268281	
7.30553	0.0267167	
7.30584	0.0266064	
7.30614	0.0264969	
7.30645	0.0263885	
7.30675	0.0262804	
7.30706	0.0261735	
7.30737	0.026067	
7.30767	0.0259615	
7.30798	0.0258569	
7.30828	0.0257529	
7.30859	0.0256497	
7.30889	0.0255473	
7.3092	0.0254456	
7.3095	0.0253446	
7.30981	0.0252444	
7.31012	0.0251446	
7.31042	0.0250459	
7.31073	0.0249479	
7.31103	0.0248503	
7.31134	0.0247534	
7.31164	0.0246577	
7.31195	0.024562	
7.31225	0.0244673	
7.31256	0.0243735	
7.31287	0.02428	
7.31317	0.0241872	
7.31348	0.0240952	
7.31378	0.0240035	
7.31409	0.0239126	
7.31439	0.0238225	
7.3147	0.0237331	
7.315	0.023644	
7.31531	0.0235558	
7.31562	0.0234678	
7.31592	0.0233807	
7.31623	0.0232942	
7.31653	0.0232082	
7.31684	0.0231225	
7.31714	0.0230379	
7.31745	0.0229534	
7.31775	0.0228699	
7.31806	0.0227865	
7.31837	0.0227038	
7.31867	0.0226218	
7.31898	0.0225402	
7.31928	0.0224594	
7.31959	0.0223789	
7.31989	0.0222988	
7.3202	0.0222195	
7.3205	0.0221405	
7.32081	0.0220623	
7.32112	0.0219844	
7.32142	0.0219069	
7.32173	0.0218298	
7.32203	0.0217535	
7.32234	0.0216778	
7.32264	0.0216022	
7.32295	0.0215273	
7.32326	0.0214528	
7.32356	0.0213787	
7.32387	0.0213053	
7.32417	0.0212323	
7.32448	0.0211596	
7.32478	0.0210874	
7.32509	0.0210155	
7.32539	0.0209443	
7.3257	0.0208735	
7.32601	0.0208031	
7.32631	0.0207331	
7.32662	0.0206638	
7.32692	0.0205945	
7.32723	0.020526	
7.32753	0.0204574	
7.32784	0.0203896	
7.32814	0.0203222	
7.32845	0.0202551	
7.32876	0.0201885	
7.32906	0.0201225	
7.32937	0.0200566	
7.32967	0.019991	
7.32998	0.0199258	
7.33028	0.0198614	
7.33059	0.0197969	
7.33089	0.0197332	
7.3312	0.0196695	
7.33151	0.0196066	
7.33181	0.0195436	
7.33212	0.0194814	
7.33242	0.0194192	
7.33273	0.0193574	
7.33303	0.0192963	
7.33334	0.0192352	
7.33364	0.0191744	
7.33395	0.0191141	
7.33426	0.0190545	
7.33456	0.0189949	
7.33487	0.0189353	
7.33517	0.0188764	
7.33548	0.0188179	
7.33578	0.0187598	
7.33609	0.0187017	
7.33639	0.0186443	
7.3367	0.018587	
7.33701	0.01853	
7.33731	0.0184733	
7.33762	0.0184171	
7.33792	0.0183608	
7.33823	0.0183053	
7.33853	0.0182498	
7.33884	0.0181947	
7.33914	0.0181399	
7.33945	0.0180855	
7.33976	0.0180312	
7.34006	0.0179775	
7.34037	0.0179239	
7.34067	0.0178706	
7.34098	0.0178173	
7.34128	0.0177648	
7.34159	0.0177123	
7.34189	0.0176601	
7.3422	0.0176083	
7.34251	0.0175565	
7.34281	0.0175051	
7.34312	0.0174541	
7.34342	0.0174034	
7.34373	0.0173528	
7.34403	0.0173025	
7.34434	0.0172526	
7.34464	0.017203	
7.34495	0.0171535	
7.34526	0.0171043	
7.34556	0.0170551	
7.34587	0.0170063	
7.34617	0.0169579	
7.34648	0.0169098	
7.34678	0.0168618	
7.34709	0.0168141	
7.34739	0.0167668	
7.3477	0.0167195	
7.34801	0.0166725	
7.34831	0.0166256	
7.34862	0.0165794	
7.34892	0.0165328	
7.34923	0.016487	
7.34953	0.0164412	
7.34984	0.0163954	
7.35014	0.0163503	
7.35045	0.0163052	
7.35076	0.0162601	
7.35106	0.0162154	
7.35137	0.0161711	
7.35167	0.0161268	
7.35198	0.0160828	
7.35228	0.0160389	
7.35259	0.0159953	
7.35289	0.0159521	
7.3532	0.0159089	
7.35351	0.015866	
7.35381	0.0158232	
7.35412	0.0157807	
7.35442	0.0157382	
7.35473	0.0156961	
7.35503	0.0156544	
7.35534	0.0156127	
7.35565	0.015571	
7.35595	0.0155296	
7.35626	0.0154886	
7.35656	0.0154477	
7.35687	0.0154071	
7.35717	0.0153664	
7.35748	0.0153262	
7.35778	0.015286	
7.35809	0.0152461	
7.3584	0.0152063	
7.3587	0.0151668	
7.35901	0.0151273	
7.35931	0.0150882	
7.35962	0.0150491	
7.35992	0.0150099	
7.36023	0.0149716	
7.36053	0.0149328	
7.36084	0.0148945	
7.36115	0.0148565	
7.36145	0.0148185	
7.36176	0.0147808	
7.36206	0.0147432	
7.36237	0.0147056	
7.36267	0.0146683	
7.36298	0.0146311	
7.36328	0.0145942	
7.36359	0.0145573	
7.3639	0.0145208	
7.3642	0.0144843	
7.36451	0.0144482	
7.36481	0.014412	
7.36512	0.0143759	
7.36542	0.0143401	
7.36573	0.0143047	
7.36603	0.014269	
7.36634	0.014234	
7.36665	0.0141986	
7.36695	0.0141636	
7.36726	0.0141289	
7.36756	0.0140939	
7.36787	0.0140596	
7.36817	0.014025	
7.36848	0.0139907	
7.36878	0.0139568	
7.36909	0.0139229	
7.3694	0.013889	
7.3697	0.0138555	
7.37001	0.0138219	
7.37031	0.0137884	
7.37062	0.0137553	
7.37092	0.0137221	
7.37123	0.013689	
7.37153	0.0136562	
7.37184	0.0136238	
7.37215	0.013591	
7.37245	0.0135586	
7.37276	0.0135265	
7.37306	0.0134945	
7.37337	0.0134625	
7.37367	0.0134304	
7.37398	0.0133988	
7.37428	0.0133671	
7.37459	0.0133358	
7.3749	0.0133045	
7.3752	0.0132732	
7.37551	0.0132423	
7.37581	0.0132114	
7.37612	0.0131804	
7.37642	0.0131499	
7.37673	0.0131194	
7.37703	0.0130888	
7.37734	0.0130586	
7.37765	0.0130285	
7.37795	0.0129983	
7.37826	0.0129685	
7.37856	0.0129387	
7.37887	0.0129089	
7.37917	0.0128794	
7.37948	0.01285	
7.37978	0.0128206	
7.38009	0.0127915	
7.3804	0.0127625	
7.3807	0.0127334	
7.38101	0.0127047	
7.38131	0.0126757	
7.38162	0.0126474	
7.38192	0.0126187	
7.38223	0.0125904	
7.38253	0.0125621	
7.38284	0.0125337	
7.38315	0.0125058	
7.38345	0.0124779	
7.38376	0.0124499	
7.38406	0.0124224	
7.38437	0.0123948	
7.38467	0.0123672	
7.38498	0.0123397	
7.38528	0.0123125	
7.38559	0.0122853	
7.3859	0.0122584	
7.3862	0.0122312	
7.38651	0.0122044	
7.38681	0.0121776	
7.38712	0.0121512	
7.38742	0.0121243	
7.38773	0.0120979	
7.38803	0.0120718	
7.38834	0.0120454	
7.38865	0.0120193	
7.38895	0.0119932	
7.38926	0.0119675	
7.38956	0.0119414	
7.38987	0.0119157	
7.39017	0.01189	
7.39048	0.0118647	
7.39079	0.011839	
7.39109	0.0118136	
7.3914	0.0117887	
7.3917	0.0117633	
7.39201	0.0117384	
7.39231	0.0117134	
7.39262	0.0116885	
7.39292	0.0116639	
7.39323	0.0116389	
7.39354	0.0116143	
7.39384	0.0115901	
7.39415	0.0115655	
7.39445	0.0115413	
7.39476	0.0115171	
7.39506	0.0114929	
7.39537	0.0114691	
7.39567	0.0114448	
7.39598	0.011421	
7.39629	0.0113975	
7.39659	0.0113737	
7.3969	0.0113502	
7.3972	0.0113267	
7.39751	0.0113033	
7.39781	0.0112798	
7.39812	0.0112567	
7.39842	0.0112336	
7.39873	0.0112105	
7.39904	0.0111878	
7.39934	0.0111647	
7.39965	0.011142	
7.39995	0.0111192	
7.40026	0.0110965	
7.40056	0.0110742	
7.40087	0.0110518	
7.40117	0.0110295	
7.40148	0.0110071	
7.40179	0.0109851	
7.40209	0.0109628	
7.4024	0.0109408	
7.4027	0.0109192	
7.40301	0.0108972	
7.40331	0.0108756	
7.40362	0.010854	
7.40392	0.0108324	
7.40423	0.0108108	
7.40454	0.0107896	
7.40484	0.0107683	
7.40515	0.0107471	
7.40545	0.0107259	
7.40576	0.010705	
7.40606	0.0106838	
7.40637	0.0106629	
7.40667	0.0106424	
7.40698	0.0106215	
7.40729	0.0106011	
7.40759	0.0105806	
7.4079	0.0105605	
7.4082	0.01054	
7.40851	0.0105198	
7.40881	0.0104997	
7.40912	0.01048	
7.40942	0.0104599	
7.40973	0.0104401	
7.41004	0.0104208	
7.41034	0.010401	
7.41065	0.0103816	
7.41095	0.0103623	
7.41126	0.0103433	
7.41156	0.0103243	
7.41187	0.0103053	
7.41217	0.0102866	
7.41248	0.010268	
7.41279	0.0102498	
7.41309	0.0102315	
7.4134	0.0102133	
7.4137	0.0101954	
7.41401	0.0101775	
7.41431	0.01016	
7.41462	0.0101428	
7.41492	0.0101257	
7.41523	0.0101089	
7.41554	0.0100926	
7.41584	0.0100762	
7.41615	0.0100605	
7.41645	0.0100452	
7.41676	0.01003	
7.41706	0.0100154	
7.41737	0.0100017	
7.41767	0.00998825	
7.41798	0.00997558	
7.41829	0.00996366	
7.41859	0.00995249	
7.4189	0.0099428	
7.4192	0.00993423	
7.41951	0.00992715	
7.41981	0.00992157	
7.42012	0.00991859	
7.42042	0.00991784	
7.42073	0.00992045	
7.42104	0.00992715	
7.42134	0.00993907	
7.42165	0.00995733	
7.42195	0.00998378	
7.42226	0.0100218	
7.42256	0.0100743	
7.42287	0.0101473	
7.42318	0.010249	
7.42348	0.0103906	
7.42379	0.0105906	
7.42409	0.0108734	
7.4244	0.0112697	
7.4247	0.0118032	
7.42501	0.0124909	
7.42531	0.0135899	
7.42562	0.0151496	
7.42593	0.0149082	
7.42623	0.013287	
7.42654	0.0122659	
7.42684	0.0115756	
7.42715	0.0110324	
7.42745	0.0106238	
7.42776	0.0103232	
7.42806	0.0101008	
7.42837	0.00993237	
7.42868	0.00980198	
7.42898	0.00969879	
7.42929	0.00961423	
7.42959	0.00954419	
7.4299	0.00948496	
7.4302	0.00943318	
7.43051	0.0093881	
7.43081	0.0093475	
7.43112	0.00931099	
7.43143	0.00927746	
7.43173	0.00924654	
7.43204	0.00921749	
7.43234	0.00919029	
7.43265	0.00916459	
7.43295	0.00914	
7.43326	0.00911653	
7.43356	0.00909381	
7.43387	0.0090722	
7.43418	0.00905097	
7.43448	0.00903048	
7.43479	0.00901036	
7.43509	0.00899062	
7.4354	0.00897162	
7.4357	0.00895262	
7.43601	0.00893399	
7.43631	0.00891574	
7.43662	0.00889786	
7.43693	0.00888035	
7.43723	0.00886284	
7.43754	0.00884533	
7.43784	0.00882819	
7.43815	0.00881143	
7.43845	0.00879467	
7.43876	0.0087779	
7.43906	0.00876151	
7.43937	0.00874512	
7.43968	0.0087291	
7.43998	0.00871308	
7.44029	0.00869706	
7.44059	0.00868104	
7.4409	0.0086654	
7.4412	0.00864975	
7.44151	0.00863411	
7.44181	0.00861846	
7.44212	0.00860319	
7.44243	0.00858754	
7.44273	0.00857264	
7.44304	0.00855736	
7.44334	0.00854209	
7.44365	0.00852719	
7.44395	0.00851229	
7.44426	0.00849739	
7.44456	0.00848249	
7.44487	0.00846758	
7.44518	0.00845306	
7.44548	0.00843816	
7.44579	0.00842363	
7.44609	0.0084091	
7.4464	0.00839457	
7.4467	0.00838004	
7.44701	0.00836588	
7.44731	0.00835136	
7.44762	0.0083372	
7.44793	0.00832304	
7.44823	0.00830889	
7.44854	0.00829473	
7.44884	0.00828058	
7.44915	0.00826679	
7.44945	0.00825264	
7.44976	0.00823885	
7.45006	0.00822507	
7.45037	0.00821128	
7.45068	0.0081975	
7.45098	0.00818372	
7.45129	0.00816993	
7.45159	0.00815615	
7.4519	0.00814274	
7.4522	0.00812896	
7.45251	0.00811554	
7.45281	0.00810213	
7.45312	0.00808872	
7.45343	0.00807531	
7.45373	0.0080619	
7.45404	0.00804849	
7.45434	0.00803545	
7.45465	0.00802204	
7.45495	0.008009	
7.45526	0.00799596	
7.45556	0.00798255	
7.45587	0.00796951	
7.45618	0.00795648	
7.45648	0.00794381	
7.45679	0.00793077	
7.45709	0.00791773	
7.4574	0.00790507	
7.4577	0.00789203	
7.45801	0.00787936	
7.45832	0.00786632	
7.45862	0.00785366	
7.45893	0.00784099	
7.45923	0.00782833	
7.45954	0.00781566	
7.45984	0.00780337	
7.46015	0.0077907	
7.46045	0.00777803	
7.46076	0.00776574	
7.46107	0.00775307	
7.46137	0.00774078	
7.46168	0.00772849	
7.46198	0.00771619	
7.46229	0.0077039	
7.46259	0.00769161	
7.4629	0.00767931	
7.4632	0.00766702	
7.46351	0.0076551	
7.46382	0.00764281	
7.46412	0.00763088	
7.46443	0.00761859	
7.46473	0.00760667	
7.46504	0.00759475	
7.46534	0.00758246	
7.46565	0.00757053	
7.46595	0.00755899	
7.46626	0.00754707	
7.46657	0.00753514	
7.46687	0.00752322	
7.46718	0.00751168	
7.46748	0.00749975	
7.46779	0.00748821	
7.46809	0.00747629	
7.4684	0.00746474	
7.4687	0.00745319	
7.46901	0.00744164	
7.46932	0.00743009	
7.46962	0.00741854	
7.46993	0.00740699	
7.47023	0.00739545	
7.47054	0.0073839	
7.47084	0.00737272	
7.47115	0.00736117	
7.47145	0.00735	
7.47176	0.00733845	
7.47207	0.00732727	
7.47237	0.0073161	
7.47268	0.00730492	
7.47298	0.00729375	
7.47329	0.00728257	
7.47359	0.00727139	
7.4739	0.00726022	
7.4742	0.00724904	
7.47451	0.00723824	
7.47482	0.00722706	
7.47512	0.00721589	
7.47543	0.00720508	
7.47573	0.00719428	
7.47604	0.0071831	
7.47634	0.0071723	
7.47665	0.0071615	
7.47695	0.00715069	
7.47726	0.00713989	
7.47757	0.00712909	
7.47787	0.00711828	
7.47818	0.00710748	
7.47848	0.00709705	
7.47879	0.00708625	
7.47909	0.00707582	
7.4794	0.00706501	
7.4797	0.00705458	
7.48001	0.00704378	
7.48032	0.00703335	
7.48062	0.00702292	
7.48093	0.00701249	
7.48123	0.00700206	
7.48154	0.00699162	
7.48184	0.00698119	
7.48215	0.00697076	
7.48245	0.00696033	
7.48276	0.00695027	
7.48307	0.00693984	
7.48337	0.00692941	
7.48368	0.00691935	
7.48398	0.00690892	
7.48429	0.00689887	
7.48459	0.00688881	
7.4849	0.00687875	
7.4852	0.00686832	
7.48551	0.00685826	
7.48582	0.0068482	
7.48612	0.00683814	
7.48643	0.00682846	
7.48673	0.0068184	
7.48704	0.00680834	
7.48734	0.00679828	
7.48765	0.0067886	
7.48795	0.00677854	
7.48826	0.00676885	
7.48857	0.00675879	
7.48887	0.00674911	
7.48918	0.00673942	
7.48948	0.00672936	
7.48979	0.00671968	
7.49009	0.00670999	
7.4904	0.00670031	
7.4907	0.00669062	
7.49101	0.00668094	
7.49132	0.00667125	
7.49162	0.00666156	
7.49193	0.00665225	
7.49223	0.00664257	
7.49254	0.00663288	
7.49284	0.00662357	
7.49315	0.00661388	
7.49346	0.00660457	
7.49376	0.00659525	
7.49407	0.00658557	
7.49437	0.00657625	
7.49468	0.00656694	
7.49498	0.00655763	
7.49529	0.00654832	
7.49559	0.006539	
7.4959	0.00652969	
7.49621	0.00652038	
7.49651	0.00651106	
7.49682	0.00650175	
7.49712	0.00649281	
7.49743	0.0064835	
7.49773	0.00647455	
7.49804	0.00646524	
7.49834	0.0064563	
7.49865	0.00644699	
7.49896	0.00643805	
7.49926	0.00642873	
7.49957	0.00641979	
7.49987	0.00641085	
7.50018	0.00640191	
7.50048	0.00639297	
7.50079	0.00638403	
7.50109	0.00637509	
7.5014	0.00636615	
7.50171	0.00635721	
7.50201	0.00634827	
7.50232	0.0063397	
7.50262	0.00633076	
7.50293	0.00632182	
7.50323	0.00631325	
7.50354	0.00630431	
7.50384	0.00629574	
7.50415	0.0062868	
7.50446	0.00627823	
7.50476	0.00626966	
7.50507	0.0062611	
7.50537	0.00625215	
7.50568	0.00624359	
7.50598	0.00623502	
7.50629	0.00622645	
7.50659	0.00621788	
7.5069	0.00620931	
7.50721	0.00620075	
7.50751	0.00619255	
7.50782	0.00618398	
7.50812	0.00617541	
7.50843	0.00616685	
7.50873	0.00615865	
7.50904	0.00615008	
7.50934	0.00614189	
7.50965	0.00613332	
7.50996	0.00612512	
7.51026	0.00611693	
7.51057	0.00610836	
7.51087	0.00610016	
7.51118	0.00609197	
7.51148	0.00608377	
7.51179	0.00607558	
7.51209	0.00606738	
7.5124	0.00605918	
7.51271	0.00605099	
7.51301	0.00604279	
7.51332	0.0060346	
7.51362	0.0060264	
7.51393	0.00601821	
7.51423	0.00601001	
7.51454	0.00600219	
7.51484	0.00599399	
7.51515	0.00598617	
7.51546	0.00597797	
7.51576	0.00597015	
7.51607	0.00596195	
7.51637	0.00595413	
7.51668	0.00594631	
7.51698	0.00593811	
7.51729	0.00593029	
7.51759	0.00592247	
7.5179	0.00591464	
7.51821	0.00590682	
7.51851	0.005899	
7.51882	0.00589117	
7.51912	0.00588335	
7.51943	0.00587553	
7.51973	0.0058677	
7.52004	0.00585988	
7.52034	0.00585243	
7.52065	0.00584461	
7.52096	0.00583678	
7.52126	0.00582933	
7.52157	0.00582151	
7.52187	0.00581369	
7.52218	0.00580624	
7.52248	0.00579879	
7.52279	0.00579096	
7.52309	0.00578351	
7.5234	0.00577569	
7.52371	0.00576824	
7.52401	0.00576079	
7.52432	0.00575334	
7.52462	0.00574589	
7.52493	0.00573844	
7.52523	0.00573099	
7.52554	0.00572354	
7.52585	0.00571609	
7.52615	0.00570863	
7.52646	0.00570118	
7.52676	0.00569373	
7.52707	0.00568628	
7.52737	0.00567921	
7.52768	0.00567175	
7.52798	0.0056643	
7.52829	0.00565723	
7.5286	0.00564978	
7.5289	0.00564232	
7.52921	0.00563525	
7.52951	0.00562817	
7.52982	0.00562072	
7.53012	0.00561364	
7.53043	0.00560619	
7.53073	0.00559911	
7.53104	0.00559203	
7.53135	0.00558496	
7.53165	0.00557788	
7.53196	0.0055708	
7.53226	0.00556335	
7.53257	0.00555627	
7.53287	0.00554919	
7.53318	0.00554211	
7.53348	0.00553541	
7.53379	0.00552833	
7.5341	0.00552125	
7.5344	0.00551417	
7.53471	0.0055071	
7.53501	0.00550039	
7.53532	0.00549331	
7.53562	0.00548624	
7.53593	0.00547953	
7.53623	0.00547245	
7.53654	0.00546575	
7.53685	0.00545867	
7.53715	0.00545196	
7.53746	0.00544488	
7.53776	0.00543818	
7.53807	0.00543147	
7.53837	0.0054244	
7.53868	0.00541769	
7.53898	0.00541098	
7.53929	0.00540428	
7.5396	0.00539757	
7.5399	0.00539087	
7.54021	0.00538416	
7.54051	0.00537746	
7.54082	0.00537075	
7.54112	0.00536405	
7.54143	0.00535734	
7.54173	0.00535063	
7.54204	0.00534393	
7.54235	0.00533722	
7.54265	0.00533089	
7.54296	0.00532418	
7.54326	0.00531748	
7.54357	0.00531115	
7.54387	0.00530444	
7.54418	0.00529774	
7.54448	0.0052914	
7.54479	0.0052847	
7.5451	0.00527836	
7.5454	0.00527166	
7.54571	0.00526533	
7.54601	0.00525899	
7.54632	0.00525229	
7.54662	0.00524595	
7.54693	0.00523962	
7.54723	0.00523329	
7.54754	0.00522658	
7.54785	0.00522025	
7.54815	0.00521392	
7.54846	0.00520758	
7.54876	0.00520125	
7.54907	0.00519492	
7.54937	0.00518858	
7.54968	0.00518225	
7.54998	0.00517592	
7.55029	0.00516959	
7.5506	0.00516325	
7.5509	0.00515729	
7.55121	0.00515096	
7.55151	0.00514463	
7.55182	0.00513829	
7.55212	0.00513233	
7.55243	0.005126	
7.55273	0.00512004	
7.55304	0.00511371	
7.55335	0.00510737	
7.55365	0.00510141	
7.55396	0.00509545	
7.55426	0.00508912	
7.55457	0.00508316	
7.55487	0.00507683	
7.55518	0.00507087	
7.55548	0.0050649	
7.55579	0.00505857	
7.5561	0.00505261	
7.5564	0.00504665	
7.55671	0.00504069	
7.55701	0.00503473	
7.55732	0.00502877	
7.55762	0.00502281	
7.55793	0.00501685	
7.55823	0.00501089	
7.55854	0.00500493	
7.55885	0.00499897	
7.55915	0.00499301	
7.55946	0.00498705	
7.55976	0.00498109	
7.56007	0.00497513	
7.56037	0.00496916	
7.56068	0.00496358	
7.56099	0.00495762	
7.56129	0.00495166	
7.5616	0.00494607	
7.5619	0.00494011	
7.56221	0.00493415	
7.56251	0.00492856	
7.56282	0.0049226	
7.56312	0.00491701	
7.56343	0.00491105	
7.56374	0.00490546	
7.56404	0.0048995	
7.56435	0.00489391	
7.56465	0.00488833	
7.56496	0.00488237	
7.56526	0.00487678	
7.56557	0.00487119	
7.56587	0.0048656	
7.56618	0.00485964	
7.56649	0.00485405	
7.56679	0.00484847	
7.5671	0.00484288	
7.5674	0.00483729	
7.56771	0.0048317	
7.56801	0.00482611	
7.56832	0.00482053	
7.56862	0.00481494	
7.56893	0.00480935	
7.56924	0.00480376	
7.56954	0.00479817	
7.56985	0.00479259	
7.57015	0.004787	
7.57046	0.00478178	
7.57076	0.00477619	
7.57107	0.00477061	
7.57137	0.00476502	
7.57168	0.0047598	
7.57199	0.00475422	
7.57229	0.00474863	
7.5726	0.00474341	
7.5729	0.00473782	
7.57321	0.00473261	
7.57351	0.00472702	
7.57382	0.00472181	
7.57412	0.00471622	
7.57443	0.004711	
7.57474	0.00470541	
7.57504	0.0047002	
7.57535	0.00469498	
7.57565	0.0046894	
7.57596	0.00468418	
7.57626	0.00467896	
7.57657	0.00467375	
7.57687	0.00466816	
7.57718	0.00466295	
7.57749	0.00465773	
7.57779	0.00465252	
7.5781	0.0046473	
7.5784	0.00464208	
7.57871	0.00463687	
7.57901	0.00463165	
7.57932	0.00462644	
7.57962	0.00462122	
7.57993	0.00461601	
7.58024	0.00461079	
7.58054	0.00460558	
7.58085	0.00460036	
7.58115	0.00459515	
7.58146	0.00458993	
7.58176	0.00458509	
7.58207	0.00457987	
7.58237	0.00457466	
7.58268	0.00456944	
7.58299	0.0045646	
7.58329	0.00455938	
7.5836	0.00455417	
7.5839	0.00454932	
7.58421	0.00454411	
7.58451	0.00453927	
7.58482	0.00453405	
7.58512	0.00452921	
7.58543	0.00452399	
7.58574	0.00451915	
7.58604	0.00451393	
7.58635	0.00450909	
7.58665	0.00450388	
7.58696	0.00449903	
7.58726	0.00449419	
7.58757	0.00448897	
7.58787	0.00448413	
7.58818	0.00447929	
7.58849	0.00447445	
7.58879	0.00446923	
7.5891	0.00446439	
7.5894	0.00445955	
7.58971	0.0044547	
7.59001	0.00444986	
7.59032	0.00444502	
7.59062	0.00444017	
7.59093	0.00443533	
7.59124	0.00443049	
7.59154	0.00442564	
7.59185	0.0044208	
7.59215	0.00441596	
7.59246	0.00441112	
7.59276	0.00440627	
7.59307	0.00440143	
7.59338	0.00439659	
7.59368	0.00439174	
7.59399	0.0043869	
7.59429	0.00438243	
7.5946	0.00437759	
7.5949	0.00437275	
7.59521	0.0043679	
7.59551	0.00436343	
7.59582	0.00435859	
7.59613	0.00435375	
7.59643	0.00434928	
7.59674	0.00434443	
7.59704	0.00433996	
7.59735	0.00433512	
7.59765	0.00433065	
7.59796	0.00432581	
7.59826	0.00432134	
7.59857	0.00431649	
7.59888	0.00431202	
7.59918	0.00430718	
7.59949	0.00430271	
7.59979	0.00429824	
7.6001	0.0042934	
7.6004	0.00428855	
7.60071	0.00428408	
7.60101	0.00427961	
7.60132	0.00427514	
7.60163	0.0042703	
7.60193	0.00426583	
7.60224	0.00426136	
7.60254	0.00425689	
7.60285	0.00425242	
7.60315	0.00424758	
7.60346	0.00424311	
7.60376	0.00423864	
7.60407	0.00423416	
7.60438	0.00422969	
7.60468	0.00422522	
7.60499	0.00422075	
7.60529	0.00421628	
7.6056	0.00421181	
7.6059	0.00420734	
7.60621	0.00420287	
7.60651	0.0041984	
7.60682	0.0041943	
7.60713	0.00418983	
7.60743	0.00418536	
7.60774	0.00418089	
7.60804	0.00417642	
7.60835	0.00417233	
7.60865	0.00416785	
7.60896	0.00416338	
7.60926	0.00415891	
7.60957	0.00415482	
7.60988	0.00415035	
7.61018	0.00414588	
7.61049	0.00414178	
7.61079	0.00413731	
7.6111	0.00413321	
7.6114	0.00412874	
7.61171	0.00412464	
7.61201	0.00412017	
7.61232	0.0041157	
7.61263	0.0041116	
7.61293	0.00410751	
7.61324	0.00410303	
7.61354	0.00409894	
7.61385	0.00409447	
7.61415	0.00409037	
7.61446	0.00408627	
7.61476	0.0040818	
7.61507	0.0040777	
7.61538	0.0040736	
7.61568	0.00406913	
7.61599	0.00406504	
7.61629	0.00406094	
7.6166	0.00405684	
7.6169	0.00405237	
7.61721	0.00404827	
7.61751	0.00404418	
7.61782	0.00404008	
7.61813	0.00403598	
7.61843	0.00403188	
7.61874	0.00402778	
7.61904	0.00402331	
7.61935	0.00401922	
7.61965	0.00401512	
7.61996	0.00401102	
7.62026	0.00400692	
7.62057	0.00400282	
7.62088	0.00399873	
7.62118	0.003995	
7.62149	0.0039909	
7.62179	0.00398681	
7.6221	0.00398271	
7.6224	0.00397861	
7.62271	0.00397451	
7.62301	0.00397041	
7.62332	0.00396632	
7.62363	0.00396259	
7.62393	0.00395849	
7.62424	0.0039544	
7.62454	0.0039503	
7.62485	0.00394657	
7.62515	0.00394247	
7.62546	0.00393838	
7.62576	0.00393465	
7.62607	0.00393055	
7.62638	0.00392646	
7.62668	0.00392273	
7.62699	0.00391863	
7.62729	0.00391491	
7.6276	0.00391081	
7.6279	0.00390708	
7.62821	0.00390299	
7.62852	0.00389926	
7.62882	0.00389516	
7.62913	0.00389144	
7.62943	0.00388734	
7.62974	0.00388362	
7.63004	0.00387952	
7.63035	0.00387579	
7.63065	0.00387207	
7.63096	0.00386797	
7.63127	0.00386424	
7.63157	0.00386052	
7.63188	0.00385642	
7.63218	0.0038527	
7.63249	0.00384897	
7.63279	0.00384487	
7.6331	0.00384115	
7.6334	0.00383742	
7.63371	0.0038337	
7.63402	0.00382997	
7.63432	0.00382587	
7.63463	0.00382215	
7.63493	0.00381842	
7.63524	0.0038147	
7.63554	0.00381097	
7.63585	0.00380725	
7.63615	0.00380352	
7.63646	0.0037998	
7.63677	0.00379607	
7.63707	0.00379235	
7.63738	0.00378862	
7.63768	0.00378489	
7.63799	0.00378117	
7.63829	0.00377744	
7.6386	0.00377372	
7.6389	0.00376999	
7.63921	0.00376627	
7.63952	0.00376254	
7.63982	0.00375882	
7.64013	0.00375509	
7.64043	0.00375174	
7.64074	0.00374801	
7.64104	0.00374429	
7.64135	0.00374056	
7.64165	0.00373684	
7.64196	0.00373349	
7.64227	0.00372976	
7.64257	0.00372604	
7.64288	0.00372268	
7.64318	0.00371896	
7.64349	0.00371523	
7.64379	0.00371151	
7.6441	0.00370815	
7.6444	0.00370443	
7.64471	0.00370108	
7.64502	0.00369735	
7.64532	0.00369363	
7.64563	0.00369027	
7.64593	0.00368655	
7.64624	0.00368319	
7.64654	0.00367947	
7.64685	0.00367612	
7.64715	0.00367239	
7.64746	0.00366904	
7.64777	0.00366531	
7.64807	0.00366196	
7.64838	0.00365824	
7.64868	0.00365488	
7.64899	0.00365153	
7.64929	0.0036478	
7.6496	0.00364445	
7.6499	0.0036411	
7.65021	0.00363737	
7.65052	0.00363402	
7.65082	0.00363067	
7.65113	0.00362694	
7.65143	0.00362359	
7.65174	0.00362024	
7.65204	0.00361688	
7.65235	0.00361316	
7.65265	0.00360981	
7.65296	0.00360645	
7.65327	0.0036031	
7.65357	0.00359975	
7.65388	0.00359602	
7.65418	0.00359267	
7.65449	0.00358932	
7.65479	0.00358596	
7.6551	0.00358261	
7.6554	0.00357926	
7.65571	0.00357591	
7.65602	0.00357255	
7.65632	0.0035692	
7.65663	0.00356585	
7.65693	0.0035625	
7.65724	0.00355914	
7.65754	0.00355579	
7.65785	0.00355244	
7.65815	0.00354908	
7.65846	0.00354573	
7.65877	0.00354238	
7.65907	0.00353903	
7.65938	0.00353567	
7.65968	0.00353232	
7.65999	0.00352897	
7.66029	0.00352561	
7.6606	0.00352263	
7.6609	0.00351928	
7.66121	0.00351593	
7.66152	0.00351258	
7.66182	0.00350922	
7.66213	0.00350624	
7.66243	0.00350289	
7.66274	0.00349954	
7.66304	0.00349618	
7.66335	0.0034932	
7.66366	0.00348985	
7.66396	0.0034865	
7.66427	0.00348352	
7.66457	0.00348017	
7.66488	0.00347681	
7.66518	0.00347383	
7.66549	0.00347048	
7.66579	0.00346713	
7.6661	0.00346415	
7.66641	0.00346079	
7.66671	0.00345781	
7.66702	0.00345446	
7.66732	0.00345148	
7.66763	0.00344813	
7.66793	0.00344515	
7.66824	0.0034418	
7.66854	0.00343882	
7.66885	0.00343546	
7.66916	0.00343248	
7.66946	0.00342913	
7.66977	0.00342615	
7.67007	0.0034228	
7.67038	0.00341982	
7.67068	0.00341684	
7.67099	0.00341348	
7.67129	0.0034105	
7.6716	0.00340715	
7.67191	0.00340417	
7.67221	0.00340119	
7.67252	0.00339784	
7.67282	0.00339486	
7.67313	0.00339188	
7.67343	0.0033889	
7.67374	0.00338554	
7.67404	0.00338256	
7.67435	0.00337958	
7.67466	0.0033766	
7.67496	0.00337325	
7.67527	0.00337027	
7.67557	0.00336729	
7.67588	0.00336431	
7.67618	0.00336133	
7.67649	0.00335798	
7.67679	0.003355	
7.6771	0.00335202	
7.67741	0.00334904	
7.67771	0.00334606	
7.67802	0.00334308	
7.67832	0.0033401	
7.67863	0.00333712	
7.67893	0.00333413	
7.67924	0.00333115	
7.67954	0.00332817	
7.67985	0.00332519	
7.68016	0.00332221	
7.68046	0.00331923	
7.68077	0.00331625	
7.68107	0.00331327	
7.68138	0.00331029	
7.68168	0.00330731	
7.68199	0.00330433	
7.68229	0.00330135	
7.6826	0.00329837	
7.68291	0.00329539	
7.68321	0.00329241	
7.68352	0.00328943	
7.68382	0.00328682	
7.68413	0.00328384	
7.68443	0.00328086	
7.68474	0.00327788	
7.68504	0.0032749	
7.68535	0.00327192	
7.68566	0.00326931	
7.68596	0.00326633	
7.68627	0.00326335	
7.68657	0.00326037	
7.68688	0.00325777	
7.68718	0.00325479	
7.68749	0.00325181	
7.68779	0.00324883	
7.6881	0.00324622	
7.68841	0.00324324	
7.68871	0.00324026	
7.68902	0.00323765	
7.68932	0.00323467	
7.68963	0.00323169	
7.68993	0.00322908	
7.69024	0.0032261	
7.69054	0.00322349	
7.69085	0.00322051	
7.69116	0.00321753	
7.69146	0.00321493	
7.69177	0.00321195	
7.69207	0.00320934	
7.69238	0.00320636	
7.69268	0.00320375	
7.69299	0.00320077	
7.69329	0.00319816	
7.6936	0.00319518	
7.69391	0.00319257	
7.69421	0.00318959	
7.69452	0.00318699	
7.69482	0.00318401	
7.69513	0.0031814	
7.69543	0.00317842	
7.69574	0.00317581	
7.69605	0.0031732	
7.69635	0.00317022	
7.69666	0.00316761	
7.69696	0.00316501	
7.69727	0.00316203	
7.69757	0.00315942	
7.69788	0.00315644	
7.69818	0.00315383	
7.69849	0.00315122	
7.6988	0.00314862	
7.6991	0.00314564	
7.69941	0.00314303	
7.69971	0.00314042	
7.70002	0.00313744	
7.70032	0.00313483	
7.70063	0.00313222	
7.70093	0.00312962	
7.70124	0.00312664	
7.70155	0.00312403	
7.70185	0.00312142	
7.70216	0.00311881	
7.70246	0.00311621	
7.70277	0.0031136	
7.70307	0.00311062	
7.70338	0.00310801	
7.70368	0.0031054	
7.70399	0.00310279	
7.7043	0.00310019	
7.7046	0.00309758	
7.70491	0.00309497	
7.70521	0.00309236	
7.70552	0.00308976	
7.70582	0.00308678	
7.70613	0.00308417	
7.70643	0.00308156	
7.70674	0.00307895	
7.70705	0.00307634	
7.70735	0.00307374	
7.70766	0.00307113	
7.70796	0.00306852	
7.70827	0.00306591	
7.70857	0.00306331	
7.70888	0.0030607	
7.70918	0.00305809	
7.70949	0.00305586	
7.7098	0.00305325	
7.7101	0.00305064	
7.71041	0.00304803	
7.71071	0.00304542	
7.71102	0.00304282	
7.71132	0.00304021	
7.71163	0.0030376	
7.71193	0.00303499	
7.71224	0.00303239	
7.71255	0.00303015	
7.71285	0.00302754	
7.71316	0.00302494	
7.71346	0.00302233	
7.71377	0.00301972	
7.71407	0.00301749	
7.71438	0.00301488	
7.71468	0.00301227	
7.71499	0.00300966	
7.7153	0.00300743	
7.7156	0.00300482	
7.71591	0.00300221	
7.71621	0.0029996	
7.71652	0.00299737	
7.71682	0.00299476	
7.71713	0.00299215	
7.71743	0.00298955	
7.71774	0.00298731	
7.71805	0.0029847	
7.71835	0.00298209	
7.71866	0.00297986	
7.71896	0.00297725	
7.71927	0.00297502	
7.71957	0.00297241	
7.71988	0.0029698	
7.72018	0.00296757	
7.72049	0.00296496	
7.7208	0.00296272	
7.7211	0.00296012	
7.72141	0.00295751	
7.72171	0.00295527	
7.72202	0.00295267	
7.72232	0.00295043	
7.72263	0.00294782	
7.72293	0.00294559	
7.72324	0.00294298	
7.72355	0.00294074	
7.72385	0.00293814	
7.72416	0.0029359	
7.72446	0.00293329	
7.72477	0.00293106	
7.72507	0.00292845	
7.72538	0.00292622	
7.72568	0.00292361	
7.72599	0.00292137	
7.7263	0.00291914	
7.7266	0.00291653	
7.72691	0.00291429	
7.72721	0.00291169	
7.72752	0.00290945	
7.72782	0.00290722	
7.72813	0.00290461	
7.72843	0.00290237	
7.72874	0.00290014	
7.72905	0.00289753	
7.72935	0.0028953	
7.72966	0.00289306	
7.72996	0.00289045	
7.73027	0.00288822	
7.73057	0.00288598	
7.73088	0.00288337	
7.73119	0.00288114	
7.73149	0.0028789	
7.7318	0.00287667	
7.7321	0.00287406	
7.73241	0.00287183	
7.73271	0.00286959	
7.73302	0.00286736	
7.73332	0.00286475	
7.73363	0.00286251	
7.73394	0.00286028	
7.73424	0.00285804	
7.73455	0.00285581	
7.73485	0.0028532	
7.73516	0.00285096	
7.73546	0.00284873	
7.73577	0.00284649	
7.73607	0.00284426	
7.73638	0.00284202	
7.73669	0.00283979	
7.73699	0.00283755	
7.7373	0.00283495	
7.7376	0.00283271	
7.73791	0.00283048	
7.73821	0.00282824	
7.73852	0.00282601	
7.73882	0.00282377	
7.73913	0.00282153	
7.73944	0.0028193	
7.73974	0.00281706	
7.74005	0.00281483	
7.74035	0.00281259	
7.74066	0.00281036	
7.74096	0.00280812	
7.74127	0.00280589	
7.74157	0.00280365	
7.74188	0.00280142	
7.74219	0.00279918	
7.74249	0.00279695	
7.7428	0.00279471	
7.7431	0.00279248	
7.74341	0.00279024	
7.74371	0.00278801	
7.74402	0.00278577	
7.74432	0.00278354	
7.74463	0.0027813	
7.74494	0.00277907	
7.74524	0.0027772	
7.74555	0.00277497	
7.74585	0.00277273	
7.74616	0.0027705	
7.74646	0.00276826	
7.74677	0.00276603	
7.74707	0.00276379	
7.74738	0.00276193	
7.74769	0.0027597	
7.74799	0.00275746	
7.7483	0.00275522	
7.7486	0.00275299	
7.74891	0.00275075	
7.74921	0.00274889	
7.74952	0.00274666	
7.74982	0.00274442	
7.75013	0.00274219	
7.75044	0.00274032	
7.75074	0.00273809	
7.75105	0.00273585	
7.75135	0.00273362	
7.75166	0.00273176	
7.75196	0.00272952	
7.75227	0.00272729	
7.75257	0.00272505	
7.75288	0.00272319	
7.75319	0.00272095	
7.75349	0.00271872	
7.7538	0.00271685	
7.7541	0.00271462	
7.75441	0.00271238	
7.75471	0.00271052	
7.75502	0.00270829	
7.75532	0.00270605	
7.75563	0.00270419	
7.75594	0.00270195	
7.75624	0.00270009	
7.75655	0.00269786	
7.75685	0.00269562	
7.75716	0.00269376	
7.75746	0.00269152	
7.75777	0.00268966	
7.75807	0.00268742	
7.75838	0.00268519	
7.75869	0.00268333	
7.75899	0.00268109	
7.7593	0.00267923	
7.7596	0.00267699	
7.75991	0.00267513	
7.76021	0.0026729	
7.76052	0.00267103	
7.76082	0.0026688	
7.76113	0.00266694	
7.76144	0.0026647	
7.76174	0.00266284	
7.76205	0.0026606	
7.76235	0.00265874	
7.76266	0.0026565	
7.76296	0.00265464	
7.76327	0.00265241	
7.76358	0.00265054	
7.76388	0.00264868	
7.76419	0.00264645	
7.76449	0.00264458	
7.7648	0.00264235	
7.7651	0.00264049	
7.76541	0.00263862	
7.76571	0.00263639	
7.76602	0.00263453	
7.76633	0.00263229	
7.76663	0.00263043	
7.76694	0.00262856	
7.76724	0.00262633	
7.76755	0.00262447	
7.76785	0.0026226	
7.76816	0.00262037	
7.76846	0.00261851	
7.76877	0.00261664	
7.76908	0.00261441	
7.76938	0.00261255	
7.76969	0.00261068	
7.76999	0.00260845	
7.7703	0.00260659	
7.7706	0.00260472	
7.77091	0.00260286	
7.77121	0.00260063	
7.77152	0.00259876	
7.77183	0.0025969	
7.77213	0.00259504	
7.77244	0.0025928	
7.77274	0.00259094	
7.77305	0.00258908	
7.77335	0.00258721	
7.77366	0.00258498	
7.77396	0.00258312	
7.77427	0.00258125	
7.77458	0.00257939	
7.77488	0.00257753	
7.77519	0.00257567	
7.77549	0.00257343	
7.7758	0.00257157	
7.7761	0.00256971	
7.77641	0.00256784	
7.77671	0.00256598	
7.77702	0.00256412	
7.77733	0.00256188	
7.77763	0.00256002	
7.77794	0.00255816	
7.77824	0.00255629	
7.77855	0.00255443	
7.77885	0.00255257	
7.77916	0.00255071	
7.77946	0.00254884	
7.77977	0.00254698	
7.78008	0.00254512	
7.78038	0.00254326	
7.78069	0.00254102	
7.78099	0.00253916	
7.7813	0.0025373	
7.7816	0.00253543	
7.78191	0.00253357	
7.78221	0.00253171	
7.78252	0.00252984	
7.78283	0.00252798	
7.78313	0.00252612	
7.78344	0.00252426	
7.78374	0.00252239	
7.78405	0.00252053	
7.78435	0.00251867	
7.78466	0.00251681	
7.78496	0.00251494	
7.78527	0.00251308	
7.78558	0.00251122	
7.78588	0.00250936	
7.78619	0.00250749	
7.78649	0.002506	
7.7868	0.00250414	
7.7871	0.00250228	
7.78741	0.00250041	
7.78771	0.00249855	
7.78802	0.00249669	
7.78833	0.00249483	
7.78863	0.00249296	
7.78894	0.0024911	
7.78924	0.00248924	
7.78955	0.00248775	
7.78985	0.00248589	
7.79016	0.00248402	
7.79046	0.00248216	
7.79077	0.0024803	
7.79108	0.00247844	
7.79138	0.00247657	
7.79169	0.00247508	
7.79199	0.00247322	
7.7923	0.00247136	
7.7926	0.00246949	
7.79291	0.00246763	
7.79321	0.00246577	
7.79352	0.00246428	
7.79383	0.00246242	
7.79413	0.00246055	
7.79444	0.00245869	
7.79474	0.0024572	
7.79505	0.00245534	
7.79535	0.00245348	
7.79566	0.00245161	
7.79596	0.00245012	
7.79627	0.00244826	
7.79658	0.0024464	
7.79688	0.00244454	
7.79719	0.00244305	
7.79749	0.00244118	
7.7978	0.00243932	
7.7981	0.00243746	
7.79841	0.00243597	
7.79872	0.0024341	
7.79902	0.00243224	
7.79933	0.00243075	
7.79963	0.00242889	
7.79994	0.00242703	
7.80024	0.00242554	
7.80055	0.00242367	
7.80085	0.00242181	
7.80116	0.00242032	
7.80147	0.00241846	
7.80177	0.0024166	
7.80208	0.00241511	
7.80238	0.00241324	
7.80269	0.00241138	
7.80299	0.00240989	
7.8033	0.00240803	
7.8036	0.00240654	
7.80391	0.00240467	
7.80422	0.00240281	
7.80452	0.00240132	
7.80483	0.00239946	
7.80513	0.00239797	
7.80544	0.00239611	
7.80574	0.00239462	
7.80605	0.00239275	
7.80635	0.00239089	
7.80666	0.0023894	
7.80697	0.00238754	
7.80727	0.00238605	
7.80758	0.00238419	
7.80788	0.0023827	
7.80819	0.00238083	
7.80849	0.00237934	
7.8088	0.00237748	
7.8091	0.00237599	
7.80941	0.00237413	
7.80972	0.00237264	
7.81002	0.00237077	
7.81033	0.00236928	
7.81063	0.00236742	
7.81094	0.00236593	
7.81124	0.00236407	
7.81155	0.00236258	
7.81185	0.00236072	
7.81216	0.00235923	
7.81247	0.00235774	
7.81277	0.00235587	
7.81308	0.00235438	
7.81338	0.00235252	
7.81369	0.00235103	
7.81399	0.00234917	
7.8143	0.00234768	
7.8146	0.00234619	
7.81491	0.00234433	
7.81522	0.00234284	
7.81552	0.00234097	
7.81583	0.00233948	
7.81613	0.00233799	
7.81644	0.00233613	
7.81674	0.00233464	
7.81705	0.00233315	
7.81735	0.00233129	
7.81766	0.0023298	
7.81797	0.00232793	
7.81827	0.00232644	
7.81858	0.00232495	
7.81888	0.00232309	
7.81919	0.0023216	
7.81949	0.00232011	
7.8198	0.00231825	
7.8201	0.00231676	
7.82041	0.00231527	
7.82072	0.00231378	
7.82102	0.00231192	
7.82133	0.00231043	
7.82163	0.00230893	
7.82194	0.00230707	
7.82224	0.00230558	
7.82255	0.00230409	
7.82285	0.0023026	
7.82316	0.00230074	
7.82347	0.00229925	
7.82377	0.00229776	
7.82408	0.00229627	
7.82438	0.00229441	
7.82469	0.00229292	
7.82499	0.00229143	
7.8253	0.00228994	
7.8256	0.00228807	
7.82591	0.00228658	
7.82622	0.00228509	
7.82652	0.0022836	
7.82683	0.00228211	
7.82713	0.00228025	
7.82744	0.00227876	
7.82774	0.00227727	
7.82805	0.00227578	
7.82835	0.00227429	
7.82866	0.0022728	
7.82897	0.00227094	
7.82927	0.00226945	
7.82958	0.00226796	
7.82988	0.00226647	
7.83019	0.00226498	
7.83049	0.00226349	
7.8308	0.00226162	
7.8311	0.00226013	
7.83141	0.00225864	
7.83172	0.00225715	
7.83202	0.00225566	
7.83233	0.00225417	
7.83263	0.00225268	
7.83294	0.00225119	
7.83324	0.0022497	
7.83355	0.00224784	
7.83386	0.00224635	
7.83416	0.00224486	
7.83447	0.00224337	
7.83477	0.00224188	
7.83508	0.00224039	
7.83538	0.0022389	
7.83569	0.00223741	
7.83599	0.00223592	
7.8363	0.00223443	
7.83661	0.00223294	
7.83691	0.00223145	
7.83722	0.00222996	
7.83752	0.00222847	
7.83783	0.00222698	
7.83813	0.00222549	
7.83844	0.002224	
7.83874	0.00222251	
7.83905	0.00222102	
7.83936	0.00221953	
7.83966	0.00221804	
7.83997	0.00221655	
7.84027	0.00221506	
7.84058	0.00221357	
7.84088	0.00221208	
7.84119	0.00221059	
7.84149	0.0022091	
7.8418	0.00220761	
7.84211	0.00220612	
7.84241	0.00220463	
7.84272	0.00220314	
7.84302	0.00220165	
7.84333	0.00220016	
7.84363	0.00219867	
7.84394	0.00219718	
7.84424	0.00219569	
7.84455	0.0021942	
7.84486	0.00219271	
7.84516	0.00219122	
7.84547	0.0021901	
7.84577	0.00218861	
7.84608	0.00218712	
7.84638	0.00218563	
7.84669	0.00218414	
7.84699	0.00218265	
7.8473	0.00218116	
7.84761	0.00217967	
7.84791	0.00217818	
7.84822	0.00217706	
7.84852	0.00217557	
7.84883	0.00217408	
7.84913	0.00217259	
7.84944	0.0021711	
7.84974	0.00216961	
7.85005	0.00216812	
7.85036	0.002167	
7.85066	0.00216551	
7.85097	0.00216402	
7.85127	0.00216253	
7.85158	0.00216104	
7.85188	0.00215955	
7.85219	0.00215843	
7.85249	0.00215694	
7.8528	0.00215545	
7.85311	0.00215396	
7.85341	0.00215247	
7.85372	0.00215136	
7.85402	0.00214987	
7.85433	0.00214837	
7.85463	0.00214688	
7.85494	0.00214577	
7.85524	0.00214428	
7.85555	0.00214279	
7.85586	0.0021413	
7.85616	0.00213981	
7.85647	0.00213869	
7.85677	0.0021372	
7.85708	0.00213571	
7.85738	0.00213422	
7.85769	0.0021331	
7.85799	0.00213161	
7.8583	0.00213012	
7.85861	0.002129	
7.85891	0.00212751	
7.85922	0.00212602	
7.85952	0.00212453	
7.85983	0.00212342	
7.86013	0.00212193	
7.86044	0.00212044	
7.86074	0.00211932	
7.86105	0.00211783	
7.86136	0.00211634	
7.86166	0.00211522	
7.86197	0.00211373	
7.86227	0.00211224	
7.86258	0.00211112	
7.86288	0.00210963	
7.86319	0.00210814	
7.86349	0.00210702	
7.8638	0.00210553	
7.86411	0.00210404	
7.86441	0.00210293	
7.86472	0.00210144	
7.86502	0.00209995	
7.86533	0.00209883	
7.86563	0.00209734	
7.86594	0.00209585	
7.86625	0.00209473	
7.86655	0.00209324	
7.86686	0.00209212	
7.86716	0.00209063	
7.86747	0.00208914	
7.86777	0.00208803	
7.86808	0.00208654	
7.86838	0.00208542	
7.86869	0.00208393	
7.869	0.00208244	
7.8693	0.00208132	
7.86961	0.00207983	
7.86991	0.00207871	
7.87022	0.00207722	
7.87052	0.0020761	
7.87083	0.00207461	
7.87113	0.00207312	
7.87144	0.00207201	
7.87175	0.00207052	
7.87205	0.0020694	
7.87236	0.00206791	
7.87266	0.00206679	
7.87297	0.0020653	
7.87327	0.00206418	
7.87358	0.00206269	
7.87388	0.00206158	
7.87419	0.00206009	
7.8745	0.00205897	
7.8748	0.00205748	
7.87511	0.00205636	
7.87541	0.00205487	
7.87572	0.00205375	
7.87602	0.00205226	
7.87633	0.00205114	
7.87663	0.00204965	
7.87694	0.00204854	
7.87725	0.00204705	
7.87755	0.00204593	
7.87786	0.00204444	
7.87816	0.00204332	
7.87847	0.00204183	
7.87877	0.00204071	
7.87908	0.00203922	
7.87938	0.00203811	
7.87969	0.00203699	
7.88	0.0020355	
7.8803	0.00203438	
7.88061	0.00203289	
7.88091	0.00203177	
7.88122	0.00203028	
7.88152	0.00202917	
7.88183	0.00202805	
7.88213	0.00202656	
7.88244	0.00202544	
7.88275	0.00202395	
7.88305	0.00202283	
7.88336	0.00202134	
7.88366	0.00202022	
7.88397	0.00201911	
7.88427	0.00201762	
7.88458	0.0020165	
7.88488	0.00201538	
7.88519	0.00201389	
7.8855	0.00201277	
7.8858	0.00201128	
7.88611	0.00201017	
7.88641	0.00200905	
7.88672	0.00200756	
7.88702	0.00200644	
7.88733	0.00200532	
7.88763	0.00200383	
7.88794	0.00200272	
7.88825	0.0020016	
7.88855	0.00200011	
7.88886	0.00199899	
7.88916	0.00199787	
7.88947	0.00199638	
7.88977	0.00199527	
7.89008	0.00199415	
7.89038	0.00199266	
7.89069	0.00199154	
7.891	0.00199042	
7.8913	0.00198893	
7.89161	0.00198781	
7.89191	0.0019867	
7.89222	0.00198521	
7.89252	0.00198409	
7.89283	0.00198297	
7.89313	0.00198185	
7.89344	0.00198036	
7.89375	0.00197925	
7.89405	0.00197813	
7.89436	0.00197664	
7.89466	0.00197552	
7.89497	0.0019744	
7.89527	0.00197329	
7.89558	0.0019718	
7.89588	0.00197068	
7.89619	0.00196956	
7.8965	0.00196844	
7.8968	0.00196695	
7.89711	0.00196584	
7.89741	0.00196472	
7.89772	0.0019636	
7.89802	0.00196211	
7.89833	0.00196099	
7.89863	0.00195988	
7.89894	0.00195876	
7.89925	0.00195764	
7.89955	0.00195615	
7.89986	0.00195503	
7.90016	0.00195391	
7.90047	0.0019528	
7.90077	0.00195168	
7.90108	0.00195019	
7.90139	0.00194907	
7.90169	0.00194795	
7.902	0.00194684	
7.9023	0.00194572	
7.90261	0.00194423	
7.90291	0.00194311	
7.90322	0.00194199	
7.90352	0.00194088	
7.90383	0.00193976	
7.90414	0.00193864	
7.90444	0.00193715	
7.90475	0.00193603	
7.90505	0.00193492	
7.90536	0.0019338	
7.90566	0.00193268	
7.90597	0.00193156	
7.90627	0.00193045	
7.90658	0.00192896	
7.90689	0.00192784	
7.90719	0.00192672	
7.9075	0.0019256	
7.9078	0.00192448	
7.90811	0.00192337	
7.90841	0.00192225	
7.90872	0.00192113	
7.90902	0.00191964	
7.90933	0.00191852	
7.90964	0.00191741	
7.90994	0.00191629	
7.91025	0.00191517	
7.91055	0.00191405	
7.91086	0.00191294	
7.91116	0.00191182	
7.91147	0.0019107	
7.91177	0.00190958	
7.91208	0.00190847	
7.91239	0.00190698	
7.91269	0.00190586	
7.913	0.00190474	
7.9133	0.00190362	
7.91361	0.00190251	
7.91391	0.00190139	
7.91422	0.00190027	
7.91452	0.00189915	
7.91483	0.00189804	
7.91514	0.00189692	
7.91544	0.0018958	
7.91575	0.00189468	
7.91605	0.00189357	
7.91636	0.00189245	
7.91666	0.00189133	
7.91697	0.00189021	
7.91727	0.00188909	
7.91758	0.00188798	
7.91789	0.00188686	
7.91819	0.00188574	
7.9185	0.00188462	
7.9188	0.00188351	
7.91911	0.00188239	
7.91941	0.00188127	
7.91972	0.00188015	
7.92002	0.00187904	
7.92033	0.00187792	
7.92064	0.0018768	
7.92094	0.00187568	
7.92125	0.00187457	
7.92155	0.00187345	
7.92186	0.00187233	
7.92216	0.00187121	
7.92247	0.0018701	
7.92277	0.00186898	
7.92308	0.00186786	
7.92339	0.00186674	
7.92369	0.00186563	
7.924	0.00186451	
7.9243	0.00186339	
7.92461	0.00186227	
7.92491	0.00186116	
7.92522	0.00186004	
7.92552	0.00185892	
7.92583	0.0018578	
7.92614	0.00185706	
7.92644	0.00185594	
7.92675	0.00185482	
7.92705	0.0018537	
7.92736	0.00185259	
7.92766	0.00185147	
7.92797	0.00185035	
7.92827	0.00184923	
7.92858	0.00184812	
7.92889	0.001847	
7.92919	0.00184588	
7.9295	0.00184476	
7.9298	0.00184402	
7.93011	0.0018429	
7.93041	0.00184178	
7.93072	0.00184067	
7.93102	0.00183955	
7.93133	0.00183843	
7.93164	0.00183731	
7.93194	0.0018362	
7.93225	0.00183545	
7.93255	0.00183433	
7.93286	0.00183322	
7.93316	0.0018321	
7.93347	0.00183098	
7.93378	0.00182986	
7.93408	0.00182875	
7.93439	0.00182763	
7.93469	0.00182688	
7.935	0.00182576	
7.9353	0.00182465	
7.93561	0.00182353	
7.93591	0.00182241	
7.93622	0.00182129	
7.93653	0.00182055	
7.93683	0.00181943	
7.93714	0.00181831	
7.93744	0.0018172	
7.93775	0.00181608	
7.93805	0.00181496	
7.93836	0.00181422	
7.93866	0.0018131	
7.93897	0.00181198	
7.93928	0.00181086	
7.93958	0.00180975	
7.93989	0.001809	
7.94019	0.00180788	
7.9405	0.00180677	
7.9408	0.00180565	
7.94111	0.00180453	
7.94141	0.00180379	
7.94172	0.00180267	
7.94203	0.00180155	
7.94233	0.00180043	
7.94264	0.00179969	
7.94294	0.00179857	
7.94325	0.00179745	
7.94355	0.00179633	
7.94386	0.00179559	
7.94416	0.00179447	
7.94447	0.00179335	
7.94478	0.00179224	
7.94508	0.00179112	
7.94539	0.00179037	
7.94569	0.00178926	
7.946	0.00178814	
7.9463	0.00178739	
7.94661	0.00178628	
7.94691	0.00178516	
7.94722	0.00178404	
7.94753	0.0017833	
7.94783	0.00178218	
7.94814	0.00178106	
7.94844	0.00177994	
7.94875	0.0017792	
7.94905	0.00177808	
7.94936	0.00177696	
7.94966	0.00177622	
7.94997	0.0017751	
7.95028	0.00177398	
7.95058	0.00177287	
7.95089	0.00177212	
7.95119	0.001771	
7.9515	0.00176989	
7.9518	0.00176914	
7.95211	0.00176802	
7.95241	0.00176691	
7.95272	0.00176616	
7.95303	0.00176504	
7.95333	0.00176392	
7.95364	0.00176318	
7.95394	0.00176206	
7.95425	0.00176094	
7.95455	0.0017602	
7.95486	0.00175908	
7.95516	0.00175796	
7.95547	0.00175722	
7.95578	0.0017561	
7.95608	0.00175498	
7.95639	0.00175424	
7.95669	0.00175312	
7.957	0.001752	
7.9573	0.00175126	
7.95761	0.00175014	
7.95791	0.00174902	
7.95822	0.00174828	
7.95853	0.00174716	
7.95883	0.00174604	
7.95914	0.0017453	
7.95944	0.00174418	
7.95975	0.00174344	
7.96005	0.00174232	
7.96036	0.0017412	
7.96066	0.00174046	
7.96097	0.00173934	
7.96128	0.00173859	
7.96158	0.00173748	
7.96189	0.00173636	
7.96219	0.00173561	
7.9625	0.0017345	
7.9628	0.00173338	
7.96311	0.00173263	
7.96341	0.00173151	
7.96372	0.00173077	
7.96403	0.00172965	
7.96433	0.00172891	
7.96464	0.00172779	
7.96494	0.00172667	
7.96525	0.00172593	
7.96555	0.00172481	
7.96586	0.00172406	
7.96616	0.00172295	
7.96647	0.0017222	
7.96678	0.00172108	
7.96708	0.00171997	
7.96739	0.00171922	
7.96769	0.0017181	
7.968	0.00171736	
7.9683	0.00171624	
7.96861	0.0017155	
7.96892	0.00171438	
7.96922	0.00171363	
7.96953	0.00171252	
7.96983	0.0017114	
7.97014	0.00171065	
7.97044	0.00170954	
7.97075	0.00170879	
7.97105	0.00170767	
7.97136	0.00170693	
7.97167	0.00170581	
7.97197	0.00170507	
7.97228	0.00170395	
7.97258	0.0017032	
7.97289	0.00170209	
7.97319	0.00170134	
7.9735	0.00170022	
7.9738	0.00169948	
7.97411	0.00169836	
7.97442	0.00169761	
7.97472	0.0016965	
7.97503	0.00169575	
7.97533	0.00169463	
7.97564	0.00169389	
7.97594	0.00169277	
7.97625	0.00169203	
7.97655	0.00169091	
7.97686	0.00169016	
7.97717	0.00168905	
7.97747	0.0016883	
7.97778	0.00168718	
7.97808	0.00168644	
7.97839	0.00168532	
7.97869	0.00168458	
7.979	0.00168346	
7.9793	0.00168271	
7.97961	0.0016816	
7.97992	0.00168085	
7.98022	0.00168011	
7.98053	0.00167899	
7.98083	0.00167824	
7.98114	0.00167713	
7.98144	0.00167638	
7.98175	0.00167526	
7.98205	0.00167452	
7.98236	0.0016734	
7.98267	0.00167266	
7.98297	0.00167191	
7.98328	0.00167079	
7.98358	0.00167005	
7.98389	0.00166893	
7.98419	0.00166818	
7.9845	0.00166707	
7.9848	0.00166632	
7.98511	0.00166558	
7.98542	0.00166446	
7.98572	0.00166371	
7.98603	0.0016626	
7.98633	0.00166185	
7.98664	0.00166111	
7.98694	0.00165999	
7.98725	0.00165924	
7.98755	0.00165813	
7.98786	0.00165738	
7.98817	0.00165626	
7.98847	0.00165552	
7.98878	0.00165477	
7.98908	0.00165366	
7.98939	0.00165291	
7.98969	0.00165217	
7.99	0.00165105	
7.9903	0.0016503	
7.99061	0.00164919	
7.99092	0.00164844	
7.99122	0.0016477	
7.99153	0.00164658	
7.99183	0.00164583	
7.99214	0.00164509	
7.99244	0.00164397	
7.99275	0.00164323	
7.99305	0.00164211	
7.99336	0.00164136	
7.99367	0.00164062	
7.99397	0.0016395	
7.99428	0.00163876	
7.99458	0.00163801	
7.99489	0.00163689	
7.99519	0.00163615	
7.9955	0.0016354	
7.9958	0.00163428	
7.99611	0.00163354	
7.99642	0.00163279	
7.99672	0.00163168	
7.99703	0.00163093	
7.99733	0.00163019	
7.99764	0.00162907	
7.99794	0.00162832	
7.99825	0.00162758	
7.99855	0.00162646	
7.99886	0.00162572	
7.99917	0.00162497	
7.99947	0.00162385	
7.99978	0.00162311	
8.00008	0.00162236	
8.00039	0.00162162	
8.00069	0.0016205	
8.001	0.00161976	
8.0013	0.00161901	
8.00161	0.00161789	
8.00192	0.00161715	
8.00222	0.0016164	
8.00253	0.00161529	
8.00283	0.00161454	
8.00314	0.0016138	
8.00344	0.00161305	
8.00375	0.00161193	
8.00406	0.00161119	
8.00436	0.00161044	
8.00467	0.00160933	
8.00497	0.00160858	
8.00528	0.00160784	
8.00558	0.00160709	
8.00589	0.00160597	
8.00619	0.00160523	
8.0065	0.00160448	
8.00681	0.00160374	
8.00711	0.00160262	
8.00742	0.00160187	
8.00772	0.00160113	
8.00803	0.00160038	
8.00833	0.00159927	
8.00864	0.00159852	
8.00894	0.00159778	
8.00925	0.00159703	
8.00956	0.00159591	
8.00986	0.00159517	
8.01017	0.00159442	
8.01047	0.00159368	
8.01078	0.00159256	
8.01108	0.00159182	
8.01139	0.00159107	
8.01169	0.00159033	
8.012	0.00158921	
8.01231	0.00158846	
8.01261	0.00158772	
8.01292	0.00158697	
8.01322	0.00158623	
8.01353	0.00158511	
8.01383	0.00158437	
8.01414	0.00158362	
8.01444	0.00158288	
8.01475	0.00158213	
8.01506	0.00158101	
8.01536	0.00158027	
8.01567	0.00157952	
8.01597	0.00157878	
8.01628	0.00157803	
8.01658	0.00157692	
8.01689	0.00157617	
8.01719	0.00157543	
8.0175	0.00157468	
8.01781	0.00157394	
8.01811	0.00157282	
8.01842	0.00157207	
8.01872	0.00157133	
8.01903	0.00157058	
8.01933	0.00156984	
8.01964	0.00156909	
8.01994	0.00156797	
8.02025	0.00156723	
8.02056	0.00156648	
8.02086	0.00156574	
8.02117	0.00156499	
8.02147	0.00156425	
8.02178	0.00156313	
8.02208	0.00156239	
8.02239	0.00156164	
8.02269	0.0015609	
8.023	0.00156015	
8.02331	0.00155941	
8.02361	0.00155829	
8.02392	0.00155754	
8.02422	0.0015568	
8.02453	0.00155605	
8.02483	0.00155531	
8.02514	0.00155456	
8.02544	0.00155382	
8.02575	0.0015527	
8.02606	0.00155196	
8.02636	0.00155121	
8.02667	0.00155047	
8.02697	0.00154972	
8.02728	0.00154898	
8.02758	0.00154823	
8.02789	0.00154749	
8.02819	0.00154674	
8.0285	0.00154562	
8.02881	0.00154488	
8.02911	0.00154413	
8.02942	0.00154339	
8.02972	0.00154264	
8.03003	0.0015419	
8.03033	0.00154115	
8.03064	0.00154041	
8.03094	0.00153966	
8.03125	0.00153854	
8.03156	0.0015378	
8.03186	0.00153705	
8.03217	0.00153631	
8.03247	0.00153556	
8.03278	0.00153482	
8.03308	0.00153407	
8.03339	0.00153333	
8.03369	0.00153258	
8.034	0.00153184	
8.03431	0.00153109	
8.03461	0.00153035	
8.03492	0.00152923	
8.03522	0.00152849	
8.03553	0.00152774	
8.03583	0.001527	
8.03614	0.00152625	
8.03645	0.00152551	
8.03675	0.00152476	
8.03706	0.00152402	
8.03736	0.00152327	
8.03767	0.00152253	
8.03797	0.00152178	
8.03828	0.00152104	
8.03858	0.00152029	
8.03889	0.00151955	
8.0392	0.0015188	
8.0395	0.00151806	
8.03981	0.00151731	
8.04011	0.00151657	
8.04042	0.00151545	
8.04072	0.0015147	
8.04103	0.00151396	
8.04133	0.00151321	
8.04164	0.00151247	
8.04195	0.00151172	
8.04225	0.00151098	
8.04256	0.00151023	
8.04286	0.00150949	
8.04317	0.00150874	
8.04347	0.001508	
8.04378	0.00150725	
8.04408	0.00150651	
8.04439	0.00150576	
8.0447	0.00150502	
8.045	0.00150427	
8.04531	0.00150353	
8.04561	0.00150278	
8.04592	0.00150204	
8.04622	0.00150129	
8.04653	0.00150055	
8.04683	0.0014998	
8.04714	0.00149906	
8.04745	0.00149831	
8.04775	0.00149757	
8.04806	0.00149682	
8.04836	0.00149608	
8.04867	0.00149533	
8.04897	0.00149459	
8.04928	0.00149384	
8.04958	0.0014931	
8.04989	0.00149235	
8.0502	0.00149161	
8.0505	0.00149086	
8.05081	0.00149012	
8.05111	0.00148937	
8.05142	0.00148863	
8.05172	0.00148788	
8.05203	0.00148751	
8.05233	0.00148676	
8.05264	0.00148602	
8.05295	0.00148527	
8.05325	0.00148453	
8.05356	0.00148378	
8.05386	0.00148304	
8.05417	0.00148229	
8.05447	0.00148155	
8.05478	0.0014808	
8.05508	0.00148006	
8.05539	0.00147931	
8.0557	0.00147857	
8.056	0.00147782	
8.05631	0.00147708	
8.05661	0.00147633	
8.05692	0.00147559	
8.05722	0.00147484	
8.05753	0.00147447	
8.05783	0.00147372	
8.05814	0.00147298	
8.05845	0.00147223	
8.05875	0.00147149	
8.05906	0.00147074	
8.05936	0.00147	
8.05967	0.00146925	
8.05997	0.00146851	
8.06028	0.00146776	
8.06058	0.00146702	
8.06089	0.00146627	
8.0612	0.0014659	
8.0615	0.00146516	
8.06181	0.00146441	
8.06211	0.00146367	
8.06242	0.00146292	
8.06272	0.00146218	
8.06303	0.00146143	
8.06333	0.00146069	
8.06364	0.00145994	
8.06395	0.00145957	
8.06425	0.00145882	
8.06456	0.00145808	
8.06486	0.00145733	
8.06517	0.00145659	
8.06547	0.00145584	
8.06578	0.0014551	
8.06608	0.00145435	
8.06639	0.00145398	
8.0667	0.00145324	
8.067	0.00145249	
8.06731	0.00145175	
8.06761	0.001451	
8.06792	0.00145026	
8.06822	0.00144951	
8.06853	0.00144877	
8.06883	0.00144839	
8.06914	0.00144765	
8.06945	0.0014469	
8.06975	0.00144616	
8.07006	0.00144541	
8.07036	0.00144467	
8.07067	0.0014443	
8.07097	0.00144355	
8.07128	0.0014428	
8.07159	0.00144206	
8.07189	0.00144131	
8.0722	0.00144057	
8.0725	0.0014402	
8.07281	0.00143945	
8.07311	0.00143871	
8.07342	0.00143796	
8.07372	0.00143722	
8.07403	0.00143684	
8.07434	0.0014361	
8.07464	0.00143535	
8.07495	0.00143461	
8.07525	0.00143386	
8.07556	0.00143349	
8.07586	0.00143275	
8.07617	0.001432	
8.07647	0.00143126	
8.07678	0.00143051	
8.07709	0.00143014	
8.07739	0.00142939	
8.0777	0.00142865	
8.078	0.0014279	
8.07831	0.00142716	
8.07861	0.00142679	
8.07892	0.00142604	
8.07922	0.0014253	
8.07953	0.00142455	
8.07984	0.00142418	
8.08014	0.00142343	
8.08045	0.00142269	
8.08075	0.00142194	
8.08106	0.00142157	
8.08136	0.00142083	
8.08167	0.00142008	
8.08197	0.00141934	
8.08228	0.00141896	
8.08259	0.00141822	
8.08289	0.00141747	
8.0832	0.00141673	
8.0835	0.00141636	
8.08381	0.00141561	
8.08411	0.00141487	
8.08442	0.00141449	
8.08472	0.00141375	
8.08503	0.001413	
8.08534	0.00141226	
8.08564	0.00141189	
8.08595	0.00141114	
8.08625	0.00141039	
8.08656	0.00141002	
8.08686	0.00140928	
8.08717	0.00140853	
8.08747	0.00140816	
8.08778	0.00140741	
8.08809	0.00140667	
8.08839	0.0014063	
8.0887	0.00140555	
8.089	0.00140481	
8.08931	0.00140443	
8.08961	0.00140369	
8.08992	0.00140294	
8.09022	0.00140257	
8.09053	0.00140183	
8.09084	0.00140108	
8.09114	0.00140071	
8.09145	0.00139996	
8.09175	0.00139922	
8.09206	0.00139885	
8.09236	0.0013981	
8.09267	0.00139773	
8.09297	0.00139698	
8.09328	0.00139624	
8.09359	0.00139587	
8.09389	0.00139512	
8.0942	0.00139475	
8.0945	0.001394	
8.09481	0.00139363	
8.09511	0.00139289	
8.09542	0.00139251	
8.09572	0.00139177	
8.09603	0.00139102	
8.09634	0.00139065	
8.09664	0.00138991	
8.09695	0.00138953	
8.09725	0.00138879	
8.09756	0.00138842	
8.09786	0.00138767	
8.09817	0.0013873	
8.09847	0.00138655	
8.09878	0.00138618	
8.09909	0.00138581	
8.09939	0.00138506	
8.0997	0.00138469	
8.1	0.00138395	
8.10031	0.00138357	
8.10061	0.00138283	
8.10092	0.00138246	
8.10122	0.00138208	
8.10153	0.00138134	
8.10184	0.00138097	
8.10214	0.00138059	
8.10245	0.00137985	
8.10275	0.00137947	
8.10306	0.0013791	
8.10336	0.00137836	
8.10367	0.00137798	
8.10398	0.00137761	
8.10428	0.00137724	
8.10459	0.00137649	
8.10489	0.00137612	
8.1052	0.00137575	
8.1055	0.00137538	
8.10581	0.001375	
8.10611	0.00137463	
8.10642	0.00137426	
8.10673	0.00137351	
8.10703	0.00137314	
8.10734	0.00137277	
8.10764	0.0013724	
8.10795	0.00137202	
8.10825	0.00137202	
8.10856	0.00137165	
8.10886	0.00137128	
8.10917	0.00137091	
8.10948	0.00137053	
8.10978	0.00137053	
8.11009	0.00137016	
8.11039	0.00136979	
8.1107	0.00136979	
8.111	0.00136942	
8.11131	0.00136942	
8.11161	0.00136904	
8.11192	0.00136904	
8.11223	0.00136867	
8.11253	0.00136867	
8.11284	0.00136867	
8.11314	0.00136867	
8.11345	0.00136867	
8.11375	0.00136867	
8.11406	0.00136867	
8.11436	0.00136904	
8.11467	0.00136904	
8.11498	0.00136942	
8.11528	0.00136942	
8.11559	0.00136979	
8.11589	0.00137016	
8.1162	0.00137053	
8.1165	0.00137091	
8.11681	0.00137165	
8.11711	0.0013724	
8.11742	0.00137314	
8.11773	0.00137389	
8.11803	0.00137463	
8.11834	0.00137575	
8.11864	0.00137687	
8.11895	0.00137836	
8.11925	0.00137947	
8.11956	0.00138134	
8.11986	0.0013832	
8.12017	0.00138506	
8.12048	0.0013873	
8.12078	0.00138953	
8.12109	0.00139251	
8.12139	0.00139549	
8.1217	0.00139885	
8.122	0.00140257	
8.12231	0.00140667	
8.12261	0.00141151	
8.12292	0.00141673	
8.12323	0.00142269	
8.12353	0.00142939	
8.12384	0.00143722	
8.12414	0.00144541	
8.12445	0.0014551	
8.12475	0.00146627	
8.12506	0.00147894	
8.12536	0.0014931	
8.12567	0.00150949	
8.12598	0.00152849	
8.12628	0.00155047	
8.12659	0.00157617	
8.12689	0.00160597	
8.1272	0.00164099	
8.1275	0.00168197	
8.12781	0.00173114	
8.12811	0.00178926	
8.12842	0.00185929	
8.12873	0.00194386	
8.12903	0.0020463	
8.12934	0.00217147	
8.12964	0.00232495	
8.12995	0.00251457	
8.13025	0.00274889	
8.13056	0.00303984	
8.13086	0.00340119	
8.13117	0.00384785	
8.13148	0.00439584	
8.13178	0.00505745	
8.13209	0.00583492	
8.13239	0.00671335	
8.1327	0.00764988	
8.133	0.00857078	
8.13331	0.00938363	
8.13361	0.010008	
8.13392	0.0104073	
8.13423	0.0106089	
8.13453	0.0106815	
8.13484	0.0106957	
8.13514	0.0106804	
8.13545	0.0106066	
8.13575	0.0104051	
8.13606	0.010005	
8.13636	0.00938065	
8.13667	0.00856705	
8.13698	0.00764541	
8.13728	0.00670776	
8.13759	0.00582784	
8.13789	0.00504851	
8.1382	0.00438541	
8.1385	0.00383593	
8.13881	0.00338741	
8.13912	0.00302456	
8.13942	0.00273213	
8.13973	0.00249632	
8.14003	0.00230558	
8.14034	0.00215098	
8.14064	0.00202432	
8.14095	0.00192076	
8.14125	0.00183508	
8.14156	0.00176392	
8.14187	0.00170432	
8.14217	0.00165403	
8.14248	0.00161156	
8.14278	0.00157543	
8.14309	0.00154451	
8.14339	0.00151768	
8.1437	0.00149459	
8.144	0.00147447	
8.14431	0.00145659	
8.14462	0.00144131	
8.14492	0.00142753	
8.14523	0.00141524	
8.14553	0.00140443	
8.14584	0.00139475	
8.14614	0.00138581	
8.14645	0.00137798	
8.14675	0.00137091	
8.14706	0.00136457	
8.14737	0.00135861	
8.14767	0.00135303	
8.14798	0.00134818	
8.14828	0.00134371	
8.14859	0.00133924	
8.14889	0.00133552	
8.1492	0.00133179	
8.1495	0.00132844	
8.14981	0.00132546	
8.15012	0.00132248	
8.15042	0.0013195	
8.15073	0.00131689	
8.15103	0.00131465	
8.15134	0.00131205	
8.15164	0.00130981	
8.15195	0.00130795	
8.15225	0.00130571	
8.15256	0.00130385	
8.15287	0.00130199	
8.15317	0.0013005	
8.15348	0.00129864	
8.15378	0.00129715	
8.15409	0.00129566	
8.15439	0.00129417	
8.1547	0.00129268	
8.155	0.00129119	
8.15531	0.00129007	
8.15562	0.00128858	
8.15592	0.00128746	
8.15623	0.00128634	
8.15653	0.00128485	
8.15684	0.00128374	
8.15714	0.00128262	
8.15745	0.0012815	
8.15775	0.00128038	
8.15806	0.00127964	
8.15837	0.00127852	
8.15867	0.0012774	
8.15898	0.00127666	
8.15928	0.00127554	
8.15959	0.00127479	
8.15989	0.00127368	
8.1602	0.00127293	
8.1605	0.00127181	
8.16081	0.00127107	
8.16112	0.00127032	
8.16142	0.00126921	
8.16173	0.00126846	
8.16203	0.00126772	
8.16234	0.00126697	
8.16264	0.00126585	
8.16295	0.00126511	
8.16325	0.00126436	
8.16356	0.00126362	
8.16387	0.00126287	
8.16417	0.00126213	
8.16448	0.00126138	
8.16478	0.00126064	
8.16509	0.00125989	
8.16539	0.00125915	
8.1657	0.0012584	
8.166	0.00125766	
8.16631	0.00125691	
8.16662	0.00125617	
8.16692	0.00125542	
8.16723	0.00125505	
8.16753	0.00125431	
8.16784	0.00125356	
8.16814	0.00125282	
8.16845	0.00125207	
8.16875	0.00125133	
8.16906	0.00125095	
8.16937	0.00125021	
8.16967	0.00124946	
8.16998	0.00124872	
8.17028	0.00124834	
8.17059	0.0012476	
8.17089	0.00124685	
8.1712	0.00124611	
8.1715	0.00124574	
8.17181	0.00124499	
8.17212	0.00124425	
8.17242	0.00124387	
8.17273	0.00124313	
8.17303	0.00124238	
8.17334	0.00124201	
8.17364	0.00124127	
8.17395	0.00124052	
8.17426	0.00124015	
8.17456	0.0012394	
8.17487	0.00123866	
8.17517	0.00123829	
8.17548	0.00123754	
8.17578	0.00123717	
8.17609	0.00123642	
8.17639	0.00123568	
8.1767	0.00123531	
8.17701	0.00123456	
8.17731	0.00123419	
8.17762	0.00123344	
8.17792	0.0012327	
8.17823	0.00123233	
8.17853	0.00123158	
8.17884	0.00123121	
8.17914	0.00123046	
8.17945	0.00123009	
8.17976	0.00122935	
8.18006	0.00122897	
8.18037	0.00122823	
8.18067	0.00122748	
8.18098	0.00122711	
8.18128	0.00122637	
8.18159	0.00122599	
8.18189	0.00122525	
8.1822	0.00122488	
8.18251	0.00122413	
8.18281	0.00122376	
8.18312	0.00122301	
8.18342	0.00122264	
8.18373	0.0012219	
8.18403	0.00122152	
8.18434	0.00122078	
8.18464	0.00122041	
8.18495	0.00121966	
8.18526	0.00121929	
8.18556	0.00121854	
8.18587	0.00121817	
8.18617	0.00121742	
8.18648	0.00121705	
8.18678	0.00121631	
8.18709	0.00121593	
8.18739	0.00121556	
8.1877	0.00121482	
8.18801	0.00121444	
8.18831	0.0012137	
8.18862	0.00121333	
8.18892	0.00121258	
8.18923	0.00121221	
8.18953	0.00121146	
8.18984	0.00121109	
8.19014	0.00121035	
8.19045	0.00120997	
8.19076	0.0012096	
8.19106	0.00120886	
8.19137	0.00120848	
8.19167	0.00120774	
8.19198	0.00120737	
8.19228	0.00120662	
8.19259	0.00120625	
8.19289	0.0012055	
8.1932	0.00120513	
8.19351	0.00120476	
8.19381	0.00120401	
8.19412	0.00120364	
8.19442	0.0012029	
8.19473	0.00120252	
8.19503	0.00120215	
8.19534	0.00120141	
8.19564	0.00120103	
8.19595	0.00120029	
8.19626	0.00119992	
8.19656	0.00119954	
8.19687	0.0011988	
8.19717	0.00119843	
8.19748	0.00119768	
8.19778	0.00119731	
8.19809	0.00119694	
8.19839	0.00119619	
8.1987	0.00119582	
8.19901	0.00119507	
8.19931	0.0011947	
8.19962	0.00119433	
8.19992	0.00119358	
8.20023	0.00119321	
8.20053	0.00119247	
8.20084	0.00119209	
8.20114	0.00119172	
8.20145	0.00119098	
8.20176	0.0011906	
8.20206	0.00119023	
8.20237	0.00118949	
8.20267	0.00118911	
8.20298	0.00118837	
8.20328	0.001188	
8.20359	0.00118762	
8.20389	0.00118688	
8.2042	0.0011865	
8.20451	0.00118613	
8.20481	0.00118539	
8.20512	0.00118501	
8.20542	0.00118464	
8.20573	0.0011839	
8.20603	0.00118352	
8.20634	0.00118278	
8.20665	0.00118241	
8.20695	0.00118203	
8.20726	0.00118129	
8.20756	0.00118092	
8.20787	0.00118054	
8.20817	0.0011798	
8.20848	0.00117943	
8.20878	0.00117905	
8.20909	0.00117831	
8.2094	0.00117794	
8.2097	0.00117756	
8.21001	0.00117682	
8.21031	0.00117645	
8.21062	0.00117607	
8.21092	0.00117533	
8.21123	0.00117496	
8.21153	0.00117458	
8.21184	0.00117384	
8.21215	0.00117347	
8.21245	0.00117309	
8.21276	0.00117235	
8.21306	0.00117198	
8.21337	0.0011716	
8.21367	0.00117086	
8.21398	0.00117049	
8.21428	0.00117011	
8.21459	0.00116937	
8.2149	0.001169	
8.2152	0.00116862	
8.21551	0.00116788	
8.21581	0.00116751	
8.21612	0.00116713	
8.21642	0.00116639	
8.21673	0.00116602	
8.21703	0.00116564	
8.21734	0.00116527	
8.21765	0.00116453	
8.21795	0.00116415	
8.21826	0.00116378	
8.21856	0.00116304	
8.21887	0.00116266	
8.21917	0.00116229	
8.21948	0.00116155	
8.21978	0.00116117	
8.22009	0.0011608	
8.2204	0.00116043	
8.2207	0.00115968	
8.22101	0.00115931	
8.22131	0.00115894	
8.22162	0.00115819	
8.22192	0.00115782	
8.22223	0.00115745	
8.22253	0.00115708	
8.22284	0.00115633	
8.22315	0.00115596	
8.22345	0.00115559	
8.22376	0.00115484	
8.22406	0.00115447	
8.22437	0.00115409	
8.22467	0.00115372	
8.22498	0.00115298	
8.22528	0.0011526	
8.22559	0.00115223	
8.2259	0.00115149	
8.2262	0.00115111	
8.22651	0.00115074	
8.22681	0.00115037	
8.22712	0.00114962	
8.22742	0.00114925	
8.22773	0.00114888	
8.22803	0.00114851	
8.22834	0.00114776	
8.22865	0.00114739	
8.22895	0.00114702	
8.22926	0.00114627	
8.22956	0.0011459	
8.22987	0.00114553	
8.23017	0.00114515	
8.23048	0.00114441	
8.23078	0.00114404	
8.23109	0.00114366	
8.2314	0.00114329	
8.2317	0.00114255	
8.23201	0.00114217	
8.23231	0.0011418	
8.23262	0.00114143	
8.23292	0.00114068	
8.23323	0.00114031	
8.23353	0.00113994	
8.23384	0.00113957	
8.23415	0.00113882	
8.23445	0.00113845	
8.23476	0.00113808	
8.23506	0.0011377	
8.23537	0.00113696	
8.23567	0.00113659	
8.23598	0.00113621	
8.23628	0.00113584	
8.23659	0.0011351	
8.2369	0.00113472	
8.2372	0.00113435	
8.23751	0.00113398	
8.23781	0.00113323	
8.23812	0.00113286	
8.23842	0.00113249	
8.23873	0.00113212	
8.23903	0.00113174	
8.23934	0.001131	
8.23965	0.00113063	
8.23995	0.00113025	
8.24026	0.00112988	
8.24056	0.00112914	
8.24087	0.00112876	
8.24117	0.00112839	
8.24148	0.00112802	
8.24179	0.00112727	
8.24209	0.0011269	
8.2424	0.00112653	
8.2427	0.00112616	
8.24301	0.00112578	
8.24331	0.00112504	
8.24362	0.00112467	
8.24392	0.00112429	
8.24423	0.00112392	
8.24454	0.00112318	
8.24484	0.0011228	
8.24515	0.00112243	
8.24545	0.00112206	
8.24576	0.00112168	
8.24606	0.00112094	
8.24637	0.00112057	
8.24667	0.00112019	
8.24698	0.00111982	
8.24729	0.00111945	
8.24759	0.0011187	
8.2479	0.00111833	
8.2482	0.00111796	
8.24851	0.00111759	
8.24881	0.00111721	
8.24912	0.00111647	
8.24942	0.0011161	
8.24973	0.00111572	
8.25004	0.00111535	
8.25034	0.00111498	
8.25065	0.00111423	
8.25095	0.00111386	
8.25126	0.00111349	
8.25156	0.00111312	
8.25187	0.00111274	
8.25217	0.001112	
8.25248	0.00111163	
8.25279	0.00111125	
8.25309	0.00111088	
8.2534	0.00111051	
8.2537	0.00110976	
8.25401	0.00110939	
8.25431	0.00110902	
8.25462	0.00110865	
8.25492	0.00110827	
8.25523	0.0011079	
8.25554	0.00110716	
8.25584	0.00110678	
8.25615	0.00110641	
8.25645	0.00110604	
8.25676	0.00110567	
8.25706	0.00110492	
8.25737	0.00110455	
8.25767	0.00110418	
8.25798	0.0011038	
8.25829	0.00110343	
8.25859	0.00110306	
8.2589	0.00110231	
8.2592	0.00110194	
8.25951	0.00110157	
8.25981	0.0011012	
8.26012	0.00110082	
8.26042	0.00110045	
8.26073	0.00109971	
8.26104	0.00109933	
8.26134	0.00109896	
8.26165	0.00109859	
8.26195	0.00109822	
8.26226	0.00109784	
8.26256	0.0010971	
8.26287	0.00109673	
8.26317	0.00109635	
8.26348	0.00109598	
8.26379	0.00109561	
8.26409	0.00109524	
8.2644	0.00109449	
8.2647	0.00109412	
8.26501	0.00109375	
8.26531	0.00109337	
8.26562	0.001093	
8.26592	0.00109263	
8.26623	0.00109188	
8.26654	0.00109151	
8.26684	0.00109114	
8.26715	0.00109076	
8.26745	0.00109039	
8.26776	0.00109002	
8.26806	0.00108965	
8.26837	0.0010889	
8.26867	0.00108853	
8.26898	0.00108816	
8.26929	0.00108778	
8.26959	0.00108741	
8.2699	0.00108704	
8.2702	0.00108667	
8.27051	0.00108592	
8.27081	0.00108555	
8.27112	0.00108518	
8.27142	0.0010848	
8.27173	0.00108443	
8.27204	0.00108406	
8.27234	0.00108369	
8.27265	0.00108294	
8.27295	0.00108257	
8.27326	0.0010822	
8.27356	0.00108182	
8.27387	0.00108145	
8.27418	0.00108108	
8.27448	0.00108071	
8.27479	0.00108033	
8.27509	0.00107959	
8.2754	0.00107922	
8.2757	0.00107884	
8.27601	0.00107847	
8.27631	0.0010781	
8.27662	0.00107773	
8.27693	0.00107735	
8.27723	0.00107661	
8.27754	0.00107624	
8.27784	0.00107586	
8.27815	0.00107549	
8.27845	0.00107512	
8.27876	0.00107475	
8.27906	0.00107437	
8.27937	0.001074	
8.27968	0.00107363	
8.27998	0.00107288	
8.28029	0.00107251	
8.28059	0.00107214	
8.2809	0.00107177	
8.2812	0.00107139	
8.28151	0.00107102	
8.28181	0.00107065	
8.28212	0.00107028	
8.28243	0.0010699	
8.28273	0.00106916	
8.28304	0.00106879	
8.28334	0.00106841	
8.28365	0.00106804	
8.28395	0.00106767	
8.28426	0.0010673	
8.28456	0.00106692	
8.28487	0.00106655	
8.28518	0.00106618	
8.28548	0.00106543	
8.28579	0.00106506	
8.28609	0.00106469	
8.2864	0.00106432	
8.2867	0.00106394	
8.28701	0.00106357	
8.28731	0.0010632	
8.28762	0.00106283	
8.28793	0.00106245	
8.28823	0.00106208	
8.28854	0.00106134	
8.28884	0.00106096	
8.28915	0.00106059	
8.28945	0.00106022	
8.28976	0.00105985	
8.29006	0.00105947	
8.29037	0.0010591	
8.29068	0.00105873	
8.29098	0.00105835	
8.29129	0.00105798	
8.29159	0.00105761	
8.2919	0.00105686	
8.2922	0.00105649	
8.29251	0.00105612	
8.29281	0.00105575	
8.29312	0.00105537	
8.29343	0.001055	
8.29373	0.00105463	
8.29404	0.00105426	
8.29434	0.00105388	
8.29465	0.00105351	
8.29495	0.00105314	
8.29526	0.00105277	
8.29556	0.00105202	
8.29587	0.00105165	
8.29618	0.00105128	
8.29648	0.0010509	
8.29679	0.00105053	
8.29709	0.00105016	
8.2974	0.00104979	
8.2977	0.00104941	
8.29801	0.00104904	
8.29831	0.00104867	
8.29862	0.0010483	
8.29893	0.00104792	
8.29923	0.00104755	
8.29954	0.00104718	
8.29984	0.00104643	
8.30015	0.00104606	
8.30045	0.00104569	
8.30076	0.00104532	
8.30106	0.00104494	
8.30137	0.00104457	
8.30168	0.0010442	
8.30198	0.00104383	
8.30229	0.00104345	
8.30259	0.00104308	
8.3029	0.00104271	
8.3032	0.00104234	
8.30351	0.00104196	
8.30381	0.00104159	
8.30412	0.00104122	
8.30443	0.00104085	
8.30473	0.0010401	
8.30504	0.00103973	
8.30534	0.00103936	
8.30565	0.00103898	
8.30595	0.00103861	
8.30626	0.00103824	
8.30656	0.00103787	
8.30687	0.00103749	
8.30718	0.00103712	
8.30748	0.00103675	
8.30779	0.00103638	
8.30809	0.001036	
8.3084	0.00103563	
8.3087	0.00103526	
8.30901	0.00103489	
8.30932	0.00103451	
8.30962	0.00103414	
8.30993	0.00103377	
8.31023	0.0010334	
8.31054	0.00103302	
8.31084	0.00103265	
8.31115	0.00103191	
8.31145	0.00103153	
8.31176	0.00103116	
8.31207	0.00103079	
8.31237	0.00103042	
8.31268	0.00103004	
8.31298	0.00102967	
8.31329	0.0010293	
8.31359	0.00102893	
8.3139	0.00102855	
8.3142	0.00102818	
8.31451	0.00102781	
8.31482	0.00102744	
8.31512	0.00102706	
8.31543	0.00102669	
8.31573	0.00102632	
8.31604	0.00102594	
8.31634	0.00102557	
8.31665	0.0010252	
8.31695	0.00102483	
8.31726	0.00102445	
8.31757	0.00102408	
8.31787	0.00102371	
8.31818	0.00102334	
8.31848	0.00102296	
8.31879	0.00102259	
8.31909	0.00102222	
8.3194	0.00102185	
8.3197	0.00102147	
8.32001	0.0010211	
8.32032	0.00102073	
8.32062	0.00102036	
8.32093	0.00101998	
8.32123	0.00101961	
8.32154	0.00101887	
8.32184	0.00101849	
8.32215	0.00101812	
8.32245	0.00101775	
8.32276	0.00101738	
8.32307	0.001017	
8.32337	0.00101663	
8.32368	0.00101626	
8.32398	0.00101589	
8.32429	0.00101551	
8.32459	0.00101514	
8.3249	0.00101477	
8.3252	0.0010144	
8.32551	0.00101402	
8.32582	0.00101365	
8.32612	0.00101328	
8.32643	0.00101291	
8.32673	0.00101253	
8.32704	0.00101216	
8.32734	0.00101179	
8.32765	0.00101142	
8.32795	0.00101104	
8.32826	0.00101067	
8.32857	0.0010103	
8.32887	0.00100993	
8.32918	0.00100955	
8.32948	0.00100918	
8.32979	0.00100881	
8.33009	0.00100844	
8.3304	0.00100806	
8.3307	0.00100769	
8.33101	0.00100732	
8.33132	0.00100695	
8.33162	0.00100657	
8.33193	0.0010062	
8.33223	0.00100583	
8.33254	0.00100546	
8.33284	0.00100508	
8.33315	0.00100471	
8.33345	0.00100434	
8.33376	0.00100397	
8.33407	0.00100359	
8.33437	0.00100322	
8.33468	0.00100285	
8.33498	0.00100248	
8.33529	0.0010021	
8.33559	0.00100173	
8.3359	0.00100136	
8.3362	0.00100099	
8.33651	0.00100061	
8.33682	0.00100024	
8.33712	0.000999868	
8.33743	0.000999495	
8.33773	0.000999123	
8.33804	0.000999123	
8.33834	0.00099875	
8.33865	0.000998378	
8.33895	0.000998005	
8.33926	0.000997633	
8.33957	0.00099726	
8.33987	0.000996888	
8.34018	0.000996515	
8.34048	0.000996143	
8.34079	0.00099577	
8.34109	0.000995398	
8.3414	0.000995025	
8.34171	0.000994653	
8.34201	0.00099428	
8.34232	0.000993907	
8.34262	0.000993535	
8.34293	0.000993162	
8.34323	0.00099279	
8.34354	0.000992417	
8.34384	0.000992045	
8.34415	0.000991672	
8.34446	0.0009913	
8.34476	0.000990927	
8.34507	0.000990555	
8.34537	0.000990182	
8.34568	0.00098981	
8.34598	0.000989437	
8.34629	0.000989065	
8.34659	0.000988692	
8.3469	0.00098832	
8.34721	0.000987947	
8.34751	0.000987574	
8.34782	0.000987202	
8.34812	0.000986829	
8.34843	0.000986829	
8.34873	0.000986457	
8.34904	0.000986084	
8.34934	0.000985712	
8.34965	0.000985339	
8.34996	0.000984967	
8.35026	0.000984594	
8.35057	0.000984222	
8.35087	0.000983849	
8.35118	0.000983477	
8.35148	0.000983104	
8.35179	0.000982732	
8.35209	0.000982359	
8.3524	0.000981987	
8.35271	0.000981614	
8.35301	0.000981241	
8.35332	0.000980869	
8.35362	0.000980496	
8.35393	0.000980124	
8.35423	0.000979751	
8.35454	0.000979379	
8.35484	0.000979006	
8.35515	0.000979006	
8.35546	0.000978634	
8.35576	0.000978261	
8.35607	0.000977889	
8.35637	0.000977516	
8.35668	0.000977144	
8.35698	0.000976771	
8.35729	0.000976399	
8.35759	0.000976026	
8.3579	0.000975654	
8.35821	0.000975281	
8.35851	0.000974908	
8.35882	0.000974536	
8.35912	0.000974163	
8.35943	0.000973791	
8.35973	0.000973418	
8.36004	0.000973046	
8.36034	0.000973046	
8.36065	0.000972673	
8.36096	0.000972301	
8.36126	0.000971928	
8.36157	0.000971556	
8.36187	0.000971183	
8.36218	0.000970811	
8.36248	0.000970438	
8.36279	0.000970066	
8.36309	0.000969693	
8.3634	0.000969321	
8.36371	0.000968948	
8.36401	0.000968575	
8.36432	0.000968203	
8.36462	0.00096783	
8.36493	0.00096783	
8.36523	0.000967458	
8.36554	0.000967085	
8.36584	0.000966713	
8.36615	0.00096634	
8.36646	0.000965968	
8.36676	0.000965595	
8.36707	0.000965223	
8.36737	0.00096485	
8.36768	0.000964478	
8.36798	0.000964105	
8.36829	0.000963733	
8.36859	0.00096336	
8.3689	0.00096336	
8.36921	0.000962988	
8.36951	0.000962615	
8.36982	0.000962242	
8.37012	0.00096187	
8.37043	0.000961497	
8.37073	0.000961125	
8.37104	0.000960752	
8.37134	0.00096038	
8.37165	0.000960007	
8.37196	0.000959635	
8.37226	0.000959262	
8.37257	0.000959262	
8.37287	0.00095889	
8.37318	0.000958517	
8.37348	0.000958145	
8.37379	0.000957772	
8.37409	0.0009574	
8.3744	0.000957027	
8.37471	0.000956655	
8.37501	0.000956282	
8.37532	0.000955909	
8.37562	0.000955537	
8.37593	0.000955537	
8.37623	0.000955164	
8.37654	0.000954792	
8.37685	0.000954419	
8.37715	0.000954047	
8.37746	0.000953674	
8.37776	0.000953302	
8.37807	0.000952929	
8.37837	0.000952557	
8.37868	0.000952184	
8.37898	0.000951812	
8.37929	0.000951812	
8.3796	0.000951439	
8.3799	0.000951067	
8.38021	0.000950694	
8.38051	0.000950322	
8.38082	0.000949949	
8.38112	0.000949576	
8.38143	0.000949204	
8.38173	0.000948831	
8.38204	0.000948459	
8.38235	0.000948459	
8.38265	0.000948086	
8.38296	0.000947714	
8.38326	0.000947341	
8.38357	0.000946969	
8.38387	0.000946596	
8.38418	0.000946224	
8.38448	0.000945851	
8.38479	0.000945479	
8.3851	0.000945479	
8.3854	0.000945106	
8.38571	0.000944734	
8.38601	0.000944361	
8.38632	0.000943989	
8.38662	0.000943616	
8.38693	0.000943244	
8.38723	0.000942871	
8.38754	0.000942498	
8.38785	0.000942498	
8.38815	0.000942126	
8.38846	0.000941753	
8.38876	0.000941381	
8.38907	0.000941008	
8.38937	0.000940636	
8.38968	0.000940263	
8.38998	0.000939891	
8.39029	0.000939891	
8.3906	0.000939518	
8.3909	0.000939146	
8.39121	0.000938773	
8.39151	0.000938401	
8.39182	0.000938028	
8.39212	0.000937656	
8.39243	0.000937283	
8.39273	0.000936911	
8.39304	0.000936911	
8.39335	0.000936538	
8.39365	0.000936165	
8.39396	0.000935793	
8.39426	0.00093542	
8.39457	0.000935048	
8.39487	0.000934675	
8.39518	0.000934675	
8.39548	0.000934303	
8.39579	0.00093393	
8.3961	0.000933558	
8.3964	0.000933185	
8.39671	0.000932813	
8.39701	0.00093244	
8.39732	0.000932068	
8.39762	0.000932068	
8.39793	0.000931695	
8.39823	0.000931323	
8.39854	0.00093095	
8.39885	0.000930578	
8.39915	0.000930205	
8.39946	0.000929832	
8.39976	0.00092946	
8.40007	0.00092946	
8.40037	0.000929087	
8.40068	0.000928715	
8.40098	0.000928342	
8.40129	0.00092797	
8.4016	0.000927597	
8.4019	0.000927225	
8.40221	0.000927225	
8.40251	0.000926852	
8.40282	0.00092648	
8.40312	0.000926107	
8.40343	0.000925735	
8.40373	0.000925362	
8.40404	0.00092499	
8.40435	0.00092499	
8.40465	0.000924617	
8.40496	0.000924245	
8.40526	0.000923872	
8.40557	0.000923499	
8.40587	0.000923127	
8.40618	0.000922754	
8.40648	0.000922754	
8.40679	0.000922382	
8.4071	0.000922009	
8.4074	0.000921637	
8.40771	0.000921264	
8.40801	0.000920892	
8.40832	0.000920892	
8.40862	0.000920519	
8.40893	0.000920147	
8.40923	0.000919774	
8.40954	0.000919402	
8.40985	0.000919029	
8.41015	0.000918657	
8.41046	0.000918657	
8.41076	0.000918284	
8.41107	0.000917912	
8.41137	0.000917539	
8.41168	0.000917166	
8.41199	0.000916794	
8.41229	0.000916794	
8.4126	0.000916421	
8.4129	0.000916049	
8.41321	0.000915676	
8.41351	0.000915304	
8.41382	0.000914931	
8.41412	0.000914559	
8.41443	0.000914559	
8.41474	0.000914186	
8.41504	0.000913814	
8.41535	0.000913441	
8.41565	0.000913069	
8.41596	0.000912696	
8.41626	0.000912696	
8.41657	0.000912324	
8.41687	0.000911951	
8.41718	0.000911579	
8.41749	0.000911206	
8.41779	0.000910833	
8.4181	0.000910833	
8.4184	0.000910461	
8.41871	0.000910088	
8.41901	0.000909716	
8.41932	0.000909343	
8.41962	0.000908971	
8.41993	0.000908971	
8.42024	0.000908598	
8.42054	0.000908226	
8.42085	0.000907853	
8.42115	0.000907481	
8.42146	0.000907108	
8.42176	0.000907108	
8.42207	0.000906736	
8.42237	0.000906363	
8.42268	0.000905991	
8.42299	0.000905618	
8.42329	0.000905618	
8.4236	0.000905246	
8.4239	0.000904873	
8.42421	0.0009045	
8.42451	0.000904128	
8.42482	0.000903755	
8.42512	0.000903755	
8.42543	0.000903383	
8.42574	0.00090301	
8.42604	0.000902638	
8.42635	0.000902265	
8.42665	0.000901893	
8.42696	0.000901893	
8.42726	0.00090152	
8.42757	0.000901148	
8.42787	0.000900775	
8.42818	0.000900403	
8.42849	0.000900403	
8.42879	0.00090003	
8.4291	0.000899658	
8.4294	0.000899285	
8.42971	0.000898913	
8.43001	0.00089854	
8.43032	0.00089854	
8.43062	0.000898167	
8.43093	0.000897795	
8.43124	0.000897422	
8.43154	0.00089705	
8.43185	0.00089705	
8.43215	0.000896677	
8.43246	0.000896305	
8.43276	0.000895932	
8.43307	0.00089556	
8.43337	0.00089556	
8.43368	0.000895187	
8.43399	0.000894815	
8.43429	0.000894442	
8.4346	0.00089407	
8.4349	0.00089407	
8.43521	0.000893697	
8.43551	0.000893325	
8.43582	0.000892952	
8.43612	0.00089258	
8.43643	0.00089258	
8.43674	0.000892207	
8.43704	0.000891834	
8.43735	0.000891462	
8.43765	0.000891089	
8.43796	0.000891089	
8.43826	0.000890717	
8.43857	0.000890344	
8.43887	0.000889972	
8.43918	0.000889599	
8.43949	0.000889599	
8.43979	0.000889227	
8.4401	0.000888854	
8.4404	0.000888482	
8.44071	0.000888109	
8.44101	0.000888109	
8.44132	0.000887737	
8.44162	0.000887364	
8.44193	0.000886992	
8.44224	0.000886619	
8.44254	0.000886619	
8.44285	0.000886247	
8.44315	0.000885874	
8.44346	0.000885502	
8.44376	0.000885129	
8.44407	0.000885129	
8.44438	0.000884756	
8.44468	0.000884384	
8.44499	0.000884011	
8.44529	0.000883639	
8.4456	0.000883639	
8.4459	0.000883266	
8.44621	0.000882894	
8.44651	0.000882521	
8.44682	0.000882149	
8.44713	0.000882149	
8.44743	0.000881776	
8.44774	0.000881404	
8.44804	0.000881031	
8.44835	0.000881031	
8.44865	0.000880659	
8.44896	0.000880286	
8.44926	0.000879914	
8.44957	0.000879541	
8.44988	0.000879541	
8.45018	0.000879169	
8.45049	0.000878796	
8.45079	0.000878423	
8.4511	0.000878051	
8.4514	0.000878051	
8.45171	0.000877678	
8.45201	0.000877306	
8.45232	0.000876933	
8.45263	0.000876933	
8.45293	0.000876561	
8.45324	0.000876188	
8.45354	0.000875816	
8.45385	0.000875443	
8.45415	0.000875443	
8.45446	0.000875071	
8.45476	0.000874698	
8.45507	0.000874326	
8.45538	0.000874326	
8.45568	0.000873953	
8.45599	0.000873581	
8.45629	0.000873208	
8.4566	0.000873208	
8.4569	0.000872836	
8.45721	0.000872463	
8.45751	0.00087209	
8.45782	0.000871718	
8.45813	0.000871718	
8.45843	0.000871345	
8.45874	0.000870973	
8.45904	0.0008706	
8.45935	0.0008706	
8.45965	0.000870228	
8.45996	0.000869855	
8.46026	0.000869483	
8.46057	0.000869483	
8.46088	0.00086911	
8.46118	0.000868738	
8.46149	0.000868365	
8.46179	0.000867993	
8.4621	0.000867993	
8.4624	0.00086762	
8.46271	0.000867248	
8.46301	0.000866875	
8.46332	0.000866875	
8.46363	0.000866503	
8.46393	0.00086613	
8.46424	0.000865757	
8.46454	0.000865757	
8.46485	0.000865385	
8.46515	0.000865012	
8.46546	0.00086464	
8.46576	0.00086464	
8.46607	0.000864267	
8.46638	0.000863895	
8.46668	0.000863522	
8.46699	0.00086315	
8.46729	0.00086315	
8.4676	0.000862777	
8.4679	0.000862405	
8.46821	0.000862032	
8.46851	0.000862032	
8.46882	0.00086166	
8.46913	0.000861287	
8.46943	0.000860915	
8.46974	0.000860915	
8.47004	0.000860542	
8.47035	0.00086017	
8.47065	0.000859797	
8.47096	0.000859797	
8.47126	0.000859424	
8.47157	0.000859052	
8.47188	0.000858679	
8.47218	0.000858679	
8.47249	0.000858307	
8.47279	0.000857934	
8.4731	0.000857562	
8.4734	0.000857562	
8.47371	0.000857189	
8.47401	0.000856817	
8.47432	0.000856444	
8.47463	0.000856444	
8.47493	0.000856072	
8.47524	0.000855699	
8.47554	0.000855327	
8.47585	0.000855327	
8.47615	0.000854954	
8.47646	0.000854582	
8.47676	0.000854209	
8.47707	0.000854209	
8.47738	0.000853837	
8.47768	0.000853464	
8.47799	0.000853091	
8.47829	0.000853091	
8.4786	0.000852719	
8.4789	0.000852346	
8.47921	0.000852346	
8.47952	0.000851974	
8.47982	0.000851601	
8.48013	0.000851229	
8.48043	0.000851229	
8.48074	0.000850856	
8.48104	0.000850484	
8.48135	0.000850111	
8.48165	0.000850111	
8.48196	0.000849739	
8.48227	0.000849366	
8.48257	0.000848994	
8.48288	0.000848994	
8.48318	0.000848621	
8.48349	0.000848249	
8.48379	0.000847876	
8.4841	0.000847876	
8.4844	0.000847504	
8.48471	0.000847131	
8.48502	0.000847131	
8.48532	0.000846758	
8.48563	0.000846386	
8.48593	0.000846013	
8.48624	0.000846013	
8.48654	0.000845641	
8.48685	0.000845268	
8.48715	0.000844896	
8.48746	0.000844896	
8.48777	0.000844523	
8.48807	0.000844151	
8.48838	0.000844151	
8.48868	0.000843778	
8.48899	0.000843406	
8.48929	0.000843033	
8.4896	0.000843033	
8.4899	0.000842661	
8.49021	0.000842288	
8.49052	0.000841916	
8.49082	0.000841916	
8.49113	0.000841543	
8.49143	0.000841171	
8.49174	0.000841171	
8.49204	0.000840798	
8.49235	0.000840425	
8.49265	0.000840053	
8.49296	0.000840053	
8.49327	0.00083968	
8.49357	0.000839308	
8.49388	0.000838935	
8.49418	0.000838935	
8.49449	0.000838563	
8.49479	0.00083819	
8.4951	0.00083819	
8.4954	0.000837818	
8.49571	0.000837445	
8.49602	0.000837073	
8.49632	0.000837073	
8.49663	0.0008367	
8.49693	0.000836328	
8.49724	0.000836328	
8.49754	0.000835955	
8.49785	0.000835583	
8.49815	0.00083521	
8.49846	0.00083521	
8.49877	0.000834838	
8.49907	0.000834465	
8.49938	0.000834465	
8.49968	0.000834092	
8.49999	0.00083372	
8.50029	0.000833347	
8.5006	0.000833347	
8.5009	0.000832975	
8.50121	0.000832602	
8.50152	0.000832602	
8.50182	0.00083223	
8.50213	0.000831857	
8.50243	0.000831485	
8.50274	0.000831485	
8.50304	0.000831112	
8.50335	0.00083074	
8.50365	0.00083074	
8.50396	0.000830367	
8.50427	0.000829995	
8.50457	0.000829995	
8.50488	0.000829622	
8.50518	0.00082925	
8.50549	0.000828877	
8.50579	0.000828877	
8.5061	0.000828505	
8.5064	0.000828132	
8.50671	0.000828132	
8.50702	0.00082776	
8.50732	0.000827387	
8.50763	0.000827014	
8.50793	0.000827014	
8.50824	0.000826642	
8.50854	0.000826269	
8.50885	0.000826269	
8.50915	0.000825897	
8.50946	0.000825524	
8.50977	0.000825524	
8.51007	0.000825152	
8.51038	0.000824779	
8.51068	0.000824407	
8.51099	0.000824407	
8.51129	0.000824034	
8.5116	0.000823662	
8.51191	0.000823662	
8.51221	0.000823289	
8.51252	0.000822917	
8.51282	0.000822917	
8.51313	0.000822544	
8.51343	0.000822172	
8.51374	0.000821799	
8.51404	0.000821799	
8.51435	0.000821427	
8.51466	0.000821054	
8.51496	0.000821054	
8.51527	0.000820681	
8.51557	0.000820309	
8.51588	0.000820309	
8.51618	0.000819936	
8.51649	0.000819564	
8.51679	0.000819564	
8.5171	0.000819191	
8.51741	0.000818819	
8.51771	0.000818446	
8.51802	0.000818446	
8.51832	0.000818074	
8.51863	0.000817701	
8.51893	0.000817701	
8.51924	0.000817329	
8.51954	0.000816956	
8.51985	0.000816956	
8.52016	0.000816584	
8.52046	0.000816211	
8.52077	0.000816211	
8.52107	0.000815839	
8.52138	0.000815466	
8.52168	0.000815466	
8.52199	0.000815094	
8.52229	0.000814721	
8.5226	0.000814721	
8.52291	0.000814348	
8.52321	0.000813976	
8.52352	0.000813603	
8.52382	0.000813603	
8.52413	0.000813231	
8.52443	0.000812858	
8.52474	0.000812858	
8.52504	0.000812486	
8.52535	0.000812113	
8.52566	0.000812113	
8.52596	0.000811741	
8.52627	0.000811368	
8.52657	0.000811368	
8.52688	0.000810996	
8.52718	0.000810623	
8.52749	0.000810623	
8.52779	0.000810251	
8.5281	0.000809878	
8.52841	0.000809878	
8.52871	0.000809506	
8.52902	0.000809133	
8.52932	0.000809133	
8.52963	0.000808761	
8.52993	0.000808388	
8.53024	0.000808388	
8.53054	0.000808015	
8.53085	0.000807643	
8.53116	0.000807643	
8.53146	0.00080727	
8.53177	0.000806898	
8.53207	0.000806525	
8.53238	0.000806525	
8.53268	0.000806153	
8.53299	0.00080578	
8.53329	0.00080578	
8.5336	0.000805408	
8.53391	0.000805035	
8.53421	0.000805035	
8.53452	0.000804663	
8.53482	0.00080429	
8.53513	0.00080429	
8.53543	0.000803918	
8.53574	0.000803545	
8.53604	0.000803545	
8.53635	0.000803173	
8.53666	0.0008028	
8.53696	0.0008028	
8.53727	0.000802428	
8.53757	0.000802055	
8.53788	0.000802055	
8.53818	0.000801682	
8.53849	0.00080131	
8.53879	0.00080131	
8.5391	0.000800937	
8.53941	0.000800565	
8.53971	0.000800565	
8.54002	0.000800192	
8.54032	0.00079982	
8.54063	0.00079982	
8.54093	0.000799447	
8.54124	0.000799075	
8.54154	0.000799075	
8.54185	0.000798702	
8.54216	0.000798702	
8.54246	0.00079833	
8.54277	0.000797957	
8.54307	0.000797957	
8.54338	0.000797585	
8.54368	0.000797212	
8.54399	0.000797212	
8.54429	0.00079684	
8.5446	0.000796467	
8.54491	0.000796467	
8.54521	0.000796095	
8.54552	0.000795722	
8.54582	0.000795722	
8.54613	0.000795349	
8.54643	0.000794977	
8.54674	0.000794977	
8.54705	0.000794604	
8.54735	0.000794232	
8.54766	0.000794232	
8.54796	0.000793859	
8.54827	0.000793487	
8.54857	0.000793487	
8.54888	0.000793114	
8.54918	0.000792742	
8.54949	0.000792742	
8.5498	0.000792369	
8.5501	0.000791997	
8.55041	0.000791997	
8.55071	0.000791624	
8.55102	0.000791624	
8.55132	0.000791252	
8.55163	0.000790879	
8.55193	0.000790879	
8.55224	0.000790507	
8.55255	0.000790134	
8.55285	0.000790134	
8.55316	0.000789762	
8.55346	0.000789389	
8.55377	0.000789389	
8.55407	0.000789016	
8.55438	0.000788644	
8.55468	0.000788644	
8.55499	0.000788271	
8.5553	0.000787899	
8.5556	0.000787899	
8.55591	0.000787526	
8.55621	0.000787526	
8.55652	0.000787154	
8.55682	0.000786781	
8.55713	0.000786781	
8.55743	0.000786409	
8.55774	0.000786036	
8.55805	0.000786036	
8.55835	0.000785664	
8.55866	0.000785291	
8.55896	0.000785291	
8.55927	0.000784919	
8.55957	0.000784546	
8.55988	0.000784546	
8.56018	0.000784174	
8.56049	0.000784174	
8.5608	0.000783801	
8.5611	0.000783429	
8.56141	0.000783429	
8.56171	0.000783056	
8.56202	0.000782683	
8.56232	0.000782683	
8.56263	0.000782311	
8.56293	0.000781938	
8.56324	0.000781938	
8.56355	0.000781566	
8.56385	0.000781566	
8.56416	0.000781193	
8.56446	0.000780821	
8.56477	0.000780821	
8.56507	0.000780448	
8.56538	0.000780076	
8.56568	0.000780076	
8.56599	0.000779703	
8.5663	0.000779331	
8.5666	0.000779331	
8.56691	0.000778958	
8.56721	0.000778958	
8.56752	0.000778586	
8.56782	0.000778213	
8.56813	0.000778213	
8.56843	0.000777841	
8.56874	0.000777468	
8.56905	0.000777468	
8.56935	0.000777096	
8.56966	0.000776723	
8.56996	0.000776723	
8.57027	0.00077635	
8.57057	0.00077635	
8.57088	0.000775978	
8.57118	0.000775605	
8.57149	0.000775605	
8.5718	0.000775233	
8.5721	0.00077486	
8.57241	0.00077486	
8.57271	0.000774488	
8.57302	0.000774488	
8.57332	0.000774115	
8.57363	0.000773743	
8.57393	0.000773743	
8.57424	0.00077337	
8.57455	0.000772998	
8.57485	0.000772998	
8.57516	0.000772625	
8.57546	0.000772625	
8.57577	0.000772253	
8.57607	0.00077188	
8.57638	0.00077188	
8.57668	0.000771508	
8.57699	0.000771135	
8.5773	0.000771135	
8.5776	0.000770763	
8.57791	0.000770763	
8.57821	0.00077039	
8.57852	0.000770018	
8.57882	0.000770018	
8.57913	0.000769645	
8.57943	0.000769645	
8.57974	0.000769272	
8.58005	0.0007689	
8.58035	0.0007689	
8.58066	0.000768527	
8.58096	0.000768155	
8.58127	0.000768155	
8.58157	0.000767782	
8.58188	0.000767782	
8.58219	0.00076741	
8.58249	0.000767037	
8.5828	0.000767037	
8.5831	0.000766665	
8.58341	0.000766292	
8.58371	0.000766292	
8.58402	0.00076592	
8.58432	0.00076592	
8.58463	0.000765547	
8.58494	0.000765175	
8.58524	0.000765175	
8.58555	0.000764802	
8.58585	0.000764802	
8.58616	0.00076443	
8.58646	0.000764057	
8.58677	0.000764057	
8.58707	0.000763685	
8.58738	0.000763685	
8.58769	0.000763312	
8.58799	0.000762939	
8.5883	0.000762939	
8.5886	0.000762567	
8.58891	0.000762194	
8.58921	0.000762194	
8.58952	0.000761822	
8.58982	0.000761822	
8.59013	0.000761449	
8.59044	0.000761077	
8.59074	0.000761077	
8.59105	0.000760704	
8.59135	0.000760704	
8.59166	0.000760332	
8.59196	0.000759959	
8.59227	0.000759959	
8.59257	0.000759587	
8.59288	0.000759587	
8.59319	0.000759214	
8.59349	0.000758842	
8.5938	0.000758842	
8.5941	0.000758469	
8.59441	0.000758469	
8.59471	0.000758097	
8.59502	0.000757724	
8.59532	0.000757724	
8.59563	0.000757352	
8.59594	0.000757352	
8.59624	0.000756979	
8.59655	0.000756606	
8.59685	0.000756606	
8.59716	0.000756234	
8.59746	0.000756234	
8.59777	0.000755861	
8.59807	0.000755489	
8.59838	0.000755489	
8.59869	0.000755116	
8.59899	0.000755116	
8.5993	0.000754744	
8.5996	0.000754371	
8.59991	0.000754371	
8.60021	0.000753999	
8.60052	0.000753999	
8.60082	0.000753626	
8.60113	0.000753254	
8.60144	0.000753254	
8.60174	0.000752881	
8.60205	0.000752881	
8.60235	0.000752509	
8.60266	0.000752136	
8.60296	0.000752136	
8.60327	0.000751764	
8.60357	0.000751764	
8.60388	0.000751391	
8.60419	0.000751019	
8.60449	0.000751019	
8.6048	0.000750646	
8.6051	0.000750646	
8.60541	0.000750273	
8.60571	0.000750273	
8.60602	0.000749901	
8.60632	0.000749528	
8.60663	0.000749528	
8.60694	0.000749156	
8.60724	0.000749156	
8.60755	0.000748783	
8.60785	0.000748411	
8.60816	0.000748411	
8.60846	0.000748038	
8.60877	0.000748038	
8.60907	0.000747666	
8.60938	0.000747293	
8.60969	0.000747293	
8.60999	0.000746921	
8.6103	0.000746921	
8.6106	0.000746548	
8.61091	0.000746548	
8.61121	0.000746176	
8.61152	0.000745803	
8.61182	0.000745803	
8.61213	0.000745431	
8.61244	0.000745431	
8.61274	0.000745058	
8.61305	0.000744686	
8.61335	0.000744686	
8.61366	0.000744313	
8.61396	0.000744313	
8.61427	0.00074394	
8.61458	0.000743568	
8.61488	0.000743568	
8.61519	0.000743195	
8.61549	0.000743195	
8.6158	0.000742823	
8.6161	0.000742823	
8.61641	0.00074245	
8.61671	0.000742078	
8.61702	0.000742078	
8.61733	0.000741705	
8.61763	0.000741705	
8.61794	0.000741333	
8.61824	0.000741333	
8.61855	0.00074096	
8.61885	0.000740588	
8.61916	0.000740588	
8.61946	0.000740215	
8.61977	0.000740215	
8.62008	0.000739843	
8.62038	0.00073947	
8.62069	0.00073947	
8.62099	0.000739098	
8.6213	0.000739098	
8.6216	0.000738725	
8.62191	0.000738725	
8.62221	0.000738353	
8.62252	0.00073798	
8.62283	0.00073798	
8.62313	0.000737607	
8.62344	0.000737607	
8.62374	0.000737235	
8.62405	0.000737235	
8.62435	0.000736862	
8.62466	0.00073649	
8.62496	0.00073649	
8.62527	0.000736117	
8.62558	0.000736117	
8.62588	0.000735745	
8.62619	0.000735745	
8.62649	0.000735372	
8.6268	0.000735	
8.6271	0.000735	
8.62741	0.000734627	
8.62771	0.000734627	
8.62802	0.000734255	
8.62833	0.000734255	
8.62863	0.000733882	
8.62894	0.00073351	
8.62924	0.00073351	
8.62955	0.000733137	
8.62985	0.000733137	
8.63016	0.000732765	
8.63046	0.000732765	
8.63077	0.000732392	
8.63108	0.00073202	
8.63138	0.00073202	
8.63169	0.000731647	
8.63199	0.000731647	
8.6323	0.000731274	
8.6326	0.000731274	
8.63291	0.000730902	
8.63321	0.000730902	
8.63352	0.000730529	
8.63383	0.000730157	
8.63413	0.000730157	
8.63444	0.000729784	
8.63474	0.000729784	
8.63505	0.000729412	
8.63535	0.000729412	
8.63566	0.000729039	
8.63596	0.000728667	
8.63627	0.000728667	
8.63658	0.000728294	
8.63688	0.000728294	
8.63719	0.000727922	
8.63749	0.000727922	
8.6378	0.000727549	
8.6381	0.000727549	
8.63841	0.000727177	
8.63871	0.000726804	
8.63902	0.000726804	
8.63933	0.000726432	
8.63963	0.000726432	
8.63994	0.000726059	
8.64024	0.000726059	
8.64055	0.000725687	
8.64085	0.000725314	
8.64116	0.000725314	
8.64146	0.000724941	
8.64177	0.000724941	
8.64208	0.000724569	
8.64238	0.000724569	
8.64269	0.000724196	
8.64299	0.000724196	
8.6433	0.000723824	
8.6436	0.000723451	
8.64391	0.000723451	
8.64421	0.000723079	
8.64452	0.000723079	
8.64483	0.000722706	
8.64513	0.000722706	
8.64544	0.000722334	
8.64574	0.000722334	
8.64605	0.000721961	
8.64635	0.000721589	
8.64666	0.000721589	
8.64696	0.000721216	
8.64727	0.000721216	
8.64758	0.000720844	
8.64788	0.000720844	
8.64819	0.000720471	
8.64849	0.000720471	
8.6488	0.000720099	
8.6491	0.000720099	
8.64941	0.000719726	
8.64972	0.000719354	
8.65002	0.000719354	
8.65033	0.000718981	
8.65063	0.000718981	
8.65094	0.000718608	
8.65124	0.000718608	
8.65155	0.000718236	
8.65185	0.000718236	
8.65216	0.000717863	
8.65247	0.000717491	
8.65277	0.000717491	
8.65308	0.000717118	
8.65338	0.000717118	
8.65369	0.000716746	
8.65399	0.000716746	
8.6543	0.000716373	
8.6546	0.000716373	
8.65491	0.000716001	
8.65522	0.000716001	
8.65552	0.000715628	
8.65583	0.000715256	
8.65613	0.000715256	
8.65644	0.000714883	
8.65674	0.000714883	
8.65705	0.000714511	
8.65735	0.000714511	
8.65766	0.000714138	
8.65797	0.000714138	
8.65827	0.000713766	
8.65858	0.000713766	
8.65888	0.000713393	
8.65919	0.000713393	
8.65949	0.000713021	
8.6598	0.000712648	
8.6601	0.000712648	
8.66041	0.000712276	
8.66072	0.000712276	
8.66102	0.000711903	
8.66133	0.000711903	
8.66163	0.00071153	
8.66194	0.00071153	
8.66224	0.000711158	
8.66255	0.000711158	
8.66285	0.000710785	
8.66316	0.000710785	
8.66347	0.000710413	
8.66377	0.00071004	
8.66408	0.00071004	
8.66438	0.000709668	
8.66469	0.000709668	
8.66499	0.000709295	
8.6653	0.000709295	
8.6656	0.000708923	
8.66591	0.000708923	
8.66622	0.00070855	
8.66652	0.00070855	
8.66683	0.000708178	
8.66713	0.000708178	
8.66744	0.000707805	
8.66774	0.000707433	
8.66805	0.000707433	
8.66835	0.00070706	
8.66866	0.00070706	
8.66897	0.000706688	
8.66927	0.000706688	
8.66958	0.000706315	
8.66988	0.000706315	
8.67019	0.000705943	
8.67049	0.000705943	
8.6708	0.00070557	
8.6711	0.00070557	
8.67141	0.000705197	
8.67172	0.000705197	
8.67202	0.000704825	
8.67233	0.000704825	
8.67263	0.000704452	
8.67294	0.00070408	
8.67324	0.00070408	
8.67355	0.000703707	
8.67385	0.000703707	
8.67416	0.000703335	
8.67447	0.000703335	
8.67477	0.000702962	
8.67508	0.000702962	
8.67538	0.00070259	
8.67569	0.00070259	
8.67599	0.000702217	
8.6763	0.000701845	
8.6766	0.000701845	
8.67691	0.000701472	
8.67722	0.000701472	
8.67752	0.0007011	
8.67783	0.0007011	
8.67813	0.000700727	
8.67844	0.000700727	
8.67874	0.000700355	
8.67905	0.000700355	
8.67935	0.000699982	
8.67966	0.000699982	
8.67997	0.00069961	
8.68027	0.00069961	
8.68058	0.000699237	
8.68088	0.000699237	
8.68119	0.000698864	
8.68149	0.000698864	
8.6818	0.000698492	
8.68211	0.000698492	
8.68241	0.000698119	
8.68272	0.000697747	
8.68302	0.000697747	
8.68333	0.000697374	
8.68363	0.000697374	
8.68394	0.000697002	
8.68424	0.000697002	
8.68455	0.000696629	
8.68486	0.000696629	
8.68516	0.000696257	
8.68547	0.000696257	
8.68577	0.000695884	
8.68608	0.000695884	
8.68638	0.000695512	
8.68669	0.000695512	
8.68699	0.000695139	
8.6873	0.000695139	
8.68761	0.000694767	
8.68791	0.000694767	
8.68822	0.000694394	
8.68852	0.000694394	
8.68883	0.000694022	
8.68913	0.000694022	
8.68944	0.000693649	
8.68974	0.000693649	
8.69005	0.000693277	
8.69036	0.000693277	
8.69066	0.000692904	
8.69097	0.000692531	
8.69127	0.000692531	
8.69158	0.000692159	
8.69188	0.000692159	
8.69219	0.000691786	
8.69249	0.000691786	
8.6928	0.000691414	
8.69311	0.000691414	
8.69341	0.000691041	
8.69372	0.000691041	
8.69402	0.000690669	
8.69433	0.000690669	
8.69463	0.000690296	
8.69494	0.000690296	
8.69524	0.000689924	
8.69555	0.000689924	
8.69586	0.000689551	
8.69616	0.000689551	
8.69647	0.000689179	
8.69677	0.000689179	
8.69708	0.000688806	
8.69738	0.000688806	
8.69769	0.000688434	
8.69799	0.000688434	
8.6983	0.000688061	
8.69861	0.000688061	
8.69891	0.000687689	
8.69922	0.000687689	
8.69952	0.000687316	
8.69983	0.000687316	
8.70013	0.000686944	
8.70044	0.000686944	
8.70074	0.000686571	
8.70105	0.000686571	
8.70136	0.000686198	
8.70166	0.000686198	
8.70197	0.000685826	
8.70227	0.000685826	
8.70258	0.000685453	
8.70288	0.000685453	
8.70319	0.000685081	
8.70349	0.000685081	
8.7038	0.000684708	
8.70411	0.000684708	
8.70441	0.000684336	
8.70472	0.000684336	
8.70502	0.000683963	
8.70533	0.000683963	
8.70563	0.000683591	
8.70594	0.000683591	
8.70624	0.000683218	
8.70655	0.000683218	
8.70686	0.000682846	
8.70716	0.000682846	
8.70747	0.000682473	
8.70777	0.000682473	
8.70808	0.000682101	
8.70838	0.000682101	
8.70869	0.000681728	
8.70899	0.000681728	
8.7093	0.000681356	
8.70961	0.000681356	
8.70991	0.000680983	
8.71022	0.000680983	
8.71052	0.000680611	
8.71083	0.000680611	
8.71113	0.000680238	
8.71144	0.000680238	
8.71174	0.000679865	
8.71205	0.000679865	
8.71236	0.000679493	
8.71266	0.000679493	
8.71297	0.00067912	
8.71327	0.00067912	
8.71358	0.000678748	
8.71388	0.000678748	
8.71419	0.000678375	
8.71449	0.000678375	
8.7148	0.000678003	
8.71511	0.000678003	
8.71541	0.00067763	
8.71572	0.00067763	
8.71602	0.000677258	
8.71633	0.000677258	
8.71663	0.000676885	
8.71694	0.000676885	
8.71725	0.000676513	
8.71755	0.000676513	
8.71786	0.00067614	
8.71816	0.00067614	
8.71847	0.000675768	
8.71877	0.000675768	
8.71908	0.000675395	
8.71938	0.000675395	
8.71969	0.000675023	
8.72	0.000675023	
8.7203	0.00067465	
8.72061	0.00067465	
8.72091	0.000674278	
8.72122	0.000674278	
8.72152	0.000673905	
8.72183	0.000673905	
8.72213	0.000673532	
8.72244	0.000673532	
8.72275	0.00067316	
8.72305	0.00067316	
8.72336	0.000672787	
8.72366	0.000672787	
8.72397	0.000672415	
8.72427	0.000672415	
8.72458	0.000672042	
8.72488	0.000672042	
8.72519	0.00067167	
8.7255	0.00067167	
8.7258	0.000671297	
8.72611	0.000671297	
8.72641	0.000670925	
8.72672	0.000670925	
8.72702	0.000670925	
8.72733	0.000670552	
8.72763	0.000670552	
8.72794	0.00067018	
8.72825	0.00067018	
8.72855	0.000669807	
8.72886	0.000669807	
8.72916	0.000669435	
8.72947	0.000669435	
8.72977	0.000669062	
8.73008	0.000669062	
8.73038	0.00066869	
8.73069	0.00066869	
8.731	0.000668317	
8.7313	0.000668317	
8.73161	0.000667945	
8.73191	0.000667945	
8.73222	0.000667572	
8.73252	0.000667572	
8.73283	0.000667199	
8.73313	0.000667199	
8.73344	0.000666827	
8.73375	0.000666827	
8.73405	0.000666454	
8.73436	0.000666454	
8.73466	0.000666082	
8.73497	0.000666082	
8.73527	0.000665709	
8.73558	0.000665709	
8.73588	0.000665709	
8.73619	0.000665337	
8.7365	0.000665337	
8.7368	0.000664964	
8.73711	0.000664964	
8.73741	0.000664592	
8.73772	0.000664592	
8.73802	0.000664219	
8.73833	0.000664219	
8.73863	0.000663847	
8.73894	0.000663847	
8.73925	0.000663474	
8.73955	0.000663474	
8.73986	0.000663102	
8.74016	0.000663102	
8.74047	0.000662729	
8.74077	0.000662729	
8.74108	0.000662357	
8.74138	0.000662357	
8.74169	0.000661984	
8.742	0.000661984	
8.7423	0.000661612	
8.74261	0.000661612	
8.74291	0.000661612	
8.74322	0.000661239	
8.74352	0.000661239	
8.74383	0.000660866	
8.74413	0.000660866	
8.74444	0.000660494	
8.74475	0.000660494	
8.74505	0.000660121	
8.74536	0.000660121	
8.74566	0.000659749	
8.74597	0.000659749	
8.74627	0.000659376	
8.74658	0.000659376	
8.74688	0.000659004	
8.74719	0.000659004	
8.7475	0.000658631	
8.7478	0.000658631	
8.74811	0.000658631	
8.74841	0.000658259	
8.74872	0.000658259	
8.74902	0.000657886	
8.74933	0.000657886	
8.74963	0.000657514	
8.74994	0.000657514	
8.75025	0.000657141	
8.75055	0.000657141	
8.75086	0.000656769	
8.75116	0.000656769	
8.75147	0.000656396	
8.75177	0.000656396	
8.75208	0.000656024	
8.75239	0.000656024	
8.75269	0.000655651	
8.753	0.000655651	
8.7533	0.000655651	
8.75361	0.000655279	
8.75391	0.000655279	
8.75422	0.000654906	
8.75452	0.000654906	
8.75483	0.000654534	
8.75514	0.000654534	
8.75544	0.000654161	
8.75575	0.000654161	
8.75605	0.000653788	
8.75636	0.000653788	
8.75666	0.000653416	
8.75697	0.000653416	
8.75727	0.000653043	
8.75758	0.000653043	
8.75789	0.000653043	
8.75819	0.000652671	
8.7585	0.000652671	
8.7588	0.000652298	
8.75911	0.000652298	
8.75941	0.000651926	
8.75972	0.000651926	
8.76002	0.000651553	
8.76033	0.000651553	
8.76064	0.000651181	
8.76094	0.000651181	
8.76125	0.000650808	
8.76155	0.000650808	
8.76186	0.000650436	
8.76216	0.000650436	
8.76247	0.000650436	
8.76277	0.000650063	
8.76308	0.000650063	
8.76339	0.000649691	
8.76369	0.000649691	
8.764	0.000649318	
8.7643	0.000649318	
8.76461	0.000648946	
8.76491	0.000648946	
8.76522	0.000648573	
8.76552	0.000648573	
8.76583	0.000648573	
8.76614	0.000648201	
8.76644	0.000648201	
8.76675	0.000647828	
8.76705	0.000647828	
8.76736	0.000647455	
8.76766	0.000647455	
8.76797	0.000647083	
8.76827	0.000647083	
8.76858	0.00064671	
8.76889	0.00064671	
8.76919	0.000646338	
8.7695	0.000646338	
8.7698	0.000646338	
8.77011	0.000645965	
8.77041	0.000645965	
8.77072	0.000645593	
8.77102	0.000645593	
8.77133	0.00064522	
8.77164	0.00064522	
8.77194	0.000644848	
8.77225	0.000644848	
8.77255	0.000644475	
8.77286	0.000644475	
8.77316	0.000644475	
8.77347	0.000644103	
8.77377	0.000644103	
8.77408	0.00064373	
8.77439	0.00064373	
8.77469	0.000643358	
8.775	0.000643358	
8.7753	0.000642985	
8.77561	0.000642985	
8.77591	0.000642985	
8.77622	0.000642613	
8.77652	0.000642613	
8.77683	0.00064224	
8.77714	0.00064224	
8.77744	0.000641868	
8.77775	0.000641868	
8.77805	0.000641495	
8.77836	0.000641495	
8.77866	0.000641122	
8.77897	0.000641122	
8.77927	0.000641122	
8.77958	0.00064075	
8.77989	0.00064075	
8.78019	0.000640377	
8.7805	0.000640377	
8.7808	0.000640005	
8.78111	0.000640005	
8.78141	0.000639632	
8.78172	0.000639632	
8.78202	0.000639632	
8.78233	0.00063926	
8.78264	0.00063926	
8.78294	0.000638887	
8.78325	0.000638887	
8.78355	0.000638515	
8.78386	0.000638515	
8.78416	0.000638142	
8.78447	0.000638142	
8.78478	0.000638142	
8.78508	0.00063777	
8.78539	0.00063777	
8.78569	0.000637397	
8.786	0.000637397	
8.7863	0.000637025	
8.78661	0.000637025	
8.78691	0.000636652	
8.78722	0.000636652	
8.78753	0.000636652	
8.78783	0.00063628	
8.78814	0.00063628	
8.78844	0.000635907	
8.78875	0.000635907	
8.78905	0.000635535	
8.78936	0.000635535	
8.78966	0.000635162	
8.78997	0.000635162	
8.79028	0.000635162	
8.79058	0.000634789	
8.79089	0.000634789	
8.79119	0.000634417	
8.7915	0.000634417	
8.7918	0.000634044	
8.79211	0.000634044	
8.79241	0.000633672	
8.79272	0.000633672	
8.79303	0.000633672	
8.79333	0.000633299	
8.79364	0.000633299	
8.79394	0.000632927	
8.79425	0.000632927	
8.79455	0.000632554	
8.79486	0.000632554	
8.79516	0.000632554	
8.79547	0.000632182	
8.79578	0.000632182	
8.79608	0.000631809	
8.79639	0.000631809	
8.79669	0.000631437	
8.797	0.000631437	
8.7973	0.000631064	
8.79761	0.000631064	
8.79791	0.000631064	
8.79822	0.000630692	
8.79853	0.000630692	
8.79883	0.000630319	
8.79914	0.000630319	
8.79944	0.000629947	
8.79975	0.000629947	
8.80005	0.000629947	
8.80036	0.000629574	
8.80066	0.000629574	
8.80097	0.000629202	
8.80128	0.000629202	
8.80158	0.000628829	
8.80189	0.000628829	
8.80219	0.000628456	
8.8025	0.000628456	
8.8028	0.000628456	
8.80311	0.000628084	
8.80341	0.000628084	
8.80372	0.000627711	
8.80403	0.000627711	
8.80433	0.000627339	
8.80464	0.000627339	
8.80494	0.000627339	
8.80525	0.000626966	
8.80555	0.000626966	
8.80586	0.000626594	
8.80616	0.000626594	
8.80647	0.000626221	
8.80678	0.000626221	
8.80708	0.000626221	
8.80739	0.000625849	
8.80769	0.000625849	
8.808	0.000625476	
8.8083	0.000625476	
8.80861	0.000625104	
8.80891	0.000625104	
8.80922	0.000625104	
8.80953	0.000624731	
8.80983	0.000624731	
8.81014	0.000624359	
8.81044	0.000624359	
8.81075	0.000623986	
8.81105	0.000623986	
8.81136	0.000623986	
8.81166	0.000623614	
8.81197	0.000623614	
8.81228	0.000623241	
8.81258	0.000623241	
8.81289	0.000622869	
8.81319	0.000622869	
8.8135	0.000622869	
8.8138	0.000622496	
8.81411	0.000622496	
8.81441	0.000622123	
8.81472	0.000622123	
8.81503	0.000621751	
8.81533	0.000621751	
8.81564	0.000621751	
8.81594	0.000621378	
8.81625	0.000621378	
8.81655	0.000621006	
8.81686	0.000621006	
8.81716	0.000620633	
8.81747	0.000620633	
8.81778	0.000620633	
8.81808	0.000620261	
8.81839	0.000620261	
8.81869	0.000619888	
8.819	0.000619888	
8.8193	0.000619516	
8.81961	0.000619516	
8.81992	0.000619516	
8.82022	0.000619143	
8.82053	0.000619143	
8.82083	0.000618771	
8.82114	0.000618771	
8.82144	0.000618398	
8.82175	0.000618398	
8.82205	0.000618398	
8.82236	0.000618026	
8.82267	0.000618026	
8.82297	0.000617653	
8.82328	0.000617653	
8.82358	0.000617281	
8.82389	0.000617281	
8.82419	0.000617281	
8.8245	0.000616908	
8.8248	0.000616908	
8.82511	0.000616536	
8.82542	0.000616536	
8.82572	0.000616536	
8.82603	0.000616163	
8.82633	0.000616163	
8.82664	0.00061579	
8.82694	0.00061579	
8.82725	0.000615418	
8.82755	0.000615418	
8.82786	0.000615418	
8.82817	0.000615045	
8.82847	0.000615045	
8.82878	0.000614673	
8.82908	0.000614673	
8.82939	0.000614673	
8.82969	0.0006143	
8.83	0.0006143	
8.8303	0.000613928	
8.83061	0.000613928	
8.83092	0.000613555	
8.83122	0.000613555	
8.83153	0.000613555	
8.83183	0.000613183	
8.83214	0.000613183	
8.83244	0.00061281	
8.83275	0.00061281	
8.83305	0.00061281	
8.83336	0.000612438	
8.83367	0.000612438	
8.83397	0.000612065	
8.83428	0.000612065	
8.83458	0.000611693	
8.83489	0.000611693	
8.83519	0.000611693	
8.8355	0.00061132	
8.8358	0.00061132	
8.83611	0.000610948	
8.83642	0.000610948	
8.83672	0.000610948	
8.83703	0.000610575	
8.83733	0.000610575	
8.83764	0.000610203	
8.83794	0.000610203	
8.83825	0.00060983	
8.83855	0.00060983	
8.83886	0.00060983	
8.83917	0.000609457	
8.83947	0.000609457	
8.83978	0.000609085	
8.84008	0.000609085	
8.84039	0.000609085	
8.84069	0.000608712	
8.841	0.000608712	
8.8413	0.00060834	
8.84161	0.00060834	
8.84192	0.00060834	
8.84222	0.000607967	
8.84253	0.000607967	
8.84283	0.000607595	
8.84314	0.000607595	
8.84344	0.000607595	
8.84375	0.000607222	
8.84405	0.000607222	
8.84436	0.00060685	
8.84467	0.00060685	
8.84497	0.000606477	
8.84528	0.000606477	
8.84558	0.000606477	
8.84589	0.000606105	
8.84619	0.000606105	
8.8465	0.000605732	
8.8468	0.000605732	
8.84711	0.000605732	
8.84742	0.00060536	
8.84772	0.00060536	
8.84803	0.000604987	
8.84833	0.000604987	
8.84864	0.000604987	
8.84894	0.000604615	
8.84925	0.000604615	
8.84955	0.000604242	
8.84986	0.000604242	
8.85017	0.000604242	
8.85047	0.00060387	
8.85078	0.00060387	
8.85108	0.000603497	
8.85139	0.000603497	
8.85169	0.000603497	
8.852	0.000603124	
8.85231	0.000603124	
8.85261	0.000602752	
8.85292	0.000602752	
8.85322	0.000602752	
8.85353	0.000602379	
8.85383	0.000602379	
8.85414	0.000602007	
8.85444	0.000602007	
8.85475	0.000602007	
8.85506	0.000601634	
8.85536	0.000601634	
8.85567	0.000601262	
8.85597	0.000601262	
8.85628	0.000601262	
8.85658	0.000600889	
8.85689	0.000600889	
8.85719	0.000600517	
8.8575	0.000600517	
8.85781	0.000600144	
8.85811	0.000600144	
8.85842	0.000600144	
8.85872	0.000599772	
8.85903	0.000599772	
8.85933	0.000599399	
8.85964	0.000599399	
8.85994	0.000599399	
8.86025	0.000599027	
8.86056	0.000599027	
8.86086	0.000599027	
8.86117	0.000598654	
8.86147	0.000598654	
8.86178	0.000598282	
8.86208	0.000598282	
8.86239	0.000598282	
8.86269	0.000597909	
8.863	0.000597909	
8.86331	0.000597537	
8.86361	0.000597537	
8.86392	0.000597537	
8.86422	0.000597164	
8.86453	0.000597164	
8.86483	0.000596792	
8.86514	0.000596792	
8.86544	0.000596792	
8.86575	0.000596419	
8.86606	0.000596419	
8.86636	0.000596046	
8.86667	0.000596046	
8.86697	0.000596046	
8.86728	0.000595674	
8.86758	0.000595674	
8.86789	0.000595301	
8.86819	0.000595301	
8.8685	0.000595301	
8.86881	0.000594929	
8.86911	0.000594929	
8.86942	0.000594556	
8.86972	0.000594556	
8.87003	0.000594556	
8.87033	0.000594184	
8.87064	0.000594184	
8.87094	0.000593811	
8.87125	0.000593811	
8.87156	0.000593811	
8.87186	0.000593439	
8.87217	0.000593439	
8.87247	0.000593066	
8.87278	0.000593066	
8.87308	0.000593066	
8.87339	0.000592694	
8.87369	0.000592694	
8.874	0.000592694	
8.87431	0.000592321	
8.87461	0.000592321	
8.87492	0.000591949	
8.87522	0.000591949	
8.87553	0.000591949	
8.87583	0.000591576	
8.87614	0.000591576	
8.87644	0.000591204	
8.87675	0.000591204	
8.87706	0.000591204	
8.87736	0.000590831	
8.87767	0.000590831	
8.87797	0.000590459	
8.87828	0.000590459	
8.87858	0.000590459	
8.87889	0.000590086	
8.87919	0.000590086	
8.8795	0.000589713	
8.87981	0.000589713	
8.88011	0.000589713	
8.88042	0.000589341	
8.88072	0.000589341	
8.88103	0.000589341	
8.88133	0.000588968	
8.88164	0.000588968	
8.88194	0.000588596	
8.88225	0.000588596	
8.88256	0.000588596	
8.88286	0.000588223	
8.88317	0.000588223	
8.88347	0.000587851	
8.88378	0.000587851	
8.88408	0.000587851	
8.88439	0.000587478	
8.88469	0.000587478	
8.885	0.000587478	
8.88531	0.000587106	
8.88561	0.000587106	
8.88592	0.000586733	
8.88622	0.000586733	
8.88653	0.000586733	
8.88683	0.000586361	
8.88714	0.000586361	
8.88745	0.000585988	
8.88775	0.000585988	
8.88806	0.000585988	
8.88836	0.000585616	
8.88867	0.000585616	
8.88897	0.000585616	
8.88928	0.000585243	
8.88958	0.000585243	
8.88989	0.000584871	
8.8902	0.000584871	
8.8905	0.000584871	
8.89081	0.000584498	
8.89111	0.000584498	
8.89142	0.000584126	
8.89172	0.000584126	
8.89203	0.000584126	
8.89233	0.000583753	
8.89264	0.000583753	
8.89295	0.000583753	
8.89325	0.00058338	
8.89356	0.00058338	
8.89386	0.000583008	
8.89417	0.000583008	
8.89447	0.000583008	
8.89478	0.000582635	
8.89508	0.000582635	
8.89539	0.000582635	
8.8957	0.000582263	
8.896	0.000582263	
8.89631	0.00058189	
8.89661	0.00058189	
8.89692	0.00058189	
8.89722	0.000581518	
8.89753	0.000581518	
8.89783	0.000581145	
8.89814	0.000581145	
8.89845	0.000581145	
8.89875	0.000580773	
8.89906	0.000580773	
8.89936	0.000580773	
8.89967	0.0005804	
8.89997	0.0005804	
8.90028	0.000580028	
8.90058	0.000580028	
8.90089	0.000580028	
8.9012	0.000579655	
8.9015	0.000579655	
8.90181	0.000579655	
8.90211	0.000579283	
8.90242	0.000579283	
8.90272	0.00057891	
8.90303	0.00057891	
8.90333	0.00057891	
8.90364	0.000578538	
8.90395	0.000578538	
8.90425	0.000578538	
8.90456	0.000578165	
8.90486	0.000578165	
8.90517	0.000577793	
8.90547	0.000577793	
8.90578	0.000577793	
8.90608	0.00057742	
8.90639	0.00057742	
8.9067	0.00057742	
8.907	0.000577047	
8.90731	0.000577047	
8.90761	0.000576675	
8.90792	0.000576675	
8.90822	0.000576675	
8.90853	0.000576302	
8.90883	0.000576302	
8.90914	0.000576302	
8.90945	0.00057593	
8.90975	0.00057593	
8.91006	0.000575557	
8.91036	0.000575557	
8.91067	0.000575557	
8.91097	0.000575185	
8.91128	0.000575185	
8.91158	0.000575185	
8.91189	0.000574812	
8.9122	0.000574812	
8.9125	0.00057444	
8.91281	0.00057444	
8.91311	0.00057444	
8.91342	0.000574067	
8.91372	0.000574067	
8.91403	0.000574067	
8.91433	0.000573695	
8.91464	0.000573695	
8.91495	0.000573322	
8.91525	0.000573322	
8.91556	0.000573322	
8.91586	0.00057295	
8.91617	0.00057295	
8.91647	0.00057295	
8.91678	0.000572577	
8.91708	0.000572577	
8.91739	0.000572577	
8.9177	0.000572205	
8.918	0.000572205	
8.91831	0.000571832	
8.91861	0.000571832	
8.91892	0.000571832	
8.91922	0.00057146	
8.91953	0.00057146	
8.91983	0.00057146	
8.92014	0.000571087	
8.92045	0.000571087	
8.92075	0.000570714	
8.92106	0.000570714	
8.92136	0.000570714	
8.92167	0.000570342	
8.92197	0.000570342	
8.92228	0.000570342	
8.92259	0.000569969	
8.92289	0.000569969	
8.9232	0.000569969	
8.9235	0.000569597	
8.92381	0.000569597	
8.92411	0.000569224	
8.92442	0.000569224	
8.92472	0.000569224	
8.92503	0.000568852	
8.92534	0.000568852	
8.92564	0.000568852	
8.92595	0.000568479	
8.92625	0.000568479	
8.92656	0.000568479	
8.92686	0.000568107	
8.92717	0.000568107	
8.92747	0.000567734	
8.92778	0.000567734	
8.92809	0.000567734	
8.92839	0.000567362	
8.9287	0.000567362	
8.929	0.000567362	
8.92931	0.000566989	
8.92961	0.000566989	
8.92992	0.000566989	
8.93022	0.000566617	
8.93053	0.000566617	
8.93084	0.000566244	
8.93114	0.000566244	
8.93145	0.000566244	
8.93175	0.000565872	
8.93206	0.000565872	
8.93236	0.000565872	
8.93267	0.000565499	
8.93297	0.000565499	
8.93328	0.000565499	
8.93359	0.000565127	
8.93389	0.000565127	
8.9342	0.000564754	
8.9345	0.000564754	
8.93481	0.000564754	
8.93511	0.000564381	
8.93542	0.000564381	
8.93572	0.000564381	
8.93603	0.000564009	
8.93634	0.000564009	
8.93664	0.000564009	
8.93695	0.000563636	
8.93725	0.000563636	
8.93756	0.000563636	
8.93786	0.000563264	
8.93817	0.000563264	
8.93847	0.000562891	
8.93878	0.000562891	
8.93909	0.000562891	
8.93939	0.000562519	
8.9397	0.000562519	
8.94	0.000562519	
8.94031	0.000562146	
8.94061	0.000562146	
8.94092	0.000562146	
8.94122	0.000561774	
8.94153	0.000561774	
8.94184	0.000561774	
8.94214	0.000561401	
8.94245	0.000561401	
8.94275	0.000561029	
8.94306	0.000561029	
8.94336	0.000561029	
8.94367	0.000560656	
8.94397	0.000560656	
8.94428	0.000560656	
8.94459	0.000560284	
8.94489	0.000560284	
8.9452	0.000560284	
8.9455	0.000559911	
8.94581	0.000559911	
8.94611	0.000559911	
8.94642	0.000559539	
8.94672	0.000559539	
8.94703	0.000559166	
8.94734	0.000559166	
8.94764	0.000559166	
8.94795	0.000558794	
8.94825	0.000558794	
8.94856	0.000558794	
8.94886	0.000558421	
8.94917	0.000558421	
8.94947	0.000558421	
8.94978	0.000558048	
8.95009	0.000558048	
8.95039	0.000558048	
8.9507	0.000557676	
8.951	0.000557676	
8.95131	0.000557676	
8.95161	0.000557303	
8.95192	0.000557303	
8.95222	0.000556931	
8.95253	0.000556931	
8.95284	0.000556931	
8.95314	0.000556558	
8.95345	0.000556558	
8.95375	0.000556558	
8.95406	0.000556186	
8.95436	0.000556186	
8.95467	0.000556186	
8.95498	0.000555813	
8.95528	0.000555813	
8.95559	0.000555813	
8.95589	0.000555441	
8.9562	0.000555441	
8.9565	0.000555441	
8.95681	0.000555068	
8.95711	0.000555068	
8.95742	0.000555068	
8.95773	0.000554696	
8.95803	0.000554696	
8.95834	0.000554323	
8.95864	0.000554323	
8.95895	0.000554323	
8.95925	0.000553951	
8.95956	0.000553951	
8.95986	0.000553951	
8.96017	0.000553578	
8.96048	0.000553578	
8.96078	0.000553578	
8.96109	0.000553206	
8.96139	0.000553206	
8.9617	0.000553206	
8.962	0.000552833	
8.96231	0.000552833	
8.96261	0.000552833	
8.96292	0.000552461	
8.96323	0.000552461	
8.96353	0.000552461	
8.96384	0.000552088	
8.96414	0.000552088	
8.96445	0.000552088	
8.96475	0.000551715	
8.96506	0.000551715	
8.96536	0.000551715	
8.96567	0.000551343	
8.96598	0.000551343	
8.96628	0.000551343	
8.96659	0.00055097	
8.96689	0.00055097	
8.9672	0.000550598	
8.9675	0.000550598	
8.96781	0.000550598	
8.96811	0.000550225	
8.96842	0.000550225	
8.96873	0.000550225	
8.96903	0.000549853	
8.96934	0.000549853	
8.96964	0.000549853	
8.96995	0.00054948	
8.97025	0.00054948	
8.97056	0.00054948	
8.97086	0.000549108	
8.97117	0.000549108	
8.97148	0.000549108	
8.97178	0.000548735	
8.97209	0.000548735	
8.97239	0.000548735	
8.9727	0.000548363	
8.973	0.000548363	
8.97331	0.000548363	
8.97361	0.00054799	
8.97392	0.00054799	
8.97423	0.00054799	
8.97453	0.000547618	
8.97484	0.000547618	
8.97514	0.000547618	
8.97545	0.000547245	
8.97575	0.000547245	
8.97606	0.000547245	
8.97636	0.000546873	
8.97667	0.000546873	
8.97698	0.000546873	
8.97728	0.0005465	
8.97759	0.0005465	
8.97789	0.000546128	
8.9782	0.000546128	
8.9785	0.000546128	
8.97881	0.000545755	
8.97911	0.000545755	
8.97942	0.000545755	
8.97973	0.000545382	
8.98003	0.000545382	
8.98034	0.000545382	
8.98064	0.00054501	
8.98095	0.00054501	
8.98125	0.00054501	
8.98156	0.000544637	
8.98186	0.000544637	
8.98217	0.000544637	
8.98248	0.000544265	
8.98278	0.000544265	
8.98309	0.000544265	
8.98339	0.000543892	
8.9837	0.000543892	
8.984	0.000543892	
8.98431	0.00054352	
8.98461	0.00054352	
8.98492	0.00054352	
8.98523	0.000543147	
8.98553	0.000543147	
8.98584	0.000543147	
8.98614	0.000542775	
8.98645	0.000542775	
8.98675	0.000542775	
8.98706	0.000542402	
8.98736	0.000542402	
8.98767	0.000542402	
8.98798	0.00054203	
8.98828	0.00054203	
8.98859	0.00054203	
8.98889	0.000541657	
8.9892	0.000541657	
8.9895	0.000541657	
8.98981	0.000541285	
8.99012	0.000541285	
8.99042	0.000541285	
8.99073	0.000540912	
8.99103	0.000540912	
8.99134	0.000540912	
8.99164	0.00054054	
8.99195	0.00054054	
8.99225	0.00054054	
8.99256	0.000540167	
8.99287	0.000540167	
8.99317	0.000540167	
8.99348	0.000539795	
8.99378	0.000539795	
8.99409	0.000539795	
8.99439	0.000539422	
8.9947	0.000539422	
8.995	0.000539422	
8.99531	0.00053905	
8.99562	0.00053905	
8.99592	0.00053905	
8.99623	0.000538677	
8.99653	0.000538677	
8.99684	0.000538677	
8.99714	0.000538304	
8.99745	0.000538304	
8.99775	0.000538304	
8.99806	0.000537932	
8.99837	0.000537932	
8.99867	0.000537932	
8.99898	0.000537559	
8.99928	0.000537559	
8.99959	0.000537559	
8.99989	0.000537187	
9.0002	0.000537187	
9.0005	0.000537187	
9.00081	0.000536814	
9.00112	0.000536814	
9.00142	0.000536814	
9.00173	0.000536442	
9.00203	0.000536442	
9.00234	0.000536442	
9.00264	0.000536069	
9.00295	0.000536069	
9.00325	0.000536069	
9.00356	0.000535697	
9.00387	0.000535697	
9.00417	0.000535697	
9.00448	0.000535324	
9.00478	0.000535324	
9.00509	0.000535324	
9.00539	0.000534952	
9.0057	0.000534952	
9.006	0.000534952	
9.00631	0.000534579	
9.00662	0.000534579	
9.00692	0.000534579	
9.00723	0.000534207	
9.00753	0.000534207	
9.00784	0.000534207	
9.00814	0.000533834	
9.00845	0.000533834	
9.00875	0.000533834	
9.00906	0.000533462	
9.00937	0.000533462	
9.00967	0.000533462	
9.00998	0.000533462	
9.01028	0.000533089	
9.01059	0.000533089	
9.01089	0.000533089	
9.0112	0.000532717	
9.0115	0.000532717	
9.01181	0.000532717	
9.01212	0.000532344	
9.01242	0.000532344	
9.01273	0.000532344	
9.01303	0.000531971	
9.01334	0.000531971	
9.01364	0.000531971	
9.01395	0.000531599	
9.01425	0.000531599	
9.01456	0.000531599	
9.01487	0.000531226	
9.01517	0.000531226	
9.01548	0.000531226	
9.01578	0.000530854	
9.01609	0.000530854	
9.01639	0.000530854	
9.0167	0.000530481	
9.017	0.000530481	
9.01731	0.000530481	
9.01762	0.000530109	
9.01792	0.000530109	
9.01823	0.000530109	
9.01853	0.000529736	
9.01884	0.000529736	
9.01914	0.000529736	
9.01945	0.000529364	
9.01975	0.000529364	
9.02006	0.000529364	
9.02037	0.000528991	
9.02067	0.000528991	
9.02098	0.000528991	
9.02128	0.000528991	
9.02159	0.000528619	
9.02189	0.000528619	
9.0222	0.000528619	
9.02251	0.000528246	
9.02281	0.000528246	
9.02312	0.000528246	
9.02342	0.000527874	
9.02373	0.000527874	
9.02403	0.000527874	
9.02434	0.000527501	
9.02464	0.000527501	
9.02495	0.000527501	
9.02526	0.000527129	
9.02556	0.000527129	
9.02587	0.000527129	
9.02617	0.000526756	
9.02648	0.000526756	
9.02678	0.000526756	
9.02709	0.000526384	
9.02739	0.000526384	
9.0277	0.000526384	
9.02801	0.000526011	
9.02831	0.000526011	
9.02862	0.000526011	
9.02892	0.000526011	
9.02923	0.000525638	
9.02953	0.000525638	
9.02984	0.000525638	
9.03014	0.000525266	
9.03045	0.000525266	
9.03076	0.000525266	
9.03106	0.000524893	
9.03137	0.000524893	
9.03167	0.000524893	
9.03198	0.000524521	
9.03228	0.000524521	
9.03259	0.000524521	
9.03289	0.000524148	
9.0332	0.000524148	
9.03351	0.000524148	
9.03381	0.000523776	
9.03412	0.000523776	
9.03442	0.000523776	
9.03473	0.000523403	
9.03503	0.000523403	
9.03534	0.000523403	
9.03564	0.000523403	
9.03595	0.000523031	
9.03626	0.000523031	
9.03656	0.000523031	
9.03687	0.000522658	
9.03717	0.000522658	
9.03748	0.000522658	
9.03778	0.000522286	
9.03809	0.000522286	
9.03839	0.000522286	
9.0387	0.000521913	
9.03901	0.000521913	
9.03931	0.000521913	
9.03962	0.000521541	
9.03992	0.000521541	
9.04023	0.000521541	
9.04053	0.000521541	
9.04084	0.000521168	
9.04114	0.000521168	
9.04145	0.000521168	
9.04176	0.000520796	
9.04206	0.000520796	
9.04237	0.000520796	
9.04267	0.000520423	
9.04298	0.000520423	
9.04328	0.000520423	
9.04359	0.000520051	
9.04389	0.000520051	
9.0442	0.000520051	
9.04451	0.000519678	
9.04481	0.000519678	
9.04512	0.000519678	
9.04542	0.000519678	
9.04573	0.000519305	
9.04603	0.000519305	
9.04634	0.000519305	
9.04664	0.000518933	
9.04695	0.000518933	
9.04726	0.000518933	
9.04756	0.00051856	
9.04787	0.00051856	
9.04817	0.00051856	
9.04848	0.000518188	
9.04878	0.000518188	
9.04909	0.000518188	
9.04939	0.000517815	
9.0497	0.000517815	
9.05001	0.000517815	
9.05031	0.000517815	
9.05062	0.000517443	
9.05092	0.000517443	
9.05123	0.000517443	
9.05153	0.00051707	
9.05184	0.00051707	
9.05214	0.00051707	
9.05245	0.000516698	
9.05276	0.000516698	
9.05306	0.000516698	
9.05337	0.000516325	
9.05367	0.000516325	
9.05398	0.000516325	
9.05428	0.000516325	
9.05459	0.000515953	
9.05489	0.000515953	
9.0552	0.000515953	
9.05551	0.00051558	
9.05581	0.00051558	
9.05612	0.00051558	
9.05642	0.000515208	
9.05673	0.000515208	
9.05703	0.000515208	
9.05734	0.000514835	
9.05765	0.000514835	
9.05795	0.000514835	
9.05826	0.000514835	
9.05856	0.000514463	
9.05887	0.000514463	
9.05917	0.000514463	
9.05948	0.00051409	
9.05978	0.00051409	
9.06009	0.00051409	
9.0604	0.000513718	
9.0607	0.000513718	
9.06101	0.000513718	
9.06131	0.000513345	
9.06162	0.000513345	
9.06192	0.000513345	
9.06223	0.000513345	
9.06253	0.000512972	
9.06284	0.000512972	
9.06315	0.000512972	
9.06345	0.0005126	
9.06376	0.0005126	
9.06406	0.0005126	
9.06437	0.000512227	
9.06467	0.000512227	
9.06498	0.000512227	
9.06528	0.000511855	
9.06559	0.000511855	
9.0659	0.000511855	
9.0662	0.000511855	
9.06651	0.000511482	
9.06681	0.000511482	
9.06712	0.000511482	
9.06742	0.00051111	
9.06773	0.00051111	
9.06803	0.00051111	
9.06834	0.000510737	
9.06865	0.000510737	
9.06895	0.000510737	
9.06926	0.000510737	
9.06956	0.000510365	
9.06987	0.000510365	
9.07017	0.000510365	
9.07048	0.000509992	
9.07078	0.000509992	
9.07109	0.000509992	
9.0714	0.00050962	
9.0717	0.00050962	
9.07201	0.00050962	
9.07231	0.00050962	
9.07262	0.000509247	
9.07292	0.000509247	
9.07323	0.000509247	
9.07353	0.000508875	
9.07384	0.000508875	
9.07415	0.000508875	
9.07445	0.000508502	
9.07476	0.000508502	
9.07506	0.000508502	
9.07537	0.000508502	
9.07567	0.00050813	
9.07598	0.00050813	
9.07628	0.00050813	
9.07659	0.000507757	
9.0769	0.000507757	
9.0772	0.000507757	
9.07751	0.000507385	
9.07781	0.000507385	
9.07812	0.000507385	
9.07842	0.000507385	
9.07873	0.000507012	
9.07903	0.000507012	
9.07934	0.000507012	
9.07965	0.000506639	
9.07995	0.000506639	
9.08026	0.000506639	
9.08056	0.000506267	
9.08087	0.000506267	
9.08117	0.000506267	
9.08148	0.000506267	
9.08178	0.000505894	
9.08209	0.000505894	
9.0824	0.000505894	
9.0827	0.000505522	
9.08301	0.000505522	
9.08331	0.000505522	
9.08362	0.000505149	
9.08392	0.000505149	
9.08423	0.000505149	
9.08453	0.000505149	
9.08484	0.000504777	
9.08515	0.000504777	
9.08545	0.000504777	
9.08576	0.000504404	
9.08606	0.000504404	
9.08637	0.000504404	
9.08667	0.000504032	
9.08698	0.000504032	
9.08728	0.000504032	
9.08759	0.000504032	
9.0879	0.000503659	
9.0882	0.000503659	
9.08851	0.000503659	
9.08881	0.000503287	
9.08912	0.000503287	
9.08942	0.000503287	
9.08973	0.000503287	
9.09003	0.000502914	
9.09034	0.000502914	
9.09065	0.000502914	
9.09095	0.000502542	
9.09126	0.000502542	
9.09156	0.000502542	
9.09187	0.000502169	
9.09217	0.000502169	
9.09248	0.000502169	
9.09279	0.000502169	
9.09309	0.000501797	
9.0934	0.000501797	
9.0937	0.000501797	
9.09401	0.000501424	
9.09431	0.000501424	
9.09462	0.000501424	
9.09492	0.000501424	
9.09523	0.000501052	
9.09554	0.000501052	
9.09584	0.000501052	
9.09615	0.000500679	
9.09645	0.000500679	
9.09676	0.000500679	
9.09706	0.000500306	
9.09737	0.000500306	
9.09767	0.000500306	
9.09798	0.000500306	
9.09829	0.000499934	
9.09859	0.000499934	
9.0989	0.000499934	
9.0992	0.000499561	
9.09951	0.000499561	
9.09981	0.000499561	
9.10012	0.000499561	
9.10042	0.000499189	
9.10073	0.000499189	
9.10104	0.000499189	
9.10134	0.000498816	
9.10165	0.000498816	
9.10195	0.000498816	
9.10226	0.000498816	
9.10256	0.000498444	
9.10287	0.000498444	
9.10317	0.000498444	
9.10348	0.000498071	
9.10379	0.000498071	
9.10409	0.000498071	
9.1044	0.000497699	
9.1047	0.000497699	
9.10501	0.000497699	
9.10531	0.000497699	
9.10562	0.000497326	
9.10592	0.000497326	
9.10623	0.000497326	
9.10654	0.000496954	
9.10684	0.000496954	
9.10715	0.000496954	
9.10745	0.000496954	
9.10776	0.000496581	
9.10806	0.000496581	
9.10837	0.000496581	
9.10867	0.000496209	
9.10898	0.000496209	
9.10929	0.000496209	
9.10959	0.000496209	
9.1099	0.000495836	
9.1102	0.000495836	
9.11051	0.000495836	
9.11081	0.000495464	
9.11112	0.000495464	
9.11142	0.000495464	
9.11173	0.000495464	
9.11204	0.000495091	
9.11234	0.000495091	
9.11265	0.000495091	
9.11295	0.000494719	
9.11326	0.000494719	
9.11356	0.000494719	
9.11387	0.000494719	
9.11417	0.000494346	
9.11448	0.000494346	
9.11479	0.000494346	
9.11509	0.000493973	
9.1154	0.000493973	
9.1157	0.000493973	
9.11601	0.000493973	
9.11631	0.000493601	
9.11662	0.000493601	
9.11692	0.000493601	
9.11723	0.000493228	
9.11754	0.000493228	
9.11784	0.000493228	
9.11815	0.000493228	
9.11845	0.000492856	
9.11876	0.000492856	
9.11906	0.000492856	
9.11937	0.000492483	
9.11967	0.000492483	
9.11998	0.000492483	
9.12029	0.000492483	
9.12059	0.000492111	
9.1209	0.000492111	
9.1212	0.000492111	
9.12151	0.000491738	
9.12181	0.000491738	
9.12212	0.000491738	
9.12242	0.000491738	
9.12273	0.000491366	
9.12304	0.000491366	
9.12334	0.000491366	
9.12365	0.000490993	
9.12395	0.000490993	
9.12426	0.000490993	
9.12456	0.000490993	
9.12487	0.000490621	
9.12518	0.000490621	
9.12548	0.000490621	
9.12579	0.000490248	
9.12609	0.000490248	
9.1264	0.000490248	
9.1267	0.000490248	
9.12701	0.000489876	
9.12731	0.000489876	
9.12762	0.000489876	
9.12793	0.000489503	
9.12823	0.000489503	
9.12854	0.000489503	
9.12884	0.000489503	
9.12915	0.000489131	
9.12945	0.000489131	
9.12976	0.000489131	
9.13006	0.000488758	
9.13037	0.000488758	
9.13068	0.000488758	
9.13098	0.000488758	
9.13129	0.000488386	
9.13159	0.000488386	
9.1319	0.000488386	
9.1322	0.000488386	
9.13251	0.000488013	
9.13281	0.000488013	
9.13312	0.000488013	
9.13343	0.000487641	
9.13373	0.000487641	
9.13404	0.000487641	
9.13434	0.000487641	
9.13465	0.000487268	
9.13495	0.000487268	
9.13526	0.000487268	
9.13556	0.000486895	
9.13587	0.000486895	
9.13618	0.000486895	
9.13648	0.000486895	
9.13679	0.000486523	
9.13709	0.000486523	
9.1374	0.000486523	
9.1377	0.00048615	
9.13801	0.00048615	
9.13831	0.00048615	
9.13862	0.00048615	
9.13893	0.000485778	
9.13923	0.000485778	
9.13954	0.000485778	
9.13984	0.000485778	
9.14015	0.000485405	
9.14045	0.000485405	
9.14076	0.000485405	
9.14106	0.000485033	
9.14137	0.000485033	
9.14168	0.000485033	
9.14198	0.000485033	
9.14229	0.00048466	
9.14259	0.00048466	
9.1429	0.00048466	
9.1432	0.000484288	
9.14351	0.000484288	
9.14381	0.000484288	
9.14412	0.000484288	
9.14443	0.000483915	
9.14473	0.000483915	
9.14504	0.000483915	
9.14534	0.000483915	
9.14565	0.000483543	
9.14595	0.000483543	
9.14626	0.000483543	
9.14656	0.00048317	
9.14687	0.00048317	
9.14718	0.00048317	
9.14748	0.00048317	
9.14779	0.000482798	
9.14809	0.000482798	
9.1484	0.000482798	
9.1487	0.000482798	
9.14901	0.000482425	
9.14931	0.000482425	
9.14962	0.000482425	
9.14993	0.000482053	
9.15023	0.000482053	
9.15054	0.000482053	
9.15084	0.000482053	
9.15115	0.00048168	
9.15145	0.00048168	
9.15176	0.00048168	
9.15206	0.00048168	
9.15237	0.000481308	
9.15268	0.000481308	
9.15298	0.000481308	
9.15329	0.000480935	
9.15359	0.000480935	
9.1539	0.000480935	
9.1542	0.000480935	
9.15451	0.000480562	
9.15481	0.000480562	
9.15512	0.000480562	
9.15543	0.00048019	
9.15573	0.00048019	
9.15604	0.00048019	
9.15634	0.00048019	
9.15665	0.000479817	
9.15695	0.000479817	
9.15726	0.000479817	
9.15756	0.000479817	
9.15787	0.000479445	
9.15818	0.000479445	
9.15848	0.000479445	
9.15879	0.000479445	
9.15909	0.000479072	
9.1594	0.000479072	
9.1597	0.000479072	
9.16001	0.0004787	
9.16032	0.0004787	
9.16062	0.0004787	
9.16093	0.0004787	
9.16123	0.000478327	
9.16154	0.000478327	
9.16184	0.000478327	
9.16215	0.000478327	
9.16245	0.000477955	
9.16276	0.000477955	
9.16307	0.000477955	
9.16337	0.000477582	
9.16368	0.000477582	
9.16398	0.000477582	
9.16429	0.000477582	
9.16459	0.00047721	
9.1649	0.00047721	
9.1652	0.00047721	
9.16551	0.00047721	
9.16582	0.000476837	
9.16612	0.000476837	
9.16643	0.000476837	
9.16673	0.000476465	
9.16704	0.000476465	
9.16734	0.000476465	
9.16765	0.000476465	
9.16795	0.000476092	
9.16826	0.000476092	
9.16857	0.000476092	
9.16887	0.000476092	
9.16918	0.00047572	
9.16948	0.00047572	
9.16979	0.00047572	
9.17009	0.00047572	
9.1704	0.000475347	
9.1707	0.000475347	
9.17101	0.000475347	
9.17132	0.000474975	
9.17162	0.000474975	
9.17193	0.000474975	
9.17223	0.000474975	
9.17254	0.000474602	
9.17284	0.000474602	
9.17315	0.000474602	
9.17345	0.000474602	
9.17376	0.000474229	
9.17407	0.000474229	
9.17437	0.000474229	
9.17468	0.000474229	
9.17498	0.000473857	
9.17529	0.000473857	
9.17559	0.000473857	
9.1759	0.000473484	
9.1762	0.000473484	
9.17651	0.000473484	
9.17682	0.000473484	
9.17712	0.000473112	
9.17743	0.000473112	
9.17773	0.000473112	
9.17804	0.000473112	
9.17834	0.000472739	
9.17865	0.000472739	
9.17895	0.000472739	
9.17926	0.000472739	
9.17957	0.000472367	
9.17987	0.000472367	
9.18018	0.000472367	
9.18048	0.000471994	
9.18079	0.000471994	
9.18109	0.000471994	
9.1814	0.000471994	
9.1817	0.000471622	
9.18201	0.000471622	
9.18232	0.000471622	
9.18262	0.000471622	
9.18293	0.000471249	
9.18323	0.000471249	
9.18354	0.000471249	
9.18384	0.000471249	
9.18415	0.000470877	
9.18445	0.000470877	
9.18476	0.000470877	
9.18507	0.000470877	
9.18537	0.000470504	
9.18568	0.000470504	
9.18598	0.000470504	
9.18629	0.000470132	
9.18659	0.000470132	
9.1869	0.000470132	
9.1872	0.000470132	
9.18751	0.000469759	
9.18782	0.000469759	
9.18812	0.000469759	
9.18843	0.000469759	
9.18873	0.000469387	
9.18904	0.000469387	
9.18934	0.000469387	
9.18965	0.000469387	
9.18995	0.000469014	
9.19026	0.000469014	
9.19057	0.000469014	
9.19087	0.000469014	
9.19118	0.000468642	
9.19148	0.000468642	
9.19179	0.000468642	
9.19209	0.000468269	
9.1924	0.000468269	
9.19271	0.000468269	
9.19301	0.000468269	
9.19332	0.000467896	
9.19362	0.000467896	
9.19393	0.000467896	
9.19423	0.000467896	
9.19454	0.000467524	
9.19484	0.000467524	
9.19515	0.000467524	
9.19546	0.000467524	
9.19576	0.000467151	
9.19607	0.000467151	
9.19637	0.000467151	
9.19668	0.000467151	
9.19698	0.000466779	
9.19729	0.000466779	
9.19759	0.000466779	
9.1979	0.000466779	
9.19821	0.000466406	
9.19851	0.000466406	
9.19882	0.000466406	
9.19912	0.000466034	
9.19943	0.000466034	
9.19973	0.000466034	
9.20004	0.000466034	
9.20034	0.000465661	
9.20065	0.000465661	
9.20096	0.000465661	
9.20126	0.000465661	
9.20157	0.000465289	
9.20187	0.000465289	
9.20218	0.000465289	
9.20248	0.000465289	
9.20279	0.000464916	
9.20309	0.000464916	
9.2034	0.000464916	
9.20371	0.000464916	
9.20401	0.000464544	
9.20432	0.000464544	
9.20462	0.000464544	
9.20493	0.000464544	
9.20523	0.000464171	
9.20554	0.000464171	
9.20584	0.000464171	
9.20615	0.000464171	
9.20646	0.000463799	
9.20676	0.000463799	
9.20707	0.000463799	
9.20737	0.000463799	
9.20768	0.000463426	
9.20798	0.000463426	
9.20829	0.000463426	
9.20859	0.000463426	
9.2089	0.000463054	
9.20921	0.000463054	
9.20951	0.000463054	
9.20982	0.000462681	
9.21012	0.000462681	
9.21043	0.000462681	
9.21073	0.000462681	
9.21104	0.000462309	
9.21134	0.000462309	
9.21165	0.000462309	
9.21196	0.000462309	
9.21226	0.000461936	
9.21257	0.000461936	
9.21287	0.000461936	
9.21318	0.000461936	
9.21348	0.000461563	
9.21379	0.000461563	
9.21409	0.000461563	
9.2144	0.000461563	
9.21471	0.000461191	
9.21501	0.000461191	
9.21532	0.000461191	
9.21562	0.000461191	
9.21593	0.000460818	
9.21623	0.000460818	
9.21654	0.000460818	
9.21684	0.000460818	
9.21715	0.000460446	
9.21746	0.000460446	
9.21776	0.000460446	
9.21807	0.000460446	
9.21837	0.000460073	
9.21868	0.000460073	
9.21898	0.000460073	
9.21929	0.000460073	
9.21959	0.000459701	
9.2199	0.000459701	
9.22021	0.000459701	
9.22051	0.000459701	
9.22082	0.000459328	
9.22112	0.000459328	
9.22143	0.000459328	
9.22173	0.000459328	
9.22204	0.000458956	
9.22234	0.000458956	
9.22265	0.000458956	
9.22296	0.000458956	
9.22326	0.000458583	
9.22357	0.000458583	
9.22387	0.000458583	
9.22418	0.000458583	
9.22448	0.000458211	
9.22479	0.000458211	
9.22509	0.000458211	
9.2254	0.000458211	
9.22571	0.000457838	
9.22601	0.000457838	
9.22632	0.000457838	
9.22662	0.000457838	
9.22693	0.000457466	
9.22723	0.000457466	
9.22754	0.000457466	
9.22785	0.000457466	
9.22815	0.000457093	
9.22846	0.000457093	
9.22876	0.000457093	
9.22907	0.000457093	
9.22937	0.000456721	
9.22968	0.000456721	
9.22998	0.000456721	
9.23029	0.000456721	
9.2306	0.000456348	
9.2309	0.000456348	
9.23121	0.000456348	
9.23151	0.000456348	
9.23182	0.000455976	
9.23212	0.000455976	
9.23243	0.000455976	
9.23273	0.000455976	
9.23304	0.000455603	
9.23335	0.000455603	
9.23365	0.000455603	
9.23396	0.000455603	
9.23426	0.00045523	
9.23457	0.00045523	
9.23487	0.00045523	
9.23518	0.00045523	
9.23548	0.000454858	
9.23579	0.000454858	
9.2361	0.000454858	
9.2364	0.000454858	
9.23671	0.000454485	
9.23701	0.000454485	
9.23732	0.000454485	
9.23762	0.000454485	
9.23793	0.000454113	
9.23823	0.000454113	
9.23854	0.000454113	
9.23885	0.000454113	
9.23915	0.00045374	
9.23946	0.00045374	
9.23976	0.00045374	
9.24007	0.00045374	
9.24037	0.000453368	
9.24068	0.000453368	
9.24098	0.000453368	
9.24129	0.000453368	
9.2416	0.000452995	
9.2419	0.000452995	
9.24221	0.000452995	
9.24251	0.000452995	
9.24282	0.000452623	
9.24312	0.000452623	
9.24343	0.000452623	
9.24373	0.000452623	
9.24404	0.00045225	
9.24435	0.00045225	
9.24465	0.00045225	
9.24496	0.00045225	
9.24526	0.000451878	
9.24557	0.000451878	
9.24587	0.000451878	
9.24618	0.000451878	
9.24648	0.000451505	
9.24679	0.000451505	
9.2471	0.000451505	
9.2474	0.000451505	
9.24771	0.000451133	
9.24801	0.000451133	
9.24832	0.000451133	
9.24862	0.000451133	
9.24893	0.00045076	
9.24923	0.00045076	
9.24954	0.00045076	
9.24985	0.00045076	
9.25015	0.000450388	
9.25046	0.000450388	
9.25076	0.000450388	
9.25107	0.000450388	
9.25137	0.000450015	
9.25168	0.000450015	
9.25198	0.000450015	
9.25229	0.000450015	
9.2526	0.000450015	
9.2529	0.000449643	
9.25321	0.000449643	
9.25351	0.000449643	
9.25382	0.000449643	
9.25412	0.00044927	
9.25443	0.00044927	
9.25473	0.00044927	
9.25504	0.00044927	
9.25535	0.000448897	
9.25565	0.000448897	
9.25596	0.000448897	
9.25626	0.000448897	
9.25657	0.000448525	
9.25687	0.000448525	
9.25718	0.000448525	
9.25748	0.000448525	
9.25779	0.000448152	
9.2581	0.000448152	
9.2584	0.000448152	
9.25871	0.000448152	
9.25901	0.00044778	
9.25932	0.00044778	
9.25962	0.00044778	
9.25993	0.00044778	
9.26023	0.000447407	
9.26054	0.000447407	
9.26085	0.000447407	
9.26115	0.000447407	
9.26146	0.000447035	
9.26176	0.000447035	
9.26207	0.000447035	
9.26237	0.000447035	
9.26268	0.000447035	
9.26299	0.000446662	
9.26329	0.000446662	
9.2636	0.000446662	
9.2639	0.000446662	
9.26421	0.00044629	
9.26451	0.00044629	
9.26482	0.00044629	
9.26512	0.00044629	
9.26543	0.000445917	
9.26574	0.000445917	
9.26604	0.000445917	
9.26635	0.000445917	
9.26665	0.000445545	
9.26696	0.000445545	
9.26726	0.000445545	
9.26757	0.000445545	
9.26787	0.000445172	
9.26818	0.000445172	
9.26849	0.000445172	
9.26879	0.000445172	
9.2691	0.0004448	
9.2694	0.0004448	
9.26971	0.0004448	
9.27001	0.0004448	
9.27032	0.0004448	
9.27062	0.000444427	
9.27093	0.000444427	
9.27124	0.000444427	
9.27154	0.000444427	
9.27185	0.000444055	
9.27215	0.000444055	
9.27246	0.000444055	
9.27276	0.000444055	
9.27307	0.000443682	
9.27337	0.000443682	
9.27368	0.000443682	
9.27399	0.000443682	
9.27429	0.00044331	
9.2746	0.00044331	
9.2749	0.00044331	
9.27521	0.00044331	
9.27551	0.000442937	
9.27582	0.000442937	
9.27612	0.000442937	
9.27643	0.000442937	
9.27674	0.000442937	
9.27704	0.000442564	
9.27735	0.000442564	
9.27765	0.000442564	
9.27796	0.000442564	
9.27826	0.000442192	
9.27857	0.000442192	
9.27887	0.000442192	
9.27918	0.000442192	
9.27949	0.000441819	
9.27979	0.000441819	
9.2801	0.000441819	
9.2804	0.000441819	
9.28071	0.000441447	
9.28101	0.000441447	
9.28132	0.000441447	
9.28162	0.000441447	
9.28193	0.000441074	
9.28224	0.000441074	
9.28254	0.000441074	
9.28285	0.000441074	
9.28315	0.000441074	
9.28346	0.000440702	
9.28376	0.000440702	
9.28407	0.000440702	
9.28437	0.000440702	
9.28468	0.000440329	
9.28499	0.000440329	
9.28529	0.000440329	
9.2856	0.000440329	
9.2859	0.000439957	
9.28621	0.000439957	
9.28651	0.000439957	
9.28682	0.000439957	
9.28712	0.000439584	
9.28743	0.000439584	
9.28774	0.000439584	
9.28804	0.000439584	
9.28835	0.000439584	
9.28865	0.000439212	
9.28896	0.000439212	
9.28926	0.000439212	
9.28957	0.000439212	
9.28987	0.000438839	
9.29018	0.000438839	
9.29049	0.000438839	
9.29079	0.000438839	
9.2911	0.000438467	
9.2914	0.000438467	
9.29171	0.000438467	
9.29201	0.000438467	
9.29232	0.000438467	
9.29262	0.000438094	
9.29293	0.000438094	
9.29324	0.000438094	
9.29354	0.000438094	
9.29385	0.000437722	
9.29415	0.000437722	
9.29446	0.000437722	
9.29476	0.000437722	
9.29507	0.000437349	
9.29538	0.000437349	
9.29568	0.000437349	
9.29599	0.000437349	
9.29629	0.000436977	
9.2966	0.000436977	
9.2969	0.000436977	
9.29721	0.000436977	
9.29751	0.000436977	
9.29782	0.000436604	
9.29813	0.000436604	
9.29843	0.000436604	
9.29874	0.000436604	
9.29904	0.000436231	
9.29935	0.000436231	
9.29965	0.000436231	
9.29996	0.000436231	
9.30026	0.000435859	
9.30057	0.000435859	
9.30088	0.000435859	
9.30118	0.000435859	
9.30149	0.000435859	
9.30179	0.000435486	
9.3021	0.000435486	
9.3024	0.000435486	
9.30271	0.000435486	
9.30301	0.000435114	
9.30332	0.000435114	
9.30363	0.000435114	
9.30393	0.000435114	
9.30424	0.000434741	
9.30454	0.000434741	
9.30485	0.000434741	
9.30515	0.000434741	
9.30546	0.000434741	
9.30576	0.000434369	
9.30607	0.000434369	
9.30638	0.000434369	
9.30668	0.000434369	
9.30699	0.000433996	
9.30729	0.000433996	
9.3076	0.000433996	
9.3079	0.000433996	
9.30821	0.000433624	
9.30851	0.000433624	
9.30882	0.000433624	
9.30913	0.000433624	
9.30943	0.000433624	
9.30974	0.000433251	
9.31004	0.000433251	
9.31035	0.000433251	
9.31065	0.000433251	
9.31096	0.000432879	
9.31126	0.000432879	
9.31157	0.000432879	
9.31188	0.000432879	
9.31218	0.000432879	
9.31249	0.000432506	
9.31279	0.000432506	
9.3131	0.000432506	
9.3134	0.000432506	
9.31371	0.000432134	
9.31401	0.000432134	
9.31432	0.000432134	
9.31463	0.000432134	
9.31493	0.000431761	
9.31524	0.000431761	
9.31554	0.000431761	
9.31585	0.000431761	
9.31615	0.000431761	
9.31646	0.000431389	
9.31676	0.000431389	
9.31707	0.000431389	
9.31738	0.000431389	
9.31768	0.000431016	
9.31799	0.000431016	
9.31829	0.000431016	
9.3186	0.000431016	
9.3189	0.000431016	
9.31921	0.000430644	
9.31951	0.000430644	
9.31982	0.000430644	
9.32013	0.000430644	
9.32043	0.000430271	
9.32074	0.000430271	
9.32104	0.000430271	
9.32135	0.000430271	
9.32165	0.000429899	
9.32196	0.000429899	
9.32226	0.000429899	
9.32257	0.000429899	
9.32288	0.000429899	
9.32318	0.000429526	
9.32349	0.000429526	
9.32379	0.000429526	
9.3241	0.000429526	
9.3244	0.000429153	
9.32471	0.000429153	
9.32501	0.000429153	
9.32532	0.000429153	
9.32563	0.000429153	
9.32593	0.000428781	
9.32624	0.000428781	
9.32654	0.000428781	
9.32685	0.000428781	
9.32715	0.000428408	
9.32746	0.000428408	
9.32776	0.000428408	
9.32807	0.000428408	
9.32838	0.000428408	
9.32868	0.000428036	
9.32899	0.000428036	
9.32929	0.000428036	
9.3296	0.000428036	
9.3299	0.000427663	
9.33021	0.000427663	
9.33052	0.000427663	
9.33082	0.000427663	
9.33113	0.000427663	
9.33143	0.000427291	
9.33174	0.000427291	
9.33204	0.000427291	
9.33235	0.000427291	
9.33265	0.000426918	
9.33296	0.000426918	
9.33327	0.000426918	
9.33357	0.000426918	
9.33388	0.000426918	
9.33418	0.000426546	
9.33449	0.000426546	
9.33479	0.000426546	
9.3351	0.000426546	
9.3354	0.000426173	
9.33571	0.000426173	
9.33602	0.000426173	
9.33632	0.000426173	
9.33663	0.000426173	
9.33693	0.000425801	
9.33724	0.000425801	
9.33754	0.000425801	
9.33785	0.000425801	
9.33815	0.000425428	
9.33846	0.000425428	
9.33877	0.000425428	
9.33907	0.000425428	
9.33938	0.000425428	
9.33968	0.000425056	
9.33999	0.000425056	
9.34029	0.000425056	
9.3406	0.000425056	
9.3409	0.000424683	
9.34121	0.000424683	
9.34152	0.000424683	
9.34182	0.000424683	
9.34213	0.000424683	
9.34243	0.000424311	
9.34274	0.000424311	
9.34304	0.000424311	
9.34335	0.000424311	
9.34365	0.000423938	
9.34396	0.000423938	
9.34427	0.000423938	
9.34457	0.000423938	
9.34488	0.000423938	
9.34518	0.000423566	
9.34549	0.000423566	
9.34579	0.000423566	
9.3461	0.000423566	
9.3464	0.000423193	
9.34671	0.000423193	
9.34702	0.000423193	
9.34732	0.000423193	
9.34763	0.000423193	
9.34793	0.00042282	
9.34824	0.00042282	
9.34854	0.00042282	
9.34885	0.00042282	
9.34915	0.000422448	
9.34946	0.000422448	
9.34977	0.000422448	
9.35007	0.000422448	
9.35038	0.000422448	
9.35068	0.000422075	
9.35099	0.000422075	
9.35129	0.000422075	
9.3516	0.000422075	
9.3519	0.000421703	
9.35221	0.000421703	
9.35252	0.000421703	
9.35282	0.000421703	
9.35313	0.000421703	
9.35343	0.00042133	
9.35374	0.00042133	
9.35404	0.00042133	
9.35435	0.00042133	
9.35465	0.00042133	
9.35496	0.000420958	
9.35527	0.000420958	
9.35557	0.000420958	
9.35588	0.000420958	
9.35618	0.000420585	
9.35649	0.000420585	
9.35679	0.000420585	
9.3571	0.000420585	
9.3574	0.000420585	
9.35771	0.000420213	
9.35802	0.000420213	
9.35832	0.000420213	
9.35863	0.000420213	
9.35893	0.00041984	
9.35924	0.00041984	
9.35954	0.00041984	
9.35985	0.00041984	
9.36015	0.00041984	
9.36046	0.000419468	
9.36077	0.000419468	
9.36107	0.000419468	
9.36138	0.000419468	
9.36168	0.000419468	
9.36199	0.000419095	
9.36229	0.000419095	
9.3626	0.000419095	
9.36291	0.000419095	
9.36321	0.000418723	
9.36352	0.000418723	
9.36382	0.000418723	
9.36413	0.000418723	
9.36443	0.000418723	
9.36474	0.00041835	
9.36504	0.00041835	
9.36535	0.00041835	
9.36566	0.00041835	
9.36596	0.00041835	
9.36627	0.000417978	
9.36657	0.000417978	
9.36688	0.000417978	
9.36718	0.000417978	
9.36749	0.000417605	
9.36779	0.000417605	
9.3681	0.000417605	
9.36841	0.000417605	
9.36871	0.000417605	
9.36902	0.000417233	
9.36932	0.000417233	
9.36963	0.000417233	
9.36993	0.000417233	
9.37024	0.000417233	
9.37054	0.00041686	
9.37085	0.00041686	
9.37116	0.00041686	
9.37146	0.00041686	
9.37177	0.000416487	
9.37207	0.000416487	
9.37238	0.000416487	
9.37268	0.000416487	
9.37299	0.000416487	
9.37329	0.000416115	
9.3736	0.000416115	
9.37391	0.000416115	
9.37421	0.000416115	
9.37452	0.000416115	
9.37482	0.000415742	
9.37513	0.000415742	
9.37543	0.000415742	
9.37574	0.000415742	
9.37604	0.00041537	
9.37635	0.00041537	
9.37666	0.00041537	
9.37696	0.00041537	
9.37727	0.00041537	
9.37757	0.000414997	
9.37788	0.000414997	
9.37818	0.000414997	
9.37849	0.000414997	
9.37879	0.000414997	
9.3791	0.000414625	
9.37941	0.000414625	
9.37971	0.000414625	
9.38002	0.000414625	
9.38032	0.000414252	
9.38063	0.000414252	
9.38093	0.000414252	
9.38124	0.000414252	
9.38154	0.000414252	
9.38185	0.00041388	
9.38216	0.00041388	
9.38246	0.00041388	
9.38277	0.00041388	
9.38307	0.00041388	
9.38338	0.000413507	
9.38368	0.000413507	
9.38399	0.000413507	
9.38429	0.000413507	
9.3846	0.000413507	
9.38491	0.000413135	
9.38521	0.000413135	
9.38552	0.000413135	
9.38582	0.000413135	
9.38613	0.000412762	
9.38643	0.000412762	
9.38674	0.000412762	
9.38704	0.000412762	
9.38735	0.000412762	
9.38766	0.00041239	
9.38796	0.00041239	
9.38827	0.00041239	
9.38857	0.00041239	
9.38888	0.00041239	
9.38918	0.000412017	
9.38949	0.000412017	
9.38979	0.000412017	
9.3901	0.000412017	
9.39041	0.000412017	
9.39071	0.000411645	
9.39102	0.000411645	
9.39132	0.000411645	
9.39163	0.000411645	
9.39193	0.000411272	
9.39224	0.000411272	
9.39254	0.000411272	
9.39285	0.000411272	
9.39316	0.000411272	
9.39346	0.0004109	
9.39377	0.0004109	
9.39407	0.0004109	
9.39438	0.0004109	
9.39468	0.0004109	
9.39499	0.000410527	
9.39529	0.000410527	
9.3956	0.000410527	
9.39591	0.000410527	
9.39621	0.000410527	
9.39652	0.000410154	
9.39682	0.000410154	
9.39713	0.000410154	
9.39743	0.000410154	
9.39774	0.000409782	
9.39805	0.000409782	
9.39835	0.000409782	
9.39866	0.000409782	
9.39896	0.000409782	
9.39927	0.000409409	
9.39957	0.000409409	
9.39988	0.000409409	
9.40018	0.000409409	
9.40049	0.000409409	
9.4008	0.000409037	
9.4011	0.000409037	
9.40141	0.000409037	
9.40171	0.000409037	
9.40202	0.000409037	
9.40232	0.000408664	
9.40263	0.000408664	
9.40293	0.000408664	
9.40324	0.000408664	
9.40355	0.000408664	
9.40385	0.000408292	
9.40416	0.000408292	
9.40446	0.000408292	
9.40477	0.000408292	
9.40507	0.000408292	
9.40538	0.000407919	
9.40568	0.000407919	
9.40599	0.000407919	
9.4063	0.000407919	
9.4066	0.000407547	
9.40691	0.000407547	
9.40721	0.000407547	
9.40752	0.000407547	
9.40782	0.000407547	
9.40813	0.000407174	
9.40843	0.000407174	
9.40874	0.000407174	
9.40905	0.000407174	
9.40935	0.000407174	
9.40966	0.000406802	
9.40996	0.000406802	
9.41027	0.000406802	
9.41057	0.000406802	
9.41088	0.000406802	
9.41118	0.000406429	
9.41149	0.000406429	
9.4118	0.000406429	
9.4121	0.000406429	
9.41241	0.000406429	
9.41271	0.000406057	
9.41302	0.000406057	
9.41332	0.000406057	
9.41363	0.000406057	
9.41393	0.000406057	
9.41424	0.000405684	
9.41455	0.000405684	
9.41485	0.000405684	
9.41516	0.000405684	
9.41546	0.000405684	
9.41577	0.000405312	
9.41607	0.000405312	
9.41638	0.000405312	
9.41668	0.000405312	
9.41699	0.000405312	
9.4173	0.000404939	
9.4176	0.000404939	
9.41791	0.000404939	
9.41821	0.000404939	
9.41852	0.000404567	
9.41882	0.000404567	
9.41913	0.000404567	
9.41943	0.000404567	
9.41974	0.000404567	
9.42005	0.000404194	
9.42035	0.000404194	
9.42066	0.000404194	
9.42096	0.000404194	
9.42127	0.000404194	
9.42157	0.000403821	
9.42188	0.000403821	
9.42218	0.000403821	
9.42249	0.000403821	
9.4228	0.000403821	
9.4231	0.000403449	
9.42341	0.000403449	
9.42371	0.000403449	
9.42402	0.000403449	
9.42432	0.000403449	
9.42463	0.000403076	
9.42493	0.000403076	
9.42524	0.000403076	
9.42555	0.000403076	
9.42585	0.000403076	
9.42616	0.000402704	
9.42646	0.000402704	
9.42677	0.000402704	
9.42707	0.000402704	
9.42738	0.000402704	
9.42768	0.000402331	
9.42799	0.000402331	
9.4283	0.000402331	
9.4286	0.000402331	
9.42891	0.000402331	
9.42921	0.000401959	
9.42952	0.000401959	
9.42982	0.000401959	
9.43013	0.000401959	
9.43043	0.000401959	
9.43074	0.000401586	
9.43105	0.000401586	
9.43135	0.000401586	
9.43166	0.000401586	
9.43196	0.000401586	
9.43227	0.000401214	
9.43257	0.000401214	
9.43288	0.000401214	
9.43319	0.000401214	
9.43349	0.000401214	
9.4338	0.000400841	
9.4341	0.000400841	
9.43441	0.000400841	
9.43471	0.000400841	
9.43502	0.000400841	
9.43532	0.000400469	
9.43563	0.000400469	
9.43594	0.000400469	
9.43624	0.000400469	
9.43655	0.000400469	
9.43685	0.000400096	
9.43716	0.000400096	
9.43746	0.000400096	
9.43777	0.000400096	
9.43807	0.000400096	
9.43838	0.000399724	
9.43869	0.000399724	
9.43899	0.000399724	
9.4393	0.000399724	
9.4396	0.000399724	
9.43991	0.000399351	
9.44021	0.000399351	
9.44052	0.000399351	
9.44082	0.000399351	
9.44113	0.000399351	
9.44144	0.000398979	
9.44174	0.000398979	
9.44205	0.000398979	
9.44235	0.000398979	
9.44266	0.000398979	
9.44296	0.000398606	
9.44327	0.000398606	
9.44357	0.000398606	
9.44388	0.000398606	
9.44419	0.000398606	
9.44449	0.000398234	
9.4448	0.000398234	
9.4451	0.000398234	
9.44541	0.000398234	
9.44571	0.000398234	
9.44602	0.000397861	
9.44632	0.000397861	
9.44663	0.000397861	
9.44694	0.000397861	
9.44724	0.000397861	
9.44755	0.000397488	
9.44785	0.000397488	
9.44816	0.000397488	
9.44846	0.000397488	
9.44877	0.000397488	
9.44907	0.000397116	
9.44938	0.000397116	
9.44969	0.000397116	
9.44999	0.000397116	
9.4503	0.000397116	
9.4506	0.000396743	
9.45091	0.000396743	
9.45121	0.000396743	
9.45152	0.000396743	
9.45182	0.000396743	
9.45213	0.000396371	
9.45244	0.000396371	
9.45274	0.000396371	
9.45305	0.000396371	
9.45335	0.000396371	
9.45366	0.000395998	
9.45396	0.000395998	
9.45427	0.000395998	
9.45457	0.000395998	
9.45488	0.000395998	
9.45519	0.000395626	
9.45549	0.000395626	
9.4558	0.000395626	
9.4561	0.000395626	
9.45641	0.000395626	
9.45671	0.000395626	
9.45702	0.000395253	
9.45732	0.000395253	
9.45763	0.000395253	
9.45794	0.000395253	
9.45824	0.000395253	
9.45855	0.000394881	
9.45885	0.000394881	
9.45916	0.000394881	
9.45946	0.000394881	
9.45977	0.000394881	
9.46007	0.000394508	
9.46038	0.000394508	
9.46069	0.000394508	
9.46099	0.000394508	
9.4613	0.000394508	
9.4616	0.000394136	
9.46191	0.000394136	
9.46221	0.000394136	
9.46252	0.000394136	
9.46282	0.000394136	
9.46313	0.000393763	
9.46344	0.000393763	
9.46374	0.000393763	
9.46405	0.000393763	
9.46435	0.000393763	
9.46466	0.000393391	
9.46496	0.000393391	
9.46527	0.000393391	
9.46558	0.000393391	
9.46588	0.000393391	
9.46619	0.000393018	
9.46649	0.000393018	
9.4668	0.000393018	
9.4671	0.000393018	
9.46741	0.000393018	
9.46771	0.000393018	
9.46802	0.000392646	
9.46833	0.000392646	
9.46863	0.000392646	
9.46894	0.000392646	
9.46924	0.000392646	
9.46955	0.000392273	
9.46985	0.000392273	
9.47016	0.000392273	
9.47046	0.000392273	
9.47077	0.000392273	
9.47108	0.000391901	
9.47138	0.000391901	
9.47169	0.000391901	
9.47199	0.000391901	
9.4723	0.000391901	
9.4726	0.000391528	
9.47291	0.000391528	
9.47321	0.000391528	
9.47352	0.000391528	
9.47383	0.000391528	
9.47413	0.000391155	
9.47444	0.000391155	
9.47474	0.000391155	
9.47505	0.000391155	
9.47535	0.000391155	
9.47566	0.000390783	
9.47596	0.000390783	
9.47627	0.000390783	
9.47658	0.000390783	
9.47688	0.000390783	
9.47719	0.000390783	
9.47749	0.00039041	
9.4778	0.00039041	
9.4781	0.00039041	
9.47841	0.00039041	
9.47871	0.00039041	
9.47902	0.000390038	
9.47933	0.000390038	
9.47963	0.000390038	
9.47994	0.000390038	
9.48024	0.000390038	
9.48055	0.000389665	
9.48085	0.000389665	
9.48116	0.000389665	
9.48146	0.000389665	
9.48177	0.000389665	
9.48208	0.000389293	
9.48238	0.000389293	
9.48269	0.000389293	
9.48299	0.000389293	
9.4833	0.000389293	
9.4836	0.000389293	
9.48391	0.00038892	
9.48421	0.00038892	
9.48452	0.00038892	
9.48483	0.00038892	
9.48513	0.00038892	
9.48544	0.000388548	
9.48574	0.000388548	
9.48605	0.000388548	
9.48635	0.000388548	
9.48666	0.000388548	
9.48696	0.000388175	
9.48727	0.000388175	
9.48758	0.000388175	
9.48788	0.000388175	
9.48819	0.000388175	
9.48849	0.000387803	
9.4888	0.000387803	
9.4891	0.000387803	
9.48941	0.000387803	
9.48971	0.000387803	
9.49002	0.000387803	
9.49033	0.00038743	
9.49063	0.00038743	
9.49094	0.00038743	
9.49124	0.00038743	
9.49155	0.00038743	
9.49185	0.000387058	
9.49216	0.000387058	
9.49246	0.000387058	
9.49277	0.000387058	
9.49308	0.000387058	
9.49338	0.000386685	
9.49369	0.000386685	
9.49399	0.000386685	
9.4943	0.000386685	
9.4946	0.000386685	
9.49491	0.000386685	
9.49521	0.000386313	
9.49552	0.000386313	
9.49583	0.000386313	
9.49613	0.000386313	
9.49644	0.000386313	
9.49674	0.00038594	
9.49705	0.00038594	
9.49735	0.00038594	
9.49766	0.00038594	
9.49796	0.00038594	
9.49827	0.000385568	
9.49858	0.000385568	
9.49888	0.000385568	
9.49919	0.000385568	
9.49949	0.000385568	
9.4998	0.000385195	
9.5001	0.000385195	
9.50041	0.000385195	
9.50072	0.000385195	
9.50102	0.000385195	
9.50133	0.000385195	
9.50163	0.000384822	
9.50194	0.000384822	
9.50224	0.000384822	
9.50255	0.000384822	
9.50285	0.000384822	
9.50316	0.00038445	
9.50347	0.00038445	
9.50377	0.00038445	
9.50408	0.00038445	
9.50438	0.00038445	
9.50469	0.00038445	
9.50499	0.000384077	
9.5053	0.000384077	
9.5056	0.000384077	
9.50591	0.000384077	
9.50622	0.000384077	
9.50652	0.000383705	
9.50683	0.000383705	
9.50713	0.000383705	
9.50744	0.000383705	
9.50774	0.000383705	
9.50805	0.000383332	
9.50835	0.000383332	
9.50866	0.000383332	
9.50897	0.000383332	
9.50927	0.000383332	
9.50958	0.000383332	
9.50988	0.00038296	
9.51019	0.00038296	
9.51049	0.00038296	
9.5108	0.00038296	
9.5111	0.00038296	
9.51141	0.000382587	
9.51172	0.000382587	
9.51202	0.000382587	
9.51233	0.000382587	
9.51263	0.000382587	
9.51294	0.000382215	
9.51324	0.000382215	
9.51355	0.000382215	
9.51385	0.000382215	
9.51416	0.000382215	
9.51447	0.000382215	
9.51477	0.000381842	
9.51508	0.000381842	
9.51538	0.000381842	
9.51569	0.000381842	
9.51599	0.000381842	
9.5163	0.00038147	
9.5166	0.00038147	
9.51691	0.00038147	
9.51722	0.00038147	
9.51752	0.00038147	
9.51783	0.00038147	
9.51813	0.000381097	
9.51844	0.000381097	
9.51874	0.000381097	
9.51905	0.000381097	
9.51935	0.000381097	
9.51966	0.000380725	
9.51997	0.000380725	
9.52027	0.000380725	
9.52058	0.000380725	
9.52088	0.000380725	
9.52119	0.000380725	
9.52149	0.000380352	
9.5218	0.000380352	
9.5221	0.000380352	
9.52241	0.000380352	
9.52272	0.000380352	
9.52302	0.00037998	
9.52333	0.00037998	
9.52363	0.00037998	
9.52394	0.00037998	
9.52424	0.00037998	
9.52455	0.000379607	
9.52485	0.000379607	
9.52516	0.000379607	
9.52547	0.000379607	
9.52577	0.000379607	
9.52608	0.000379607	
9.52638	0.000379235	
9.52669	0.000379235	
9.52699	0.000379235	
9.5273	0.000379235	
9.5276	0.000379235	
9.52791	0.000378862	
9.52822	0.000378862	
9.52852	0.000378862	
9.52883	0.000378862	
9.52913	0.000378862	
9.52944	0.000378862	
9.52974	0.000378489	
9.53005	0.000378489	
9.53035	0.000378489	
9.53066	0.000378489	
9.53097	0.000378489	
9.53127	0.000378117	
9.53158	0.000378117	
9.53188	0.000378117	
9.53219	0.000378117	
9.53249	0.000378117	
9.5328	0.000378117	
9.53311	0.000377744	
9.53341	0.000377744	
9.53372	0.000377744	
9.53402	0.000377744	
9.53433	0.000377744	
9.53463	0.000377372	
9.53494	0.000377372	
9.53524	0.000377372	
9.53555	0.000377372	
9.53586	0.000377372	
9.53616	0.000377372	
9.53647	0.000376999	
9.53677	0.000376999	
9.53708	0.000376999	
9.53738	0.000376999	
9.53769	0.000376999	
9.53799	0.000376627	
9.5383	0.000376627	
9.53861	0.000376627	
9.53891	0.000376627	
9.53922	0.000376627	
9.53952	0.000376627	
9.53983	0.000376254	
9.54013	0.000376254	
9.54044	0.000376254	
9.54074	0.000376254	
9.54105	0.000376254	
9.54136	0.000376254	
9.54166	0.000375882	
9.54197	0.000375882	
9.54227	0.000375882	
9.54258	0.000375882	
9.54288	0.000375882	
9.54319	0.000375509	
9.54349	0.000375509	
9.5438	0.000375509	
9.54411	0.000375509	
9.54441	0.000375509	
9.54472	0.000375509	
9.54502	0.000375137	
9.54533	0.000375137	
9.54563	0.000375137	
9.54594	0.000375137	
9.54624	0.000375137	
9.54655	0.000374764	
9.54686	0.000374764	
9.54716	0.000374764	
9.54747	0.000374764	
9.54777	0.000374764	
9.54808	0.000374764	
9.54838	0.000374392	
9.54869	0.000374392	
9.54899	0.000374392	
9.5493	0.000374392	
9.54961	0.000374392	
9.54991	0.000374392	
9.55022	0.000374019	
9.55052	0.000374019	
9.55083	0.000374019	
9.55113	0.000374019	
9.55144	0.000374019	
9.55174	0.000373647	
9.55205	0.000373647	
9.55236	0.000373647	
9.55266	0.000373647	
9.55297	0.000373647	
9.55327	0.000373647	
9.55358	0.000373274	
9.55388	0.000373274	
9.55419	0.000373274	
9.55449	0.000373274	
9.5548	0.000373274	
9.55511	0.000372902	
9.55541	0.000372902	
9.55572	0.000372902	
9.55602	0.000372902	
9.55633	0.000372902	
9.55663	0.000372902	
9.55694	0.000372529	
9.55724	0.000372529	
9.55755	0.000372529	
9.55786	0.000372529	
9.55816	0.000372529	
9.55847	0.000372529	
9.55877	0.000372157	
9.55908	0.000372157	
9.55938	0.000372157	
9.55969	0.000372157	
9.55999	0.000372157	
9.5603	0.000371784	
9.56061	0.000371784	
9.56091	0.000371784	
9.56122	0.000371784	
9.56152	0.000371784	
9.56183	0.000371784	
9.56213	0.000371411	
9.56244	0.000371411	
9.56274	0.000371411	
9.56305	0.000371411	
9.56336	0.000371411	
9.56366	0.000371411	
9.56397	0.000371039	
9.56427	0.000371039	
9.56458	0.000371039	
9.56488	0.000371039	
9.56519	0.000371039	
9.56549	0.000370666	
9.5658	0.000370666	
9.56611	0.000370666	
9.56641	0.000370666	
9.56672	0.000370666	
9.56702	0.000370666	
9.56733	0.000370294	
9.56763	0.000370294	
9.56794	0.000370294	
9.56825	0.000370294	
9.56855	0.000370294	
9.56886	0.000370294	
9.56916	0.000369921	
9.56947	0.000369921	
9.56977	0.000369921	
9.57008	0.000369921	
9.57038	0.000369921	
9.57069	0.000369549	
9.571	0.000369549	
9.5713	0.000369549	
9.57161	0.000369549	
9.57191	0.000369549	
9.57222	0.000369549	
9.57252	0.000369176	
9.57283	0.000369176	
9.57313	0.000369176	
9.57344	0.000369176	
9.57375	0.000369176	
9.57405	0.000369176	
9.57436	0.000368804	
9.57466	0.000368804	
9.57497	0.000368804	
9.57527	0.000368804	
9.57558	0.000368804	
9.57588	0.000368804	
9.57619	0.000368431	
9.5765	0.000368431	
9.5768	0.000368431	
9.57711	0.000368431	
9.57741	0.000368431	
9.57772	0.000368059	
9.57802	0.000368059	
9.57833	0.000368059	
9.57863	0.000368059	
9.57894	0.000368059	
9.57925	0.000368059	
9.57955	0.000367686	
9.57986	0.000367686	
9.58016	0.000367686	
9.58047	0.000367686	
9.58077	0.000367686	
9.58108	0.000367686	
9.58138	0.000367314	
9.58169	0.000367314	
9.582	0.000367314	
9.5823	0.000367314	
9.58261	0.000367314	
9.58291	0.000367314	
9.58322	0.000366941	
9.58352	0.000366941	
9.58383	0.000366941	
9.58413	0.000366941	
9.58444	0.000366941	
9.58475	0.000366941	
9.58505	0.000366569	
9.58536	0.000366569	
9.58566	0.000366569	
9.58597	0.000366569	
9.58627	0.000366569	
9.58658	0.000366196	
9.58688	0.000366196	
9.58719	0.000366196	
9.5875	0.000366196	
9.5878	0.000366196	
9.58811	0.000366196	
9.58841	0.000365824	
9.58872	0.000365824	
9.58902	0.000365824	
9.58933	0.000365824	
9.58963	0.000365824	
9.58994	0.000365824	
9.59025	0.000365451	
9.59055	0.000365451	
9.59086	0.000365451	
9.59116	0.000365451	
9.59147	0.000365451	
9.59177	0.000365451	
9.59208	0.000365078	
9.59238	0.000365078	
9.59269	0.000365078	
9.593	0.000365078	
9.5933	0.000365078	
9.59361	0.000365078	
9.59391	0.000364706	
9.59422	0.000364706	
9.59452	0.000364706	
9.59483	0.000364706	
9.59513	0.000364706	
9.59544	0.000364706	
9.59575	0.000364333	
9.59605	0.000364333	
9.59636	0.000364333	
9.59666	0.000364333	
9.59697	0.000364333	
9.59727	0.000363961	
9.59758	0.000363961	
9.59788	0.000363961	
9.59819	0.000363961	
9.5985	0.000363961	
9.5988	0.000363961	
9.59911	0.000363588	
9.59941	0.000363588	
9.59972	0.000363588	
9.60002	0.000363588	
9.60033	0.000363588	
9.60063	0.000363588	
9.60094	0.000363216	
9.60125	0.000363216	
9.60155	0.000363216	
9.60186	0.000363216	
9.60216	0.000363216	
9.60247	0.000363216	
9.60277	0.000362843	
9.60308	0.000362843	
9.60339	0.000362843	
9.60369	0.000362843	
9.604	0.000362843	
9.6043	0.000362843	
9.60461	0.000362471	
9.60491	0.000362471	
9.60522	0.000362471	
9.60552	0.000362471	
9.60583	0.000362471	
9.60614	0.000362471	
9.60644	0.000362098	
9.60675	0.000362098	
9.60705	0.000362098	
9.60736	0.000362098	
9.60766	0.000362098	
9.60797	0.000362098	
9.60827	0.000361726	
9.60858	0.000361726	
9.60889	0.000361726	
9.60919	0.000361726	
9.6095	0.000361726	
9.6098	0.000361726	
9.61011	0.000361353	
9.61041	0.000361353	
9.61072	0.000361353	
9.61102	0.000361353	
9.61133	0.000361353	
9.61164	0.000361353	
9.61194	0.000360981	
9.61225	0.000360981	
9.61255	0.000360981	
9.61286	0.000360981	
9.61316	0.000360981	
9.61347	0.000360981	
9.61377	0.000360608	
9.61408	0.000360608	
9.61439	0.000360608	
9.61469	0.000360608	
9.615	0.000360608	
9.6153	0.000360608	
9.61561	0.000360236	
9.61591	0.000360236	
9.61622	0.000360236	
9.61652	0.000360236	
9.61683	0.000360236	
9.61714	0.000360236	
9.61744	0.000359863	
9.61775	0.000359863	
9.61805	0.000359863	
9.61836	0.000359863	
9.61866	0.000359863	
9.61897	0.000359863	
9.61927	0.000359491	
9.61958	0.000359491	
9.61989	0.000359491	
9.62019	0.000359491	
9.6205	0.000359491	
9.6208	0.000359491	
9.62111	0.000359118	
9.62141	0.000359118	
9.62172	0.000359118	
9.62202	0.000359118	
9.62233	0.000359118	
9.62264	0.000359118	
9.62294	0.000358745	
9.62325	0.000358745	
9.62355	0.000358745	
9.62386	0.000358745	
9.62416	0.000358745	
9.62447	0.000358745	
9.62477	0.000358373	
9.62508	0.000358373	
9.62539	0.000358373	
9.62569	0.000358373	
9.626	0.000358373	
9.6263	0.000358373	
9.62661	0.000358	
9.62691	0.000358	
9.62722	0.000358	
9.62752	0.000358	
9.62783	0.000358	
9.62814	0.000358	
9.62844	0.000357628	
9.62875	0.000357628	
9.62905	0.000357628	
9.62936	0.000357628	
9.62966	0.000357628	
9.62997	0.000357628	
9.63027	0.000357255	
9.63058	0.000357255	
9.63089	0.000357255	
9.63119	0.000357255	
9.6315	0.000357255	
9.6318	0.000357255	
9.63211	0.000356883	
9.63241	0.000356883	
9.63272	0.000356883	
9.63302	0.000356883	
9.63333	0.000356883	
9.63364	0.000356883	
9.63394	0.00035651	
9.63425	0.00035651	
9.63455	0.00035651	
9.63486	0.00035651	
9.63516	0.00035651	
9.63547	0.00035651	
9.63578	0.000356138	
9.63608	0.000356138	
9.63639	0.000356138	
9.63669	0.000356138	
9.637	0.000356138	
9.6373	0.000356138	
9.63761	0.000355765	
9.63791	0.000355765	
9.63822	0.000355765	
9.63853	0.000355765	
9.63883	0.000355765	
9.63914	0.000355765	
9.63944	0.000355393	
9.63975	0.000355393	
9.64005	0.000355393	
9.64036	0.000355393	
9.64066	0.000355393	
9.64097	0.000355393	
9.64128	0.00035502	
9.64158	0.00035502	
9.64189	0.00035502	
9.64219	0.00035502	
9.6425	0.00035502	
9.6428	0.00035502	
9.64311	0.000354648	
9.64341	0.000354648	
9.64372	0.000354648	
9.64403	0.000354648	
9.64433	0.000354648	
9.64464	0.000354648	
9.64494	0.000354648	
9.64525	0.000354275	
9.64555	0.000354275	
9.64586	0.000354275	
9.64616	0.000354275	
9.64647	0.000354275	
9.64678	0.000354275	
9.64708	0.000353903	
9.64739	0.000353903	
9.64769	0.000353903	
9.648	0.000353903	
9.6483	0.000353903	
9.64861	0.000353903	
9.64891	0.00035353	
9.64922	0.00035353	
9.64953	0.00035353	
9.64983	0.00035353	
9.65014	0.00035353	
9.65044	0.00035353	
9.65075	0.000353158	
9.65105	0.000353158	
9.65136	0.000353158	
9.65166	0.000353158	
9.65197	0.000353158	
9.65228	0.000353158	
9.65258	0.000352785	
9.65289	0.000352785	
9.65319	0.000352785	
9.6535	0.000352785	
9.6538	0.000352785	
9.65411	0.000352785	
9.65441	0.000352412	
9.65472	0.000352412	
9.65503	0.000352412	
9.65533	0.000352412	
9.65564	0.000352412	
9.65594	0.000352412	
9.65625	0.000352412	
9.65655	0.00035204	
9.65686	0.00035204	
9.65716	0.00035204	
9.65747	0.00035204	
9.65778	0.00035204	
9.65808	0.00035204	
9.65839	0.000351667	
9.65869	0.000351667	
9.659	0.000351667	
9.6593	0.000351667	
9.65961	0.000351667	
9.65991	0.000351667	
9.66022	0.000351295	
9.66053	0.000351295	
9.66083	0.000351295	
9.66114	0.000351295	
9.66144	0.000351295	
9.66175	0.000351295	
9.66205	0.000350922	
9.66236	0.000350922	
9.66266	0.000350922	
9.66297	0.000350922	
9.66328	0.000350922	
9.66358	0.000350922	
9.66389	0.000350922	
9.66419	0.00035055	
9.6645	0.00035055	
9.6648	0.00035055	
9.66511	0.00035055	
9.66541	0.00035055	
9.66572	0.00035055	
9.66603	0.000350177	
9.66633	0.000350177	
9.66664	0.000350177	
9.66694	0.000350177	
9.66725	0.000350177	
9.66755	0.000350177	
9.66786	0.000349805	
9.66816	0.000349805	
9.66847	0.000349805	
9.66878	0.000349805	
9.66908	0.000349805	
9.66939	0.000349805	
9.66969	0.000349432	
9.67	0.000349432	
9.6703	0.000349432	
9.67061	0.000349432	
9.67092	0.000349432	
9.67122	0.000349432	
9.67153	0.000349432	
9.67183	0.00034906	
9.67214	0.00034906	
9.67244	0.00034906	
9.67275	0.00034906	
9.67305	0.00034906	
9.67336	0.00034906	
9.67367	0.000348687	
9.67397	0.000348687	
9.67428	0.000348687	
9.67458	0.000348687	
9.67489	0.000348687	
9.67519	0.000348687	
9.6755	0.000348315	
9.6758	0.000348315	
9.67611	0.000348315	
9.67642	0.000348315	
9.67672	0.000348315	
9.67703	0.000348315	
9.67733	0.000348315	
9.67764	0.000347942	
9.67794	0.000347942	
9.67825	0.000347942	
9.67855	0.000347942	
9.67886	0.000347942	
9.67917	0.000347942	
9.67947	0.00034757	
9.67978	0.00034757	
9.68008	0.00034757	
9.68039	0.00034757	
9.68069	0.00034757	
9.681	0.00034757	
9.6813	0.000347197	
9.68161	0.000347197	
9.68192	0.000347197	
9.68222	0.000347197	
9.68253	0.000347197	
9.68283	0.000347197	
9.68314	0.000347197	
9.68344	0.000346825	
9.68375	0.000346825	
9.68405	0.000346825	
9.68436	0.000346825	
9.68467	0.000346825	
9.68497	0.000346825	
9.68528	0.000346452	
9.68558	0.000346452	
9.68589	0.000346452	
9.68619	0.000346452	
9.6865	0.000346452	
9.6868	0.000346452	
9.68711	0.000346079	
9.68742	0.000346079	
9.68772	0.000346079	
9.68803	0.000346079	
9.68833	0.000346079	
9.68864	0.000346079	
9.68894	0.000346079	
9.68925	0.000345707	
9.68955	0.000345707	
9.68986	0.000345707	
9.69017	0.000345707	
9.69047	0.000345707	
9.69078	0.000345707	
9.69108	0.000345334	
9.69139	0.000345334	
9.69169	0.000345334	
9.692	0.000345334	
9.6923	0.000345334	
9.69261	0.000345334	
9.69292	0.000345334	
9.69322	0.000344962	
9.69353	0.000344962	
9.69383	0.000344962	
9.69414	0.000344962	
9.69444	0.000344962	
9.69475	0.000344962	
9.69505	0.000344589	
9.69536	0.000344589	
9.69567	0.000344589	
9.69597	0.000344589	
9.69628	0.000344589	
9.69658	0.000344589	
9.69689	0.000344589	
9.69719	0.000344217	
9.6975	0.000344217	
9.6978	0.000344217	
9.69811	0.000344217	
9.69842	0.000344217	
9.69872	0.000344217	
9.69903	0.000343844	
9.69933	0.000343844	
9.69964	0.000343844	
9.69994	0.000343844	
9.70025	0.000343844	
9.70055	0.000343844	
9.70086	0.000343472	
9.70117	0.000343472	
9.70147	0.000343472	
9.70178	0.000343472	
9.70208	0.000343472	
9.70239	0.000343472	
9.70269	0.000343472	
9.703	0.000343099	
9.70331	0.000343099	
9.70361	0.000343099	
9.70392	0.000343099	
9.70422	0.000343099	
9.70453	0.000343099	
9.70483	0.000342727	
9.70514	0.000342727	
9.70544	0.000342727	
9.70575	0.000342727	
9.70606	0.000342727	
9.70636	0.000342727	
9.70667	0.000342727	
9.70697	0.000342354	
9.70728	0.000342354	
9.70758	0.000342354	
9.70789	0.000342354	
9.70819	0.000342354	
9.7085	0.000342354	
9.70881	0.000341982	
9.70911	0.000341982	
9.70942	0.000341982	
9.70972	0.000341982	
9.71003	0.000341982	
9.71033	0.000341982	
9.71064	0.000341982	
9.71094	0.000341609	
9.71125	0.000341609	
9.71156	0.000341609	
9.71186	0.000341609	
9.71217	0.000341609	
9.71247	0.000341609	
9.71278	0.000341609	
9.71308	0.000341237	
9.71339	0.000341237	
9.71369	0.000341237	
9.714	0.000341237	
9.71431	0.000341237	
9.71461	0.000341237	
9.71492	0.000340864	
9.71522	0.000340864	
9.71553	0.000340864	
9.71583	0.000340864	
9.71614	0.000340864	
9.71644	0.000340864	
9.71675	0.000340864	
9.71706	0.000340492	
9.71736	0.000340492	
9.71767	0.000340492	
9.71797	0.000340492	
9.71828	0.000340492	
9.71858	0.000340492	
9.71889	0.000340119	
9.71919	0.000340119	
9.7195	0.000340119	
9.71981	0.000340119	
9.72011	0.000340119	
9.72042	0.000340119	
9.72072	0.000340119	
9.72103	0.000339746	
9.72133	0.000339746	
9.72164	0.000339746	
9.72194	0.000339746	
9.72225	0.000339746	
9.72256	0.000339746	
9.72286	0.000339374	
9.72317	0.000339374	
9.72347	0.000339374	
9.72378	0.000339374	
9.72408	0.000339374	
9.72439	0.000339374	
9.72469	0.000339374	
9.725	0.000339001	
9.72531	0.000339001	
9.72561	0.000339001	
9.72592	0.000339001	
9.72622	0.000339001	
9.72653	0.000339001	
9.72683	0.000339001	
9.72714	0.000338629	
9.72744	0.000338629	
9.72775	0.000338629	
9.72806	0.000338629	
9.72836	0.000338629	
9.72867	0.000338629	
9.72897	0.000338256	
9.72928	0.000338256	
9.72958	0.000338256	
9.72989	0.000338256	
9.73019	0.000338256	
9.7305	0.000338256	
9.73081	0.000338256	
9.73111	0.000337884	
9.73142	0.000337884	
9.73172	0.000337884	
9.73203	0.000337884	
9.73233	0.000337884	
9.73264	0.000337884	
9.73294	0.000337884	
9.73325	0.000337511	
9.73356	0.000337511	
9.73386	0.000337511	
9.73417	0.000337511	
9.73447	0.000337511	
9.73478	0.000337511	
9.73508	0.000337139	
9.73539	0.000337139	
9.73569	0.000337139	
9.736	0.000337139	
9.73631	0.000337139	
9.73661	0.000337139	
9.73692	0.000337139	
9.73722	0.000336766	
9.73753	0.000336766	
9.73783	0.000336766	
9.73814	0.000336766	
9.73845	0.000336766	
9.73875	0.000336766	
9.73906	0.000336766	
9.73936	0.000336394	
9.73967	0.000336394	
9.73997	0.000336394	
9.74028	0.000336394	
9.74058	0.000336394	
9.74089	0.000336394	
9.7412	0.000336394	
9.7415	0.000336021	
9.74181	0.000336021	
9.74211	0.000336021	
9.74242	0.000336021	
9.74272	0.000336021	
9.74303	0.000336021	
9.74333	0.000335649	
9.74364	0.000335649	
9.74395	0.000335649	
9.74425	0.000335649	
9.74456	0.000335649	
9.74486	0.000335649	
9.74517	0.000335649	
9.74547	0.000335276	
9.74578	0.000335276	
9.74608	0.000335276	
9.74639	0.000335276	
9.7467	0.000335276	
9.747	0.000335276	
9.74731	0.000335276	
9.74761	0.000334904	
9.74792	0.000334904	
9.74822	0.000334904	
9.74853	0.000334904	
9.74883	0.000334904	
9.74914	0.000334904	
9.74945	0.000334904	
9.74975	0.000334531	
9.75006	0.000334531	
9.75036	0.000334531	
9.75067	0.000334531	
9.75097	0.000334531	
9.75128	0.000334531	
9.75158	0.000334159	
9.75189	0.000334159	
9.7522	0.000334159	
9.7525	0.000334159	
9.75281	0.000334159	
9.75311	0.000334159	
9.75342	0.000334159	
9.75372	0.000333786	
9.75403	0.000333786	
9.75433	0.000333786	
9.75464	0.000333786	
9.75495	0.000333786	
9.75525	0.000333786	
9.75556	0.000333786	
9.75586	0.000333413	
9.75617	0.000333413	
9.75647	0.000333413	
9.75678	0.000333413	
9.75708	0.000333413	
9.75739	0.000333413	
9.7577	0.000333413	
9.758	0.000333041	
9.75831	0.000333041	
9.75861	0.000333041	
9.75892	0.000333041	
9.75922	0.000333041	
9.75953	0.000333041	
9.75983	0.000333041	
9.76014	0.000332668	
9.76045	0.000332668	
9.76075	0.000332668	
9.76106	0.000332668	
9.76136	0.000332668	
9.76167	0.000332668	
9.76197	0.000332296	
9.76228	0.000332296	
9.76258	0.000332296	
9.76289	0.000332296	
9.7632	0.000332296	
9.7635	0.000332296	
9.76381	0.000332296	
9.76411	0.000331923	
9.76442	0.000331923	
9.76472	0.000331923	
9.76503	0.000331923	
9.76533	0.000331923	
9.76564	0.000331923	
9.76595	0.000331923	
9.76625	0.000331551	
9.76656	0.000331551	
9.76686	0.000331551	
9.76717	0.000331551	
9.76747	0.000331551	
9.76778	0.000331551	
9.76808	0.000331551	
9.76839	0.000331178	
9.7687	0.000331178	
9.769	0.000331178	
9.76931	0.000331178	
9.76961	0.000331178	
9.76992	0.000331178	
9.77022	0.000331178	
9.77053	0.000330806	
9.77083	0.000330806	
9.77114	0.000330806	
9.77145	0.000330806	
9.77175	0.000330806	
9.77206	0.000330806	
9.77236	0.000330806	
9.77267	0.000330433	
9.77297	0.000330433	
9.77328	0.000330433	
9.77359	0.000330433	
9.77389	0.000330433	
9.7742	0.000330433	
9.7745	0.000330433	
9.77481	0.000330061	
9.77511	0.000330061	
9.77542	0.000330061	
9.77572	0.000330061	
9.77603	0.000330061	
9.77634	0.000330061	
9.77664	0.000330061	
9.77695	0.000329688	
9.77725	0.000329688	
9.77756	0.000329688	
9.77786	0.000329688	
9.77817	0.000329688	
9.77847	0.000329688	
9.77878	0.000329688	
9.77909	0.000329316	
9.77939	0.000329316	
9.7797	0.000329316	
9.78	0.000329316	
9.78031	0.000329316	
9.78061	0.000329316	
9.78092	0.000329316	
9.78122	0.000328943	
9.78153	0.000328943	
9.78184	0.000328943	
9.78214	0.000328943	
9.78245	0.000328943	
9.78275	0.000328943	
9.78306	0.000328943	
9.78336	0.000328571	
9.78367	0.000328571	
9.78397	0.000328571	
9.78428	0.000328571	
9.78459	0.000328571	
9.78489	0.000328571	
9.7852	0.000328571	
9.7855	0.000328198	
9.78581	0.000328198	
9.78611	0.000328198	
9.78642	0.000328198	
9.78672	0.000328198	
9.78703	0.000328198	
9.78734	0.000328198	
9.78764	0.000327826	
9.78795	0.000327826	
9.78825	0.000327826	
9.78856	0.000327826	
9.78886	0.000327826	
9.78917	0.000327826	
9.78947	0.000327826	
9.78978	0.000327453	
9.79009	0.000327453	
9.79039	0.000327453	
9.7907	0.000327453	
9.791	0.000327453	
9.79131	0.000327453	
9.79161	0.000327453	
9.79192	0.00032708	
9.79222	0.00032708	
9.79253	0.00032708	
9.79284	0.00032708	
9.79314	0.00032708	
9.79345	0.00032708	
9.79375	0.00032708	
9.79406	0.000326708	
9.79436	0.000326708	
9.79467	0.000326708	
9.79497	0.000326708	
9.79528	0.000326708	
9.79559	0.000326708	
9.79589	0.000326708	
9.7962	0.000326335	
9.7965	0.000326335	
9.79681	0.000326335	
9.79711	0.000326335	
9.79742	0.000326335	
9.79772	0.000326335	
9.79803	0.000326335	
9.79834	0.000325963	
9.79864	0.000325963	
9.79895	0.000325963	
9.79925	0.000325963	
9.79956	0.000325963	
9.79986	0.000325963	
9.80017	0.000325963	
9.80047	0.00032559	
9.80078	0.00032559	
9.80109	0.00032559	
9.80139	0.00032559	
9.8017	0.00032559	
9.802	0.00032559	
9.80231	0.00032559	
9.80261	0.000325218	
9.80292	0.000325218	
9.80322	0.000325218	
9.80353	0.000325218	
9.80384	0.000325218	
9.80414	0.000325218	
9.80445	0.000325218	
9.80475	0.000325218	
9.80506	0.000324845	
9.80536	0.000324845	
9.80567	0.000324845	
9.80598	0.000324845	
9.80628	0.000324845	
9.80659	0.000324845	
9.80689	0.000324845	
9.8072	0.000324473	
9.8075	0.000324473	
9.80781	0.000324473	
9.80811	0.000324473	
9.80842	0.000324473	
9.80873	0.000324473	
9.80903	0.000324473	
9.80934	0.0003241	
9.80964	0.0003241	
9.80995	0.0003241	
9.81025	0.0003241	
9.81056	0.0003241	
9.81086	0.0003241	
9.81117	0.0003241	
9.81148	0.000323728	
9.81178	0.000323728	
9.81209	0.000323728	
9.81239	0.000323728	
9.8127	0.000323728	
9.813	0.000323728	
9.81331	0.000323728	
9.81361	0.000323355	
9.81392	0.000323355	
9.81423	0.000323355	
9.81453	0.000323355	
9.81484	0.000323355	
9.81514	0.000323355	
9.81545	0.000323355	
9.81575	0.000322983	
9.81606	0.000322983	
9.81636	0.000322983	
9.81667	0.000322983	
9.81698	0.000322983	
9.81728	0.000322983	
9.81759	0.000322983	
9.81789	0.000322983	
9.8182	0.00032261	
9.8185	0.00032261	
9.81881	0.00032261	
9.81911	0.00032261	
9.81942	0.00032261	
9.81973	0.00032261	
9.82003	0.00032261	
9.82034	0.000322238	
9.82064	0.000322238	
9.82095	0.000322238	
9.82125	0.000322238	
9.82156	0.000322238	
9.82186	0.000322238	
9.82217	0.000322238	
9.82248	0.000321865	
9.82278	0.000321865	
9.82309	0.000321865	
9.82339	0.000321865	
9.8237	0.000321865	
9.824	0.000321865	
9.82431	0.000321865	
9.82461	0.000321493	
9.82492	0.000321493	
9.82523	0.000321493	
9.82553	0.000321493	
9.82584	0.000321493	
9.82614	0.000321493	
9.82645	0.000321493	
9.82675	0.000321493	
9.82706	0.00032112	
9.82736	0.00032112	
9.82767	0.00032112	
9.82798	0.00032112	
9.82828	0.00032112	
9.82859	0.00032112	
9.82889	0.00032112	
9.8292	0.000320747	
9.8295	0.000320747	
9.82981	0.000320747	
9.83011	0.000320747	
9.83042	0.000320747	
9.83073	0.000320747	
9.83103	0.000320375	
9.83134	0.000320375	
9.83164	0.000320375	
9.83195	0.000320375	
9.83225	0.000320375	
9.83256	0.000320375	
9.83286	0.000320375	
9.83317	0.000320375	
9.83348	0.000320002	
9.83378	0.000320002	
9.83409	0.000320002	
9.83439	0.000320002	
9.8347	0.000320002	
9.835	0.000320002	
9.83531	0.000320002	
9.83561	0.00031963	
9.83592	0.00031963	
9.83623	0.00031963	
9.83653	0.00031963	
9.83684	0.00031963	
9.83714	0.00031963	
9.83745	0.00031963	
9.83775	0.000319257	
9.83806	0.000319257	
9.83836	0.000319257	
9.83867	0.000319257	
9.83898	0.000319257	
9.83928	0.000319257	
9.83959	0.000319257	
9.83989	0.000318885	
9.8402	0.000318885	
9.8405	0.000318885	
9.84081	0.000318885	
9.84112	0.000318885	
9.84142	0.000318885	
9.84173	0.000318885	
9.84203	0.000318885	
9.84234	0.000318512	
9.84264	0.000318512	
9.84295	0.000318512	
9.84325	0.000318512	
9.84356	0.000318512	
9.84387	0.000318512	
9.84417	0.000318512	
9.84448	0.00031814	
9.84478	0.00031814	
9.84509	0.00031814	
9.84539	0.00031814	
9.8457	0.00031814	
9.846	0.00031814	
9.84631	0.00031814	
9.84662	0.000317767	
9.84692	0.000317767	
9.84723	0.000317767	
9.84753	0.000317767	
9.84784	0.000317767	
9.84814	0.000317767	
9.84845	0.000317767	
9.84875	0.000317767	
9.84906	0.000317395	
9.84937	0.000317395	
9.84967	0.000317395	
9.84998	0.000317395	
9.85028	0.000317395	
9.85059	0.000317395	
9.85089	0.000317395	
9.8512	0.000317022	
9.8515	0.000317022	
9.85181	0.000317022	
9.85212	0.000317022	
9.85242	0.000317022	
9.85273	0.000317022	
9.85303	0.000317022	
9.85334	0.000317022	
9.85364	0.00031665	
9.85395	0.00031665	
9.85425	0.00031665	
9.85456	0.00031665	
9.85487	0.00031665	
9.85517	0.00031665	
9.85548	0.00031665	
9.85578	0.000316277	
9.85609	0.000316277	
9.85639	0.000316277	
9.8567	0.000316277	
9.857	0.000316277	
9.85731	0.000316277	
9.85762	0.000316277	
9.85792	0.000316277	
9.85823	0.000315905	
9.85853	0.000315905	
9.85884	0.000315905	
9.85914	0.000315905	
9.85945	0.000315905	
9.85975	0.000315905	
9.86006	0.000315905	
9.86037	0.000315532	
9.86067	0.000315532	
9.86098	0.000315532	
9.86128	0.000315532	
9.86159	0.000315532	
9.86189	0.000315532	
9.8622	0.000315532	
9.8625	0.000315532	
9.86281	0.00031516	
9.86312	0.00031516	
9.86342	0.00031516	
9.86373	0.00031516	
9.86403	0.00031516	
9.86434	0.00031516	
9.86464	0.00031516	
9.86495	0.00031516	
9.86525	0.000314787	
9.86556	0.000314787	
9.86587	0.000314787	
9.86617	0.000314787	
9.86648	0.000314787	
9.86678	0.000314787	
9.86709	0.000314787	
9.86739	0.000314415	
9.8677	0.000314415	
9.868	0.000314415	
9.86831	0.000314415	
9.86862	0.000314415	
9.86892	0.000314415	
9.86923	0.000314415	
9.86953	0.000314415	
9.86984	0.000314042	
9.87014	0.000314042	
9.87045	0.000314042	
9.87075	0.000314042	
9.87106	0.000314042	
9.87137	0.000314042	
9.87167	0.000314042	
9.87198	0.000313669	
9.87228	0.000313669	
9.87259	0.000313669	
9.87289	0.000313669	
9.8732	0.000313669	
9.87351	0.000313669	
9.87381	0.000313669	
9.87412	0.000313669	
9.87442	0.000313297	
9.87473	0.000313297	
9.87503	0.000313297	
9.87534	0.000313297	
9.87564	0.000313297	
9.87595	0.000313297	
9.87626	0.000313297	
9.87656	0.000313297	
9.87687	0.000312924	
9.87717	0.000312924	
9.87748	0.000312924	
9.87778	0.000312924	
9.87809	0.000312924	
9.87839	0.000312924	
9.8787	0.000312924	
9.87901	0.000312552	
9.87931	0.000312552	
9.87962	0.000312552	
9.87992	0.000312552	
9.88023	0.000312552	
9.88053	0.000312552	
9.88084	0.000312552	
9.88114	0.000312552	
9.88145	0.000312179	
9.88176	0.000312179	
9.88206	0.000312179	
9.88237	0.000312179	
9.88267	0.000312179	
9.88298	0.000312179	
9.88328	0.000312179	
9.88359	0.000312179	
9.88389	0.000311807	
9.8842	0.000311807	
9.88451	0.000311807	
9.88481	0.000311807	
9.88512	0.000311807	
9.88542	0.000311807	
9.88573	0.000311807	
9.88603	0.000311807	
9.88634	0.000311434	
9.88664	0.000311434	
9.88695	0.000311434	
9.88726	0.000311434	
9.88756	0.000311434	
9.88787	0.000311434	
9.88817	0.000311434	
9.88848	0.000311062	
9.88878	0.000311062	
9.88909	0.000311062	
9.88939	0.000311062	
9.8897	0.000311062	
9.89001	0.000311062	
9.89031	0.000311062	
9.89062	0.000311062	
9.89092	0.000310689	
9.89123	0.000310689	
9.89153	0.000310689	
9.89184	0.000310689	
9.89214	0.000310689	
9.89245	0.000310689	
9.89276	0.000310689	
9.89306	0.000310689	
9.89337	0.000310317	
9.89367	0.000310317	
9.89398	0.000310317	
9.89428	0.000310317	
9.89459	0.000310317	
9.89489	0.000310317	
9.8952	0.000310317	
9.89551	0.000310317	
9.89581	0.000309944	
9.89612	0.000309944	
9.89642	0.000309944	
9.89673	0.000309944	
9.89703	0.000309944	
9.89734	0.000309944	
9.89764	0.000309944	
9.89795	0.000309944	
9.89826	0.000309572	
9.89856	0.000309572	
9.89887	0.000309572	
9.89917	0.000309572	
9.89948	0.000309572	
9.89978	0.000309572	
9.90009	0.000309572	
9.90039	0.000309199	
9.9007	0.000309199	
9.90101	0.000309199	
9.90131	0.000309199	
9.90162	0.000309199	
9.90192	0.000309199	
9.90223	0.000309199	
9.90253	0.000309199	
9.90284	0.000308827	
9.90314	0.000308827	
9.90345	0.000308827	
9.90376	0.000308827	
9.90406	0.000308827	
9.90437	0.000308827	
9.90467	0.000308827	
9.90498	0.000308827	
9.90528	0.000308454	
9.90559	0.000308454	
9.90589	0.000308454	
9.9062	0.000308454	
9.90651	0.000308454	
9.90681	0.000308454	
9.90712	0.000308454	
9.90742	0.000308454	
9.90773	0.000308082	
9.90803	0.000308082	
9.90834	0.000308082	
9.90865	0.000308082	
9.90895	0.000308082	
9.90926	0.000308082	
9.90956	0.000308082	
9.90987	0.000308082	
9.91017	0.000307709	
9.91048	0.000307709	
9.91078	0.000307709	
9.91109	0.000307709	
9.9114	0.000307709	
9.9117	0.000307709	
9.91201	0.000307709	
9.91231	0.000307709	
9.91262	0.000307336	
9.91292	0.000307336	
9.91323	0.000307336	
9.91353	0.000307336	
9.91384	0.000307336	
9.91415	0.000307336	
9.91445	0.000307336	
9.91476	0.000307336	
9.91506	0.000306964	
9.91537	0.000306964	
9.91567	0.000306964	
9.91598	0.000306964	
9.91628	0.000306964	
9.91659	0.000306964	
9.9169	0.000306964	
9.9172	0.000306964	
9.91751	0.000306591	
9.91781	0.000306591	
9.91812	0.000306591	
9.91842	0.000306591	
9.91873	0.000306591	
9.91903	0.000306591	
9.91934	0.000306591	
9.91965	0.000306591	
9.91995	0.000306219	
9.92026	0.000306219	
9.92056	0.000306219	
9.92087	0.000306219	
9.92117	0.000306219	
9.92148	0.000306219	
9.92178	0.000306219	
9.92209	0.000306219	
9.9224	0.000305846	
9.9227	0.000305846	
9.92301	0.000305846	
9.92331	0.000305846	
9.92362	0.000305846	
9.92392	0.000305846	
9.92423	0.000305846	
9.92453	0.000305846	
9.92484	0.000305474	
9.92515	0.000305474	
9.92545	0.000305474	
9.92576	0.000305474	
9.92606	0.000305474	
9.92637	0.000305474	
9.92667	0.000305474	
9.92698	0.000305474	
9.92728	0.000305101	
9.92759	0.000305101	
9.9279	0.000305101	
9.9282	0.000305101	
9.92851	0.000305101	
9.92881	0.000305101	
9.92912	0.000305101	
9.92942	0.000305101	
9.92973	0.000304729	
9.93003	0.000304729	
9.93034	0.000304729	
9.93065	0.000304729	
9.93095	0.000304729	
9.93126	0.000304729	
9.93156	0.000304729	
9.93187	0.000304729	
9.93217	0.000304729	
9.93248	0.000304356	
9.93278	0.000304356	
9.93309	0.000304356	
9.9334	0.000304356	
9.9337	0.000304356	
9.93401	0.000304356	
9.93431	0.000304356	
9.93462	0.000304356	
9.93492	0.000303984	
9.93523	0.000303984	
9.93553	0.000303984	
9.93584	0.000303984	
9.93615	0.000303984	
9.93645	0.000303984	
9.93676	0.000303984	
9.93706	0.000303984	
9.93737	0.000303611	
9.93767	0.000303611	
9.93798	0.000303611	
9.93828	0.000303611	
9.93859	0.000303611	
9.9389	0.000303611	
9.9392	0.000303611	
9.93951	0.000303611	
9.93981	0.000303239	
9.94012	0.000303239	
9.94042	0.000303239	
9.94073	0.000303239	
9.94104	0.000303239	
9.94134	0.000303239	
9.94165	0.000303239	
9.94195	0.000303239	
9.94226	0.000303239	
9.94256	0.000302866	
9.94287	0.000302866	
9.94317	0.000302866	
9.94348	0.000302866	
9.94379	0.000302866	
9.94409	0.000302866	
9.9444	0.000302866	
9.9447	0.000302866	
9.94501	0.000302494	
9.94531	0.000302494	
9.94562	0.000302494	
9.94592	0.000302494	
9.94623	0.000302494	
9.94654	0.000302494	
9.94684	0.000302494	
9.94715	0.000302494	
9.94745	0.000302121	
9.94776	0.000302121	
9.94806	0.000302121	
9.94837	0.000302121	
9.94867	0.000302121	
9.94898	0.000302121	
9.94929	0.000302121	
9.94959	0.000302121	
9.9499	0.000301749	
9.9502	0.000301749	
9.95051	0.000301749	
9.95081	0.000301749	
9.95112	0.000301749	
9.95142	0.000301749	
9.95173	0.000301749	
9.95204	0.000301749	
9.95234	0.000301749	
9.95265	0.000301376	
9.95295	0.000301376	
9.95326	0.000301376	
9.95356	0.000301376	
9.95387	0.000301376	
9.95417	0.000301376	
9.95448	0.000301376	
9.95479	0.000301376	
9.95509	0.000301003	
9.9554	0.000301003	
9.9557	0.000301003	
9.95601	0.000301003	
9.95631	0.000301003	
9.95662	0.000301003	
9.95692	0.000301003	
9.95723	0.000301003	
9.95754	0.000301003	
9.95784	0.000300631	
9.95815	0.000300631	
9.95845	0.000300631	
9.95876	0.000300631	
9.95906	0.000300631	
9.95937	0.000300631	
9.95967	0.000300631	
9.95998	0.000300631	
9.96029	0.000300258	
9.96059	0.000300258	
9.9609	0.000300258	
9.9612	0.000300258	
9.96151	0.000300258	
9.96181	0.000300258	
9.96212	0.000300258	
9.96242	0.000300258	
9.96273	0.000300258	
9.96304	0.000299886	
9.96334	0.000299886	
9.96365	0.000299886	
9.96395	0.000299886	
9.96426	0.000299886	
9.96456	0.000299886	
9.96487	0.000299886	
9.96517	0.000299886	
9.96548	0.000299513	
9.96579	0.000299513	
9.96609	0.000299513	
9.9664	0.000299513	
9.9667	0.000299513	
9.96701	0.000299513	
9.96731	0.000299513	
9.96762	0.000299513	
9.96792	0.000299513	
9.96823	0.000299141	
9.96854	0.000299141	
9.96884	0.000299141	
9.96915	0.000299141	
9.96945	0.000299141	
9.96976	0.000299141	
9.97006	0.000299141	
9.97037	0.000299141	
9.97067	0.000298768	
9.97098	0.000298768	
9.97129	0.000298768	
9.97159	0.000298768	
9.9719	0.000298768	
9.9722	0.000298768	
9.97251	0.000298768	
9.97281	0.000298768	
9.97312	0.000298768	
9.97342	0.000298396	
9.97373	0.000298396	
9.97404	0.000298396	
9.97434	0.000298396	
9.97465	0.000298396	
9.97495	0.000298396	
9.97526	0.000298396	
9.97556	0.000298396	
9.97587	0.000298396	
9.97618	0.000298023	
9.97648	0.000298023	
9.97679	0.000298023	
9.97709	0.000298023	
9.9774	0.000298023	
9.9777	0.000298023	
9.97801	0.000298023	
9.97831	0.000298023	
9.97862	0.000297651	
9.97893	0.000297651	
9.97923	0.000297651	
9.97954	0.000297651	
9.97984	0.000297651	
9.98015	0.000297651	
9.98045	0.000297651	
9.98076	0.000297651	
9.98106	0.000297651	
9.98137	0.000297278	
9.98168	0.000297278	
9.98198	0.000297278	
9.98229	0.000297278	
9.98259	0.000297278	
9.9829	0.000297278	
9.9832	0.000297278	
9.98351	0.000297278	
9.98381	0.000297278	
9.98412	0.000296906	
9.98443	0.000296906	
9.98473	0.000296906	
9.98504	0.000296906	
9.98534	0.000296906	
9.98565	0.000296906	
9.98595	0.000296906	
9.98626	0.000296906	
9.98656	0.000296906	
9.98687	0.000296533	
9.98718	0.000296533	
9.98748	0.000296533	
9.98779	0.000296533	
9.98809	0.000296533	
9.9884	0.000296533	
9.9887	0.000296533	
9.98901	0.000296533	
9.98931	0.000296533	
9.98962	0.000296161	
9.98993	0.000296161	
9.99023	0.000296161	
9.99054	0.000296161	
9.99084	0.000296161	
9.99115	0.000296161	
9.99145	0.000296161	
9.99176	0.000296161	
9.99206	0.000296161	
9.99237	0.000295788	
9.99268	0.000295788	
9.99298	0.000295788	
9.99329	0.000295788	
9.99359	0.000295788	
9.9939	0.000295788	
9.9942	0.000295788	
9.99451	0.000295788	
9.99481	0.000295788	
9.99512	0.000295416	
9.99543	0.000295416	
9.99573	0.000295416	
9.99604	0.000295416	
9.99634	0.000295416	
9.99665	0.000295416	
9.99695	0.000295416	
9.99726	0.000295416	
9.99756	0.000295416	
9.99787	0.000295043	
9.99818	0.000295043	
9.99848	0.000295043	
9.99879	0.000295043	
9.99909	0.000295043	
9.9994	0.000295043	
9.9997	0.000295043	
10	0.000295043	
10.0003	0.000295043	
10.0006	0.00029467	
10.0009	0.00029467	
10.0012	0.00029467	
10.0015	0.00029467	
10.0018	0.00029467	
10.0021	0.00029467	
10.0025	0.00029467	
10.0028	0.00029467	
10.0031	0.00029467	
10.0034	0.000294298	
10.0037	0.000294298	
10.004	0.000294298	
10.0043	0.000294298	
10.0046	0.000294298	
10.0049	0.000294298	
10.0052	0.000294298	
10.0055	0.000294298	
10.0058	0.000294298	
10.0061	0.000293925	
10.0064	0.000293925	
10.0067	0.000293925	
10.007	0.000293925	
10.0073	0.000293925	
10.0076	0.000293925	
10.008	0.000293925	
10.0083	0.000293925	
10.0086	0.000293925	
10.0089	0.000293553	
10.0092	0.000293553	
10.0095	0.000293553	
10.0098	0.000293553	
10.0101	0.000293553	
10.0104	0.000293553	
10.0107	0.000293553	
10.011	0.000293553	
10.0113	0.000293553	
10.0116	0.000293553	
10.0119	0.00029318	
10.0122	0.00029318	
10.0125	0.00029318	
10.0128	0.00029318	
10.0131	0.00029318	
10.0135	0.00029318	
10.0138	0.00029318	
10.0141	0.00029318	
10.0144	0.00029318	
10.0147	0.000292808	
10.015	0.000292808	
10.0153	0.000292808	
10.0156	0.000292808	
10.0159	0.000292808	
10.0162	0.000292808	
10.0165	0.000292808	
10.0168	0.000292808	
10.0171	0.000292808	
10.0174	0.000292808	
10.0177	0.000292435	
10.018	0.000292435	
10.0183	0.000292435	
10.0186	0.000292435	
10.019	0.000292435	
10.0193	0.000292435	
10.0196	0.000292435	
10.0199	0.000292435	
10.0202	0.000292435	
10.0205	0.000292063	
10.0208	0.000292063	
10.0211	0.000292063	
10.0214	0.000292063	
10.0217	0.000292063	
10.022	0.000292063	
10.0223	0.000292063	
10.0226	0.000292063	
10.0229	0.000292063	
10.0232	0.000292063	
10.0235	0.00029169	
10.0238	0.00029169	
10.0241	0.00029169	
10.0245	0.00029169	
10.0248	0.00029169	
10.0251	0.00029169	
10.0254	0.00029169	
10.0257	0.00029169	
10.026	0.00029169	
10.0263	0.00029169	
10.0266	0.000291318	
10.0269	0.000291318	
10.0272	0.000291318	
10.0275	0.000291318	
10.0278	0.000291318	
10.0281	0.000291318	
10.0284	0.000291318	
10.0287	0.000291318	
10.029	0.000291318	
10.0293	0.000291318	
10.0296	0.000290945	
10.03	0.000290945	
10.0303	0.000290945	
10.0306	0.000290945	
10.0309	0.000290945	
10.0312	0.000290945	
10.0315	0.000290945	
10.0318	0.000290945	
10.0321	0.000290945	
10.0324	0.000290945	
10.0327	0.000290573	
10.033	0.000290573	
10.0333	0.000290573	
10.0336	0.000290573	
10.0339	0.000290573	
10.0342	0.000290573	
10.0345	0.000290573	
10.0348	0.000290573	
10.0351	0.000290573	
10.0355	0.000290573	
10.0358	0.0002902	
10.0361	0.0002902	
10.0364	0.0002902	
10.0367	0.0002902	
10.037	0.0002902	
10.0373	0.0002902	
10.0376	0.0002902	
10.0379	0.0002902	
10.0382	0.0002902	
10.0385	0.0002902	
10.0388	0.000289828	
10.0391	0.000289828	
10.0394	0.000289828	
10.0397	0.000289828	
10.04	0.000289828	
10.0403	0.000289828	
10.0406	0.000289828	
10.041	0.000289828	
10.0413	0.000289828	
10.0416	0.000289828	
10.0419	0.000289828	
10.0422	0.000289455	
10.0425	0.000289455	
10.0428	0.000289455	
10.0431	0.000289455	
10.0434	0.000289455	
10.0437	0.000289455	
10.044	0.000289455	
10.0443	0.000289455	
10.0446	0.000289455	
10.0449	0.000289455	
10.0452	0.000289083	
10.0455	0.000289083	
10.0458	0.000289083	
10.0461	0.000289083	
10.0465	0.000289083	
10.0468	0.000289083	
10.0471	0.000289083	
10.0474	0.000289083	
10.0477	0.000289083	
10.048	0.000289083	
10.0483	0.000289083	
10.0486	0.00028871	
10.0489	0.00028871	
10.0492	0.00028871	
10.0495	0.00028871	
10.0498	0.00028871	
10.0501	0.00028871	
10.0504	0.00028871	
10.0507	0.00028871	
10.051	0.00028871	
10.0513	0.00028871	
10.0516	0.00028871	
10.052	0.000288337	
10.0523	0.000288337	
10.0526	0.000288337	
10.0529	0.000288337	
10.0532	0.000288337	
10.0535	0.000288337	
10.0538	0.000288337	
10.0541	0.000288337	
10.0544	0.000288337	
10.0547	0.000288337	
10.055	0.000288337	
10.0553	0.000287965	
10.0556	0.000287965	
10.0559	0.000287965	
10.0562	0.000287965	
10.0565	0.000287965	
10.0568	0.000287965	
10.0571	0.000287965	
10.0575	0.000287965	
10.0578	0.000287965	
10.0581	0.000287965	
10.0584	0.000287965	
10.0587	0.000287965	
10.059	0.000287592	
10.0593	0.000287592	
10.0596	0.000287592	
10.0599	0.000287592	
10.0602	0.000287592	
10.0605	0.000287592	
10.0608	0.000287592	
10.0611	0.000287592	
10.0614	0.000287592	
10.0617	0.000287592	
10.062	0.000287592	
10.0623	0.000287592	
10.0627	0.00028722	
10.063	0.00028722	
10.0633	0.00028722	
10.0636	0.00028722	
10.0639	0.00028722	
10.0642	0.00028722	
10.0645	0.00028722	
10.0648	0.00028722	
10.0651	0.00028722	
10.0654	0.00028722	
10.0657	0.00028722	
10.066	0.00028722	
10.0663	0.000286847	
10.0666	0.000286847	
10.0669	0.000286847	
10.0672	0.000286847	
10.0675	0.000286847	
10.0678	0.000286847	
10.0682	0.000286847	
10.0685	0.000286847	
10.0688	0.000286847	
10.0691	0.000286847	
10.0694	0.000286847	
10.0697	0.000286847	
10.07	0.000286847	
10.0703	0.000286475	
10.0706	0.000286475	
10.0709	0.000286475	
10.0712	0.000286475	
10.0715	0.000286475	
10.0718	0.000286475	
10.0721	0.000286475	
10.0724	0.000286475	
10.0727	0.000286475	
10.073	0.000286475	
10.0733	0.000286475	
10.0737	0.000286475	
10.074	0.000286475	
10.0743	0.000286475	
10.0746	0.000286102	
10.0749	0.000286102	
10.0752	0.000286102	
10.0755	0.000286102	
10.0758	0.000286102	
10.0761	0.000286102	
10.0764	0.000286102	
10.0767	0.000286102	
10.077	0.000286102	
10.0773	0.000286102	
10.0776	0.000286102	
10.0779	0.000286102	
10.0782	0.000286102	
10.0785	0.000286102	
10.0788	0.00028573	
10.0792	0.00028573	
10.0795	0.00028573	
10.0798	0.00028573	
10.0801	0.00028573	
10.0804	0.00028573	
10.0807	0.00028573	
10.081	0.00028573	
10.0813	0.00028573	
10.0816	0.00028573	
10.0819	0.00028573	
10.0822	0.00028573	
10.0825	0.00028573	
10.0828	0.00028573	
10.0831	0.00028573	
10.0834	0.00028573	
10.0837	0.000285357	
10.084	0.000285357	
10.0843	0.000285357	
10.0847	0.000285357	
10.085	0.000285357	
10.0853	0.000285357	
10.0856	0.000285357	
10.0859	0.000285357	
10.0862	0.000285357	
10.0865	0.000285357	
10.0868	0.000285357	
10.0871	0.000285357	
10.0874	0.000285357	
10.0877	0.000285357	
10.088	0.000285357	
10.0883	0.000285357	
10.0886	0.000285357	
10.0889	0.000285357	
10.0892	0.000284985	
10.0895	0.000284985	
10.0898	0.000284985	
10.0902	0.000284985	
10.0905	0.000284985	
10.0908	0.000284985	
10.0911	0.000284985	
10.0914	0.000284985	
10.0917	0.000284985	
10.092	0.000284985	
10.0923	0.000284985	
10.0926	0.000284985	
10.0929	0.000284985	
10.0932	0.000284985	
10.0935	0.000284985	
10.0938	0.000284985	
10.0941	0.000284985	
10.0944	0.000284985	
10.0947	0.000284985	
10.095	0.000284985	
10.0953	0.000284985	
10.0957	0.000284985	
10.096	0.000284985	
10.0963	0.000284612	
10.0966	0.000284612	
10.0969	0.000284612	
10.0972	0.000284612	
10.0975	0.000284612	
10.0978	0.000284612	
10.0981	0.000284612	
10.0984	0.000284612	
10.0987	0.000284612	
10.099	0.000284612	
10.0993	0.000284612	
10.0996	0.000284612	
10.0999	0.000284612	
10.1002	0.000284612	
10.1005	0.000284612	
10.1008	0.000284612	
10.1012	0.000284612	
10.1015	0.000284612	
10.1018	0.000284612	
10.1021	0.000284612	
10.1024	0.000284612	
10.1027	0.000284612	
10.103	0.000284612	
10.1033	0.000284612	
10.1036	0.000284612	
10.1039	0.000284612	
10.1042	0.000284612	
10.1045	0.000284612	
10.1048	0.000284612	
10.1051	0.000284612	
10.1054	0.000284612	
10.1057	0.000284612	
10.106	0.000284612	
10.1063	0.000284612	
10.1067	0.000284612	
10.107	0.000284612	
10.1073	0.000284612	
10.1076	0.000284612	
10.1079	0.000284612	
10.1082	0.000284612	
10.1085	0.000284612	
10.1088	0.000284612	
10.1091	0.000284612	
10.1094	0.000284612	
10.1097	0.000284612	
10.11	0.000284612	
10.1103	0.000284612	
10.1106	0.000284612	
10.1109	0.000284612	
10.1112	0.000284612	
10.1115	0.000284612	
10.1118	0.000284612	
10.1122	0.000284612	
10.1125	0.000284612	
10.1128	0.000284612	
10.1131	0.000284612	
10.1134	0.000284612	
10.1137	0.000284612	
10.114	0.000284612	
10.1143	0.000284612	
10.1146	0.000284612	
10.1149	0.000284612	
10.1152	0.000284612	
10.1155	0.000284612	
10.1158	0.000284612	
10.1161	0.000284612	
10.1164	0.000284612	
10.1167	0.000284612	
10.117	0.000284612	
10.1173	0.000284612	
10.1177	0.000284612	
10.118	0.000284612	
10.1183	0.000284612	
10.1186	0.000284612	
10.1189	0.000284612	
10.1192	0.000284985	
10.1195	0.000284985	
10.1198	0.000284985	
10.1201	0.000284985	
10.1204	0.000284985	
10.1207	0.000284985	
10.121	0.000284985	
10.1213	0.000284985	
10.1216	0.000284985	
10.1219	0.000284985	
10.1222	0.000284985	
10.1225	0.000284985	
10.1228	0.000284985	
10.1232	0.000284985	
10.1235	0.000284985	
10.1238	0.000285357	
10.1241	0.000285357	
10.1244	0.000285357	
10.1247	0.000285357	
10.125	0.000285357	
10.1253	0.000285357	
10.1256	0.000285357	
10.1259	0.000285357	
10.1262	0.000285357	
10.1265	0.000285357	
10.1268	0.00028573	
10.1271	0.00028573	
10.1274	0.00028573	
10.1277	0.00028573	
10.128	0.00028573	
10.1283	0.00028573	
10.1287	0.00028573	
10.129	0.00028573	
10.1293	0.00028573	
10.1296	0.000286102	
10.1299	0.000286102	
10.1302	0.000286102	
10.1305	0.000286102	
10.1308	0.000286102	
10.1311	0.000286102	
10.1314	0.000286475	
10.1317	0.000286475	
10.132	0.000286475	
10.1323	0.000286475	
10.1326	0.000286475	
10.1329	0.000286475	
10.1332	0.000286847	
10.1335	0.000286847	
10.1338	0.000286847	
10.1342	0.000286847	
10.1345	0.000286847	
10.1348	0.000286847	
10.1351	0.00028722	
10.1354	0.00028722	
10.1357	0.00028722	
10.136	0.00028722	
10.1363	0.000287592	
10.1366	0.000287592	
10.1369	0.000287592	
10.1372	0.000287592	
10.1375	0.000287965	
10.1378	0.000287965	
10.1381	0.000287965	
10.1384	0.000287965	
10.1387	0.000288337	
10.139	0.000288337	
10.1393	0.000288337	
10.1397	0.000288337	
10.14	0.00028871	
10.1403	0.00028871	
10.1406	0.00028871	
10.1409	0.000289083	
10.1412	0.000289083	
10.1415	0.000289083	
10.1418	0.000289455	
10.1421	0.000289455	
10.1424	0.000289455	
10.1427	0.000289828	
10.143	0.000289828	
10.1433	0.000289828	
10.1436	0.0002902	
10.1439	0.0002902	
10.1442	0.000290573	
10.1445	0.000290573	
10.1448	0.000290573	
10.1452	0.000290945	
10.1455	0.000290945	
10.1458	0.000291318	
10.1461	0.000291318	
10.1464	0.00029169	
10.1467	0.00029169	
10.147	0.000292063	
10.1473	0.000292063	
10.1476	0.000292435	
10.1479	0.000292435	
10.1482	0.000292808	
10.1485	0.000292808	
10.1488	0.00029318	
10.1491	0.00029318	
10.1494	0.000293553	
10.1497	0.000293553	
10.15	0.000293925	
10.1503	0.000294298	
10.1507	0.000294298	
10.151	0.00029467	
10.1513	0.000295043	
10.1516	0.000295043	
10.1519	0.000295416	
10.1522	0.000295788	
10.1525	0.000295788	
10.1528	0.000296161	
10.1531	0.000296533	
10.1534	0.000296906	
10.1537	0.000297278	
10.154	0.000297278	
10.1543	0.000297651	
10.1546	0.000298023	
10.1549	0.000298396	
10.1552	0.000298768	
10.1555	0.000299141	
10.1558	0.000299513	
10.1562	0.000299886	
10.1565	0.000300258	
10.1568	0.000300631	
10.1571	0.000301003	
10.1574	0.000301376	
10.1577	0.000301749	
10.158	0.000302121	
10.1583	0.000302494	
10.1586	0.000302866	
10.1589	0.000303239	
10.1592	0.000303984	
10.1595	0.000304356	
10.1598	0.000304729	
10.1601	0.000305474	
10.1604	0.000305846	
10.1607	0.000306219	
10.161	0.000306964	
10.1613	0.000307336	
10.1617	0.000308082	
10.162	0.000308454	
10.1623	0.000309199	
10.1626	0.000309944	
10.1629	0.000310317	
10.1632	0.000311062	
10.1635	0.000311807	
10.1638	0.000312552	
10.1641	0.000313297	
10.1644	0.000314042	
10.1647	0.000314787	
10.165	0.000315532	
10.1653	0.000316277	
10.1656	0.000317022	
10.1659	0.00031814	
10.1662	0.000318885	
10.1665	0.00031963	
10.1668	0.000320747	
10.1672	0.000321493	
10.1675	0.00032261	
10.1678	0.000323728	
10.1681	0.000324845	
10.1684	0.000325963	
10.1687	0.00032708	
10.169	0.000328198	
10.1693	0.000329316	
10.1696	0.000330433	
10.1699	0.000331923	
10.1702	0.000333041	
10.1705	0.000334531	
10.1708	0.000336021	
10.1711	0.000337511	
10.1714	0.000339001	
10.1717	0.000340492	
10.172	0.000341982	
10.1723	0.000343844	
10.1727	0.000345707	
10.173	0.00034757	
10.1733	0.000349432	
10.1736	0.000351295	
10.1739	0.00035353	
10.1742	0.000355393	
10.1745	0.000357628	
10.1748	0.000359863	
10.1751	0.000362471	
10.1754	0.000365078	
10.1757	0.000367686	
10.176	0.000370294	
10.1763	0.000373274	
10.1766	0.000376254	
10.1769	0.000379235	
10.1772	0.000382587	
10.1775	0.00038594	
10.1778	0.000389293	
10.1782	0.000393018	
10.1785	0.000397116	
10.1788	0.000401214	
10.1791	0.000405312	
10.1794	0.000409782	
10.1797	0.000414625	
10.18	0.000419468	
10.1803	0.000424683	
10.1806	0.000430271	
10.1809	0.000436231	
10.1812	0.000442564	
10.1815	0.000448897	
10.1818	0.000455976	
10.1821	0.000463054	
10.1824	0.000470877	
10.1827	0.000479072	
10.183	0.000487641	
10.1833	0.000496954	
10.1837	0.000507012	
10.184	0.000517443	
10.1843	0.000528991	
10.1846	0.000540912	
10.1849	0.000553951	
10.1852	0.000567734	
10.1855	0.000582635	
10.1858	0.000598654	
10.1861	0.000616163	
10.1864	0.000634789	
10.1867	0.000655279	
10.187	0.000677258	
10.1873	0.0007011	
10.1876	0.000727177	
10.1879	0.000755489	
10.1882	0.000786781	
10.1885	0.000821427	
10.1888	0.000859052	
10.1892	0.000900775	
10.1895	0.000947341	
10.1898	0.00099875	
10.1901	0.00105649	
10.1904	0.00112131	
10.1907	0.00119433	
10.191	0.00127666	
10.1913	0.00137053	
10.1916	0.00147782	
10.1919	0.00160113	
10.1922	0.00174418	
10.1925	0.00191033	
10.1928	0.00210591	
10.1931	0.00233687	
10.1934	0.00261255	
10.1937	0.00294447	
10.194	0.00334792	
10.1943	0.00384338	
10.1947	0.00445731	
10.195	0.00522546	
10.1953	0.00619292	
10.1956	0.00741258	
10.1959	0.00893585	
10.1962	0.0107866	
10.1965	0.0129115	
10.1968	0.0151269	
10.1971	0.0171173	
10.1974	0.018502	
10.1977	0.0189584	
10.198	0.0183668	
10.1983	0.0168804	
10.1986	0.0148386	
10.1989	0.0126194	
10.1992	0.0105236	
10.1995	0.00871494	
10.1998	0.00723414	
10.2002	0.00605099	
10.2005	0.00511296	
10.2008	0.00436753	
10.2011	0.00377074	
10.2014	0.00328906	
10.2017	0.00289604	
10.202	0.00257231	
10.2023	0.00230297	
10.2026	0.00207685	
10.2029	0.00188574	
10.2032	0.00172257	
10.2035	0.0015825	
10.2038	0.00146106	
10.2041	0.00135563	
10.2044	0.00126362	
10.2047	0.00118241	
10.205	0.00111051	
10.2053	0.00104681	
10.2057	0.00098981	
10.206	0.000938773	
10.2063	0.000892952	
10.2066	0.000851601	
10.2069	0.000814348	
10.2072	0.000780076	
10.2075	0.000749156	
10.2078	0.000720844	
10.2081	0.000695139	
10.2084	0.000671297	
10.2087	0.000649691	
10.209	0.000629574	
10.2093	0.000610948	
10.2096	0.000593439	
10.2099	0.00057742	
10.2102	0.000562891	
10.2105	0.000548735	
10.2108	0.000536069	
10.2112	0.000524148	
10.2115	0.0005126	
10.2118	0.000502169	
10.2121	0.000492111	
10.2124	0.000482798	
10.2127	0.000474229	
10.213	0.000466034	
10.2133	0.000458211	
10.2136	0.00045076	
10.2139	0.000444055	
10.2142	0.000437349	
10.2145	0.000431389	
10.2148	0.000425428	
10.2151	0.00041984	
10.2154	0.000414625	
10.2157	0.000409409	
10.216	0.000404567	
10.2163	0.000400096	
10.2167	0.000395626	
10.217	0.000391528	
10.2173	0.000387803	
10.2176	0.000384077	
10.2179	0.000380352	
10.2182	0.000376999	
10.2185	0.000373647	
10.2188	0.000370294	
10.2191	0.000367314	
10.2194	0.000364333	
10.2197	0.000361726	
10.22	0.000359118	
10.2203	0.00035651	
10.2206	0.000353903	
10.2209	0.000351667	
10.2212	0.000349432	
10.2215	0.000347197	
10.2218	0.000344962	
10.2222	0.000343099	
10.2225	0.000340864	
10.2228	0.000339001	
10.2231	0.000337139	
10.2234	0.000335649	
10.2237	0.000333786	
10.224	0.000332296	
10.2243	0.000330433	
10.2246	0.000328943	
10.2249	0.000327453	
10.2252	0.000325963	
10.2255	0.000324473	
10.2258	0.000323355	
10.2261	0.000321865	
10.2264	0.000320747	
10.2267	0.00031963	
10.227	0.00031814	
10.2273	0.000317022	
10.2277	0.000315905	
10.228	0.000314787	
10.2283	0.000313669	
10.2286	0.000312924	
10.2289	0.000311807	
10.2292	0.000310689	
10.2295	0.000309944	
10.2298	0.000308827	
10.2301	0.000308082	
10.2304	0.000307336	
10.2307	0.000306219	
10.231	0.000305474	
10.2313	0.000304729	
10.2316	0.000303984	
10.2319	0.000303239	
10.2322	0.000302494	
10.2325	0.000301749	
10.2329	0.000301003	
10.2332	0.000300258	
10.2335	0.000299513	
10.2338	0.000298768	
10.2341	0.000298396	
10.2344	0.000297651	
10.2347	0.000296906	
10.235	0.000296533	
10.2353	0.000295788	
10.2356	0.000295416	
10.2359	0.00029467	
10.2362	0.000294298	
10.2365	0.000293553	
10.2368	0.00029318	
10.2371	0.000292435	
10.2374	0.000292063	
10.2377	0.00029169	
10.238	0.000290945	
10.2384	0.000290573	
10.2387	0.0002902	
10.239	0.000289828	
10.2393	0.000289455	
10.2396	0.00028871	
10.2399	0.000288337	
10.2402	0.000287965	
10.2405	0.000287592	
10.2408	0.00028722	
10.2411	0.000286847	
10.2414	0.000286475	
10.2417	0.000286102	
10.242	0.00028573	
10.2423	0.000285357	
10.2426	0.000284985	
10.2429	0.000284612	
10.2432	0.00028424	
10.2435	0.000283867	
10.2439	0.000283495	
10.2442	0.000283122	
10.2445	0.00028275	
10.2448	0.00028275	
10.2451	0.000282377	
10.2454	0.000282004	
10.2457	0.000281632	
10.246	0.000281259	
10.2463	0.000281259	
10.2466	0.000280887	
10.2469	0.000280514	
10.2472	0.000280142	
10.2475	0.000280142	
10.2478	0.000279769	
10.2481	0.000279397	
10.2484	0.000279024	
10.2487	0.000279024	
10.249	0.000278652	
10.2494	0.000278279	
10.2497	0.000278279	
10.25	0.000277907	
10.2503	0.000277534	
10.2506	0.000277534	
10.2509	0.000277162	
10.2512	0.000277162	
10.2515	0.000276789	
10.2518	0.000276417	
10.2521	0.000276417	
10.2524	0.000276044	
10.2527	0.000276044	
10.253	0.000275671	
10.2533	0.000275671	
10.2536	0.000275299	
10.2539	0.000274926	
10.2542	0.000274926	
10.2545	0.000274554	
10.2549	0.000274554	
10.2552	0.000274181	
10.2555	0.000274181	
10.2558	0.000273809	
10.2561	0.000273809	
10.2564	0.000273436	
10.2567	0.000273436	
10.257	0.000273064	
10.2573	0.000273064	
10.2576	0.000273064	
10.2579	0.000272691	
10.2582	0.000272691	
10.2585	0.000272319	
10.2588	0.000272319	
10.2591	0.000271946	
10.2594	0.000271946	
10.2597	0.000271574	
10.26	0.000271574	
10.2604	0.000271574	
10.2607	0.000271201	
10.261	0.000271201	
10.2613	0.000270829	
10.2616	0.000270829	
10.2619	0.000270829	
10.2622	0.000270456	
10.2625	0.000270456	
10.2628	0.000270084	
10.2631	0.000270084	
10.2634	0.000270084	
10.2637	0.000269711	
10.264	0.000269711	
10.2643	0.000269711	
10.2646	0.000269338	
10.2649	0.000269338	
10.2652	0.000269338	
10.2655	0.000268966	
10.2659	0.000268966	
10.2662	0.000268593	
10.2665	0.000268593	
10.2668	0.000268593	
10.2671	0.000268221	
10.2674	0.000268221	
10.2677	0.000268221	
10.268	0.000268221	
10.2683	0.000267848	
10.2686	0.000267848	
10.2689	0.000267848	
10.2692	0.000267476	
10.2695	0.000267476	
10.2698	0.000267476	
10.2701	0.000267103	
10.2704	0.000267103	
10.2707	0.000267103	
10.271	0.000266731	
10.2714	0.000266731	
10.2717	0.000266731	
10.272	0.000266731	
10.2723	0.000266358	
10.2726	0.000266358	
10.2729	0.000266358	
10.2732	0.000265986	
10.2735	0.000265986	
10.2738	0.000265986	
10.2741	0.000265986	
10.2744	0.000265613	
10.2747	0.000265613	
10.275	0.000265613	
10.2753	0.000265613	
10.2756	0.000265241	
10.2759	0.000265241	
10.2762	0.000265241	
10.2765	0.000265241	
10.2769	0.000264868	
10.2772	0.000264868	
10.2775	0.000264868	
10.2778	0.000264868	
10.2781	0.000264496	
10.2784	0.000264496	
10.2787	0.000264496	
10.279	0.000264496	
10.2793	0.000264123	
10.2796	0.000264123	
10.2799	0.000264123	
10.2802	0.000264123	
10.2805	0.000263751	
10.2808	0.000263751	
10.2811	0.000263751	
10.2814	0.000263751	
10.2817	0.000263378	
10.282	0.000263378	
10.2824	0.000263378	
10.2827	0.000263378	
10.283	0.000263378	
10.2833	0.000263005	
10.2836	0.000263005	
10.2839	0.000263005	
10.2842	0.000263005	
10.2845	0.000262633	
10.2848	0.000262633	
10.2851	0.000262633	
10.2854	0.000262633	
10.2857	0.000262633	
10.286	0.00026226	
10.2863	0.00026226	
10.2866	0.00026226	
10.2869	0.00026226	
10.2872	0.00026226	
10.2875	0.000261888	
10.2879	0.000261888	
10.2882	0.000261888	
10.2885	0.000261888	
10.2888	0.000261888	
10.2891	0.000261515	
10.2894	0.000261515	
10.2897	0.000261515	
10.29	0.000261515	
10.2903	0.000261515	
10.2906	0.000261143	
10.2909	0.000261143	
10.2912	0.000261143	
10.2915	0.000261143	
10.2918	0.000261143	
10.2921	0.00026077	
10.2924	0.00026077	
10.2927	0.00026077	
10.293	0.00026077	
10.2934	0.00026077	
10.2937	0.00026077	
10.294	0.000260398	
10.2943	0.000260398	
10.2946	0.000260398	
10.2949	0.000260398	
10.2952	0.000260398	
10.2955	0.000260025	
10.2958	0.000260025	
10.2961	0.000260025	
10.2964	0.000260025	
10.2967	0.000260025	
10.297	0.000260025	
10.2973	0.000259653	
10.2976	0.000259653	
10.2979	0.000259653	
10.2982	0.000259653	
10.2985	0.000259653	
10.2989	0.000259653	
10.2992	0.00025928	
10.2995	0.00025928	
10.2998	0.00025928	
10.3001	0.00025928	
10.3004	0.00025928	
10.3007	0.000258908	
10.301	0.000258908	
10.3013	0.000258908	
10.3016	0.000258908	
10.3019	0.000258908	
10.3022	0.000258908	
10.3025	0.000258908	
10.3028	0.000258535	
10.3031	0.000258535	
10.3034	0.000258535	
10.3037	0.000258535	
10.304	0.000258535	
10.3044	0.000258535	
10.3047	0.000258163	
10.305	0.000258163	
10.3053	0.000258163	
10.3056	0.000258163	
10.3059	0.000258163	
10.3062	0.000258163	
10.3065	0.00025779	
10.3068	0.00025779	
10.3071	0.00025779	
10.3074	0.00025779	
10.3077	0.00025779	
10.308	0.00025779	
10.3083	0.00025779	
10.3086	0.000257418	
10.3089	0.000257418	
10.3092	0.000257418	
10.3095	0.000257418	
10.3099	0.000257418	
10.3102	0.000257418	
10.3105	0.000257045	
10.3108	0.000257045	
10.3111	0.000257045	
10.3114	0.000257045	
10.3117	0.000257045	
10.312	0.000257045	
10.3123	0.000257045	
10.3126	0.000256673	
10.3129	0.000256673	
10.3132	0.000256673	
10.3135	0.000256673	
10.3138	0.000256673	
10.3141	0.000256673	
10.3144	0.000256673	
10.3147	0.0002563	
10.315	0.0002563	
10.3154	0.0002563	
10.3157	0.0002563	
10.316	0.0002563	
10.3163	0.0002563	
10.3166	0.0002563	
10.3169	0.000255927	
10.3172	0.000255927	
10.3175	0.000255927	
10.3178	0.000255927	
10.3181	0.000255927	
10.3184	0.000255927	
10.3187	0.000255927	
10.319	0.000255555	
10.3193	0.000255555	
10.3196	0.000255555	
10.3199	0.000255555	
10.3202	0.000255555	
10.3205	0.000255555	
10.3209	0.000255555	
10.3212	0.000255555	
10.3215	0.000255182	
10.3218	0.000255182	
10.3221	0.000255182	
10.3224	0.000255182	
10.3227	0.000255182	
10.323	0.000255182	
10.3233	0.000255182	
10.3236	0.00025481	
10.3239	0.00025481	
10.3242	0.00025481	
10.3245	0.00025481	
10.3248	0.00025481	
10.3251	0.00025481	
10.3254	0.00025481	
10.3257	0.00025481	
10.326	0.000254437	
10.3264	0.000254437	
10.3267	0.000254437	
10.327	0.000254437	
10.3273	0.000254437	
10.3276	0.000254437	
10.3279	0.000254437	
10.3282	0.000254437	
10.3285	0.000254065	
10.3288	0.000254065	
10.3291	0.000254065	
10.3294	0.000254065	
10.3297	0.000254065	
10.33	0.000254065	
10.3303	0.000254065	
10.3306	0.000253692	
10.3309	0.000253692	
10.3312	0.000253692	
10.3315	0.000253692	
10.3319	0.000253692	
10.3322	0.000253692	
10.3325	0.000253692	
10.3328	0.000253692	
10.3331	0.00025332	
10.3334	0.00025332	
10.3337	0.00025332	
10.334	0.00025332	
10.3343	0.00025332	
10.3346	0.00025332	
10.3349	0.00025332	
10.3352	0.00025332	
10.3355	0.00025332	
10.3358	0.000252947	
10.3361	0.000252947	
10.3364	0.000252947	
10.3367	0.000252947	
10.337	0.000252947	
10.3374	0.000252947	
10.3377	0.000252947	
10.338	0.000252947	
10.3383	0.000252575	
10.3386	0.000252575	
10.3389	0.000252575	
10.3392	0.000252575	
10.3395	0.000252575	
10.3398	0.000252575	
10.3401	0.000252575	
10.3404	0.000252575	
10.3407	0.000252202	
10.341	0.000252202	
10.3413	0.000252202	
10.3416	0.000252202	
10.3419	0.000252202	
10.3422	0.000252202	
10.3425	0.000252202	
10.3429	0.000252202	
10.3432	0.000252202	
10.3435	0.00025183	
10.3438	0.00025183	
10.3441	0.00025183	
10.3444	0.00025183	
10.3447	0.00025183	
10.345	0.00025183	
10.3453	0.00025183	
10.3456	0.00025183	
10.3459	0.000251457	
10.3462	0.000251457	
10.3465	0.000251457	
10.3468	0.000251457	
10.3471	0.000251457	
10.3474	0.000251457	
10.3477	0.000251457	
10.348	0.000251457	
10.3484	0.000251457	
10.3487	0.000251085	
10.349	0.000251085	
10.3493	0.000251085	
10.3496	0.000251085	
10.3499	0.000251085	
10.3502	0.000251085	
10.3505	0.000251085	
10.3508	0.000251085	
10.3511	0.000251085	
10.3514	0.000250712	
10.3517	0.000250712	
10.352	0.000250712	
10.3523	0.000250712	
10.3526	0.000250712	
10.3529	0.000250712	
10.3532	0.000250712	
10.3535	0.000250712	
10.3539	0.000250712	
10.3542	0.00025034	
10.3545	0.00025034	
10.3548	0.00025034	
10.3551	0.00025034	
10.3554	0.00025034	
10.3557	0.00025034	
10.356	0.00025034	
10.3563	0.00025034	
10.3566	0.00025034	
10.3569	0.000249967	
10.3572	0.000249967	
10.3575	0.000249967	
10.3578	0.000249967	
10.3581	0.000249967	
10.3584	0.000249967	
10.3587	0.000249967	
10.359	0.000249967	
10.3594	0.000249967	
10.3597	0.000249594	
10.36	0.000249594	
10.3603	0.000249594	
10.3606	0.000249594	
10.3609	0.000249594	
10.3612	0.000249594	
10.3615	0.000249594	
10.3618	0.000249594	
10.3621	0.000249594	
10.3624	0.000249222	
10.3627	0.000249222	
10.363	0.000249222	
10.3633	0.000249222	
10.3636	0.000249222	
10.3639	0.000249222	
10.3642	0.000249222	
10.3645	0.000249222	
10.3649	0.000249222	
10.3652	0.000248849	
10.3655	0.000248849	
10.3658	0.000248849	
10.3661	0.000248849	
10.3664	0.000248849	
10.3667	0.000248849	
10.367	0.000248849	
10.3673	0.000248849	
10.3676	0.000248849	
10.3679	0.000248849	
10.3682	0.000248477	
10.3685	0.000248477	
10.3688	0.000248477	
10.3691	0.000248477	
10.3694	0.000248477	
10.3697	0.000248477	
10.37	0.000248477	
10.3704	0.000248477	
10.3707	0.000248477	
10.371	0.000248104	
10.3713	0.000248104	
10.3716	0.000248104	
10.3719	0.000248104	
10.3722	0.000248104	
10.3725	0.000248104	
10.3728	0.000248104	
10.3731	0.000248104	
10.3734	0.000248104	
10.3737	0.000248104	
10.374	0.000247732	
10.3743	0.000247732	
10.3746	0.000247732	
10.3749	0.000247732	
10.3752	0.000247732	
10.3755	0.000247732	
10.3759	0.000247732	
10.3762	0.000247732	
10.3765	0.000247732	
10.3768	0.000247359	
10.3771	0.000247359	
10.3774	0.000247359	
10.3777	0.000247359	
10.378	0.000247359	
10.3783	0.000247359	
10.3786	0.000247359	
10.3789	0.000247359	
10.3792	0.000247359	
10.3795	0.000247359	
10.3798	0.000246987	
10.3801	0.000246987	
10.3804	0.000246987	
10.3807	0.000246987	
10.381	0.000246987	
10.3814	0.000246987	
10.3817	0.000246987	
10.382	0.000246987	
10.3823	0.000246987	
10.3826	0.000246987	
10.3829	0.000246614	
10.3832	0.000246614	
10.3835	0.000246614	
10.3838	0.000246614	
10.3841	0.000246614	
10.3844	0.000246614	
10.3847	0.000246614	
10.385	0.000246614	
10.3853	0.000246614	
10.3856	0.000246614	
10.3859	0.000246242	
10.3862	0.000246242	
10.3865	0.000246242	
10.3869	0.000246242	
10.3872	0.000246242	
10.3875	0.000246242	
10.3878	0.000246242	
10.3881	0.000246242	
10.3884	0.000246242	
10.3887	0.000246242	
10.389	0.000245869	
10.3893	0.000245869	
10.3896	0.000245869	
10.3899	0.000245869	
10.3902	0.000245869	
10.3905	0.000245869	
10.3908	0.000245869	
10.3911	0.000245869	
10.3914	0.000245869	
10.3917	0.000245869	
10.392	0.000245497	
10.3924	0.000245497	
10.3927	0.000245497	
10.393	0.000245497	
10.3933	0.000245497	
10.3936	0.000245497	
10.3939	0.000245497	
10.3942	0.000245497	
10.3945	0.000245497	
10.3948	0.000245497	
10.3951	0.000245124	
10.3954	0.000245124	
10.3957	0.000245124	
10.396	0.000245124	
10.3963	0.000245124	
10.3966	0.000245124	
10.3969	0.000245124	
10.3972	0.000245124	
10.3975	0.000245124	
10.3979	0.000245124	
10.3982	0.000244752	
10.3985	0.000244752	
10.3988	0.000244752	
10.3991	0.000244752	
10.3994	0.000244752	
10.3997	0.000244752	
10.4	0.000244752	
10.4003	0.000244752	
10.4006	0.000244752	
10.4009	0.000244752	
10.4012	0.000244379	
10.4015	0.000244379	
10.4018	0.000244379	
10.4021	0.000244379	
10.4024	0.000244379	
10.4027	0.000244379	
10.4031	0.000244379	
10.4034	0.000244379	
10.4037	0.000244379	
10.404	0.000244379	
10.4043	0.000244379	
10.4046	0.000244007	
10.4049	0.000244007	
10.4052	0.000244007	
10.4055	0.000244007	
10.4058	0.000244007	
10.4061	0.000244007	
10.4064	0.000244007	
10.4067	0.000244007	
10.407	0.000244007	
10.4073	0.000244007	
10.4076	0.000243634	
10.4079	0.000243634	
10.4082	0.000243634	
10.4086	0.000243634	
10.4089	0.000243634	
10.4092	0.000243634	
10.4095	0.000243634	
10.4098	0.000243634	
10.4101	0.000243634	
10.4104	0.000243634	
10.4107	0.000243261	
10.411	0.000243261	
10.4113	0.000243261	
10.4116	0.000243261	
10.4119	0.000243261	
10.4122	0.000243261	
10.4125	0.000243261	
10.4128	0.000243261	
10.4131	0.000243261	
10.4134	0.000243261	
10.4137	0.000243261	
10.4141	0.000242889	
10.4144	0.000242889	
10.4147	0.000242889	
10.415	0.000242889	
10.4153	0.000242889	
10.4156	0.000242889	
10.4159	0.000242889	
10.4162	0.000242889	
10.4165	0.000242889	
10.4168	0.000242889	
10.4171	0.000242516	
10.4174	0.000242516	
10.4177	0.000242516	
10.418	0.000242516	
10.4183	0.000242516	
10.4186	0.000242516	
10.4189	0.000242516	
10.4192	0.000242516	
10.4196	0.000242516	
10.4199	0.000242516	
10.4202	0.000242516	
10.4205	0.000242144	
10.4208	0.000242144	
10.4211	0.000242144	
10.4214	0.000242144	
10.4217	0.000242144	
10.422	0.000242144	
10.4223	0.000242144	
10.4226	0.000242144	
10.4229	0.000242144	
10.4232	0.000242144	
10.4235	0.000242144	
10.4238	0.000241771	
10.4241	0.000241771	
10.4244	0.000241771	
10.4247	0.000241771	
10.4251	0.000241771	
10.4254	0.000241771	
10.4257	0.000241771	
10.426	0.000241771	
10.4263	0.000241771	
10.4266	0.000241771	
10.4269	0.000241399	
10.4272	0.000241399	
10.4275	0.000241399	
10.4278	0.000241399	
10.4281	0.000241399	
10.4284	0.000241399	
10.4287	0.000241399	
10.429	0.000241399	
10.4293	0.000241399	
10.4296	0.000241399	
10.4299	0.000241399	
10.4302	0.000241026	
10.4306	0.000241026	
10.4309	0.000241026	
10.4312	0.000241026	
10.4315	0.000241026	
10.4318	0.000241026	
10.4321	0.000241026	
10.4324	0.000241026	
10.4327	0.000241026	
10.433	0.000241026	
10.4333	0.000241026	
10.4336	0.000240654	
10.4339	0.000240654	
10.4342	0.000240654	
10.4345	0.000240654	
10.4348	0.000240654	
10.4351	0.000240654	
10.4354	0.000240654	
10.4357	0.000240654	
10.4361	0.000240654	
10.4364	0.000240654	
10.4367	0.000240654	
10.437	0.000240281	
10.4373	0.000240281	
10.4376	0.000240281	
10.4379	0.000240281	
10.4382	0.000240281	
10.4385	0.000240281	
10.4388	0.000240281	
10.4391	0.000240281	
10.4394	0.000240281	
10.4397	0.000240281	
10.44	0.000240281	
10.4403	0.000239909	
10.4406	0.000239909	
10.4409	0.000239909	
10.4412	0.000239909	
10.4416	0.000239909	
10.4419	0.000239909	
10.4422	0.000239909	
10.4425	0.000239909	
10.4428	0.000239909	
10.4431	0.000239909	
10.4434	0.000239909	
10.4437	0.000239536	
10.444	0.000239536	
10.4443	0.000239536	
10.4446	0.000239536	
10.4449	0.000239536	
10.4452	0.000239536	
10.4455	0.000239536	
10.4458	0.000239536	
10.4461	0.000239536	
10.4464	0.000239536	
10.4467	0.000239536	
10.4471	0.000239164	
10.4474	0.000239164	
10.4477	0.000239164	
10.448	0.000239164	
10.4483	0.000239164	
10.4486	0.000239164	
10.4489	0.000239164	
10.4492	0.000239164	
10.4495	0.000239164	
10.4498	0.000239164	
10.4501	0.000239164	
10.4504	0.000238791	
10.4507	0.000238791	
10.451	0.000238791	
10.4513	0.000238791	
10.4516	0.000238791	
10.4519	0.000238791	
10.4522	0.000238791	
10.4526	0.000238791	
10.4529	0.000238791	
10.4532	0.000238791	
10.4535	0.000238791	
10.4538	0.000238419	
10.4541	0.000238419	
10.4544	0.000238419	
10.4547	0.000238419	
10.455	0.000238419	
10.4553	0.000238419	
10.4556	0.000238419	
10.4559	0.000238419	
10.4562	0.000238419	
10.4565	0.000238419	
10.4568	0.000238419	
10.4571	0.000238046	
10.4574	0.000238046	
10.4577	0.000238046	
10.4581	0.000238046	
10.4584	0.000238046	
10.4587	0.000238046	
10.459	0.000238046	
10.4593	0.000238046	
10.4596	0.000238046	
10.4599	0.000238046	
10.4602	0.000238046	
10.4605	0.000237674	
10.4608	0.000237674	
10.4611	0.000237674	
10.4614	0.000237674	
10.4617	0.000237674	
10.462	0.000237674	
10.4623	0.000237674	
10.4626	0.000237674	
10.4629	0.000237674	
10.4632	0.000237674	
10.4636	0.000237674	
10.4639	0.000237674	
10.4642	0.000237301	
10.4645	0.000237301	
10.4648	0.000237301	
10.4651	0.000237301	
10.4654	0.000237301	
10.4657	0.000237301	
10.466	0.000237301	
10.4663	0.000237301	
10.4666	0.000237301	
10.4669	0.000237301	
10.4672	0.000237301	
10.4675	0.000236928	
10.4678	0.000236928	
10.4681	0.000236928	
10.4684	0.000236928	
10.4687	0.000236928	
10.4691	0.000236928	
10.4694	0.000236928	
10.4697	0.000236928	
10.47	0.000236928	
10.4703	0.000236928	
10.4706	0.000236928	
10.4709	0.000236556	
10.4712	0.000236556	
10.4715	0.000236556	
10.4718	0.000236556	
10.4721	0.000236556	
10.4724	0.000236556	
10.4727	0.000236556	
10.473	0.000236556	
10.4733	0.000236556	
10.4736	0.000236556	
10.4739	0.000236556	
10.4742	0.000236556	
10.4746	0.000236183	
10.4749	0.000236183	
10.4752	0.000236183	
10.4755	0.000236183	
10.4758	0.000236183	
10.4761	0.000236183	
10.4764	0.000236183	
10.4767	0.000236183	
10.477	0.000236183	
10.4773	0.000236183	
10.4776	0.000236183	
10.4779	0.000235811	
10.4782	0.000235811	
10.4785	0.000235811	
10.4788	0.000235811	
10.4791	0.000235811	
10.4794	0.000235811	
10.4797	0.000235811	
10.4801	0.000235811	
10.4804	0.000235811	
10.4807	0.000235811	
10.481	0.000235811	
10.4813	0.000235811	
10.4816	0.000235438	
10.4819	0.000235438	
10.4822	0.000235438	
10.4825	0.000235438	
10.4828	0.000235438	
10.4831	0.000235438	
10.4834	0.000235438	
10.4837	0.000235438	
10.484	0.000235438	
10.4843	0.000235438	
10.4846	0.000235438	
10.4849	0.000235066	
10.4852	0.000235066	
10.4856	0.000235066	
10.4859	0.000235066	
10.4862	0.000235066	
10.4865	0.000235066	
10.4868	0.000235066	
10.4871	0.000235066	
10.4874	0.000235066	
10.4877	0.000235066	
10.488	0.000235066	
10.4883	0.000235066	
10.4886	0.000234693	
10.4889	0.000234693	
10.4892	0.000234693	
10.4895	0.000234693	
10.4898	0.000234693	
10.4901	0.000234693	
10.4904	0.000234693	
10.4907	0.000234693	
10.4911	0.000234693	
10.4914	0.000234693	
10.4917	0.000234693	
10.492	0.000234693	
10.4923	0.000234321	
10.4926	0.000234321	
10.4929	0.000234321	
10.4932	0.000234321	
10.4935	0.000234321	
10.4938	0.000234321	
10.4941	0.000234321	
10.4944	0.000234321	
10.4947	0.000234321	
10.495	0.000234321	
10.4953	0.000234321	
10.4956	0.000233948	
10.4959	0.000233948	
10.4962	0.000233948	
10.4966	0.000233948	
10.4969	0.000233948	
10.4972	0.000233948	
10.4975	0.000233948	
10.4978	0.000233948	
10.4981	0.000233948	
10.4984	0.000233948	
10.4987	0.000233948	
10.499	0.000233948	
10.4993	0.000233576	
10.4996	0.000233576	
10.4999	0.000233576	
10.5002	0.000233576	
10.5005	0.000233576	
10.5008	0.000233576	
10.5011	0.000233576	
10.5014	0.000233576	
10.5017	0.000233576	
10.5021	0.000233576	
10.5024	0.000233576	
10.5027	0.000233576	
10.503	0.000233203	
10.5033	0.000233203	
10.5036	0.000233203	
10.5039	0.000233203	
10.5042	0.000233203	
10.5045	0.000233203	
10.5048	0.000233203	
10.5051	0.000233203	
10.5054	0.000233203	
10.5057	0.000233203	
10.506	0.000233203	
10.5063	0.000233203	
10.5066	0.000232831	
10.5069	0.000232831	
10.5072	0.000232831	
10.5076	0.000232831	
10.5079	0.000232831	
10.5082	0.000232831	
10.5085	0.000232831	
10.5088	0.000232831	
10.5091	0.000232831	
10.5094	0.000232831	
10.5097	0.000232831	
10.51	0.000232831	
10.5103	0.000232458	
10.5106	0.000232458	
10.5109	0.000232458	
10.5112	0.000232458	
10.5115	0.000232458	
10.5118	0.000232458	
10.5121	0.000232458	
10.5124	0.000232458	
10.5127	0.000232458	
10.5131	0.000232458	
10.5134	0.000232458	
10.5137	0.000232086	
10.514	0.000232086	
10.5143	0.000232086	
10.5146	0.000232086	
10.5149	0.000232086	
10.5152	0.000232086	
10.5155	0.000232086	
10.5158	0.000232086	
10.5161	0.000232086	
10.5164	0.000232086	
10.5167	0.000232086	
10.517	0.000232086	
10.5173	0.000231713	
10.5176	0.000231713	
10.5179	0.000231713	
10.5182	0.000231713	
10.5186	0.000231713	
10.5189	0.000231713	
10.5192	0.000231713	
10.5195	0.000231713	
10.5198	0.000231713	
10.5201	0.000231713	
10.5204	0.000231713	
10.5207	0.000231713	
10.521	0.000231341	
10.5213	0.000231341	
10.5216	0.000231341	
10.5219	0.000231341	
10.5222	0.000231341	
10.5225	0.000231341	
10.5228	0.000231341	
10.5231	0.000231341	
10.5234	0.000231341	
10.5237	0.000231341	
10.5241	0.000231341	
10.5244	0.000231341	
10.5247	0.000230968	
10.525	0.000230968	
10.5253	0.000230968	
10.5256	0.000230968	
10.5259	0.000230968	
10.5262	0.000230968	
10.5265	0.000230968	
10.5268	0.000230968	
10.5271	0.000230968	
10.5274	0.000230968	
10.5277	0.000230968	
10.528	0.000230968	
10.5283	0.000230595	
10.5286	0.000230595	
10.5289	0.000230595	
10.5292	0.000230595	
10.5296	0.000230595	
10.5299	0.000230595	
10.5302	0.000230595	
10.5305	0.000230595	
10.5308	0.000230595	
10.5311	0.000230595	
10.5314	0.000230595	
10.5317	0.000230595	
10.532	0.000230595	
10.5323	0.000230223	
10.5326	0.000230223	
10.5329	0.000230223	
10.5332	0.000230223	
10.5335	0.000230223	
10.5338	0.000230223	
10.5341	0.000230223	
10.5344	0.000230223	
10.5347	0.000230223	
10.5351	0.000230223	
10.5354	0.000230223	
10.5357	0.000230223	
10.536	0.00022985	
10.5363	0.00022985	
10.5366	0.00022985	
10.5369	0.00022985	
10.5372	0.00022985	
10.5375	0.00022985	
10.5378	0.00022985	
10.5381	0.00022985	
10.5384	0.00022985	
10.5387	0.00022985	
10.539	0.00022985	
10.5393	0.00022985	
10.5396	0.000229478	
10.5399	0.000229478	
10.5402	0.000229478	
10.5406	0.000229478	
10.5409	0.000229478	
10.5412	0.000229478	
10.5415	0.000229478	
10.5418	0.000229478	
10.5421	0.000229478	
10.5424	0.000229478	
10.5427	0.000229478	
10.543	0.000229478	
10.5433	0.000229105	
10.5436	0.000229105	
10.5439	0.000229105	
10.5442	0.000229105	
10.5445	0.000229105	
10.5448	0.000229105	
10.5451	0.000229105	
10.5454	0.000229105	
10.5457	0.000229105	
10.5461	0.000229105	
10.5464	0.000229105	
10.5467	0.000229105	
10.547	0.000228733	
10.5473	0.000228733	
10.5476	0.000228733	
10.5479	0.000228733	
10.5482	0.000228733	
10.5485	0.000228733	
10.5488	0.000228733	
10.5491	0.000228733	
10.5494	0.000228733	
10.5497	0.000228733	
10.55	0.000228733	
10.5503	0.000228733	
10.5506	0.000228733	
10.5509	0.00022836	
10.5512	0.00022836	
10.5516	0.00022836	
10.5519	0.00022836	
10.5522	0.00022836	
10.5525	0.00022836	
10.5528	0.00022836	
10.5531	0.00022836	
10.5534	0.00022836	
10.5537	0.00022836	
10.554	0.00022836	
10.5543	0.00022836	
10.5546	0.000227988	
10.5549	0.000227988	
10.5552	0.000227988	
10.5555	0.000227988	
10.5558	0.000227988	
10.5561	0.000227988	
10.5564	0.000227988	
10.5567	0.000227988	
10.5571	0.000227988	
10.5574	0.000227988	
10.5577	0.000227988	
10.558	0.000227988	
10.5583	0.000227615	
10.5586	0.000227615	
10.5589	0.000227615	
10.5592	0.000227615	
10.5595	0.000227615	
10.5598	0.000227615	
10.5601	0.000227615	
10.5604	0.000227615	
10.5607	0.000227615	
10.561	0.000227615	
10.5613	0.000227615	
10.5616	0.000227615	
10.5619	0.000227615	
10.5622	0.000227243	
10.5626	0.000227243	
10.5629	0.000227243	
10.5632	0.000227243	
10.5635	0.000227243	
10.5638	0.000227243	
10.5641	0.000227243	
10.5644	0.000227243	
10.5647	0.000227243	
10.565	0.000227243	
10.5653	0.000227243	
10.5656	0.000227243	
10.5659	0.00022687	
10.5662	0.00022687	
10.5665	0.00022687	
10.5668	0.00022687	
10.5671	0.00022687	
10.5674	0.00022687	
10.5677	0.00022687	
10.5681	0.00022687	
10.5684	0.00022687	
10.5687	0.00022687	
10.569	0.00022687	
10.5693	0.00022687	
10.5696	0.00022687	
10.5699	0.000226498	
10.5702	0.000226498	
10.5705	0.000226498	
10.5708	0.000226498	
10.5711	0.000226498	
10.5714	0.000226498	
10.5717	0.000226498	
10.572	0.000226498	
10.5723	0.000226498	
10.5726	0.000226498	
10.5729	0.000226498	
10.5733	0.000226498	
10.5736	0.000226125	
10.5739	0.000226125	
10.5742	0.000226125	
10.5745	0.000226125	
10.5748	0.000226125	
10.5751	0.000226125	
10.5754	0.000226125	
10.5757	0.000226125	
10.576	0.000226125	
10.5763	0.000226125	
10.5766	0.000226125	
10.5769	0.000226125	
10.5772	0.000226125	
10.5775	0.000225753	
10.5778	0.000225753	
10.5781	0.000225753	
10.5784	0.000225753	
10.5788	0.000225753	
10.5791	0.000225753	
10.5794	0.000225753	
10.5797	0.000225753	
10.58	0.000225753	
10.5803	0.000225753	
10.5806	0.000225753	
10.5809	0.000225753	
10.5812	0.00022538	
10.5815	0.00022538	
10.5818	0.00022538	
10.5821	0.00022538	
10.5824	0.00022538	
10.5827	0.00022538	
10.583	0.00022538	
10.5833	0.00022538	
10.5836	0.00022538	
10.5839	0.00022538	
10.5843	0.00022538	
10.5846	0.00022538	
10.5849	0.00022538	
10.5852	0.000225008	
10.5855	0.000225008	
10.5858	0.000225008	
10.5861	0.000225008	
10.5864	0.000225008	
10.5867	0.000225008	
10.587	0.000225008	
10.5873	0.000225008	
10.5876	0.000225008	
10.5879	0.000225008	
10.5882	0.000225008	
10.5885	0.000225008	
10.5888	0.000225008	
10.5891	0.000224635	
10.5894	0.000224635	
10.5898	0.000224635	
10.5901	0.000224635	
10.5904	0.000224635	
10.5907	0.000224635	
10.591	0.000224635	
10.5913	0.000224635	
10.5916	0.000224635	
10.5919	0.000224635	
10.5922	0.000224635	
10.5925	0.000224635	
10.5928	0.000224262	
10.5931	0.000224262	
10.5934	0.000224262	
10.5937	0.000224262	
10.594	0.000224262	
10.5943	0.000224262	
10.5946	0.000224262	
10.5949	0.000224262	
10.5953	0.000224262	
10.5956	0.000224262	
10.5959	0.000224262	
10.5962	0.000224262	
10.5965	0.000224262	
10.5968	0.00022389	
10.5971	0.00022389	
10.5974	0.00022389	
10.5977	0.00022389	
10.598	0.00022389	
10.5983	0.00022389	
10.5986	0.00022389	
10.5989	0.00022389	
10.5992	0.00022389	
10.5995	0.00022389	
10.5998	0.00022389	
10.6001	0.00022389	
10.6004	0.00022389	
10.6008	0.000223517	
10.6011	0.000223517	
10.6014	0.000223517	
10.6017	0.000223517	
10.602	0.000223517	
10.6023	0.000223517	
10.6026	0.000223517	
10.6029	0.000223517	
10.6032	0.000223517	
10.6035	0.000223517	
10.6038	0.000223517	
10.6041	0.000223517	
10.6044	0.000223517	
10.6047	0.000223145	
10.605	0.000223145	
10.6053	0.000223145	
10.6056	0.000223145	
10.6059	0.000223145	
10.6063	0.000223145	
10.6066	0.000223145	
10.6069	0.000223145	
10.6072	0.000223145	
10.6075	0.000223145	
10.6078	0.000223145	
10.6081	0.000223145	
10.6084	0.000223145	
10.6087	0.000222772	
10.609	0.000222772	
10.6093	0.000222772	
10.6096	0.000222772	
10.6099	0.000222772	
10.6102	0.000222772	
10.6105	0.000222772	
10.6108	0.000222772	
10.6111	0.000222772	
10.6114	0.000222772	
10.6118	0.000222772	
10.6121	0.000222772	
10.6124	0.000222772	
10.6127	0.0002224	
10.613	0.0002224	
10.6133	0.0002224	
10.6136	0.0002224	
10.6139	0.0002224	
10.6142	0.0002224	
10.6145	0.0002224	
10.6148	0.0002224	
10.6151	0.0002224	
10.6154	0.0002224	
10.6157	0.0002224	
10.616	0.0002224	
10.6163	0.0002224	
10.6166	0.000222027	
10.6169	0.000222027	
10.6173	0.000222027	
10.6176	0.000222027	
10.6179	0.000222027	
10.6182	0.000222027	
10.6185	0.000222027	
10.6188	0.000222027	
10.6191	0.000222027	
10.6194	0.000222027	
10.6197	0.000222027	
10.62	0.000222027	
10.6203	0.000222027	
10.6206	0.000221655	
10.6209	0.000221655	
10.6212	0.000221655	
10.6215	0.000221655	
10.6218	0.000221655	
10.6221	0.000221655	
10.6224	0.000221655	
10.6228	0.000221655	
10.6231	0.000221655	
10.6234	0.000221655	
10.6237	0.000221655	
10.624	0.000221655	
10.6243	0.000221655	
10.6246	0.000221282	
10.6249	0.000221282	
10.6252	0.000221282	
10.6255	0.000221282	
10.6258	0.000221282	
10.6261	0.000221282	
10.6264	0.000221282	
10.6267	0.000221282	
10.627	0.000221282	
10.6273	0.000221282	
10.6276	0.000221282	
10.6279	0.000221282	
10.6283	0.000221282	
10.6286	0.00022091	
10.6289	0.00022091	
10.6292	0.00022091	
10.6295	0.00022091	
10.6298	0.00022091	
10.6301	0.00022091	
10.6304	0.00022091	
10.6307	0.00022091	
10.631	0.00022091	
10.6313	0.00022091	
10.6316	0.00022091	
10.6319	0.00022091	
10.6322	0.00022091	
10.6325	0.000220537	
10.6328	0.000220537	
10.6331	0.000220537	
10.6334	0.000220537	
10.6338	0.000220537	
10.6341	0.000220537	
10.6344	0.000220537	
10.6347	0.000220537	
10.635	0.000220537	
10.6353	0.000220537	
10.6356	0.000220537	
10.6359	0.000220537	
10.6362	0.000220537	
10.6365	0.000220165	
10.6368	0.000220165	
10.6371	0.000220165	
10.6374	0.000220165	
10.6377	0.000220165	
10.638	0.000220165	
10.6383	0.000220165	
10.6386	0.000220165	
10.6389	0.000220165	
10.6393	0.000220165	
10.6396	0.000220165	
10.6399	0.000220165	
10.6402	0.000220165	
10.6405	0.000219792	
10.6408	0.000219792	
10.6411	0.000219792	
10.6414	0.000219792	
10.6417	0.000219792	
10.642	0.000219792	
10.6423	0.000219792	
10.6426	0.000219792	
10.6429	0.000219792	
10.6432	0.000219792	
10.6435	0.000219792	
10.6438	0.000219792	
10.6441	0.000219792	
10.6444	0.000219792	
10.6448	0.00021942	
10.6451	0.00021942	
10.6454	0.00021942	
10.6457	0.00021942	
10.646	0.00021942	
10.6463	0.00021942	
10.6466	0.00021942	
10.6469	0.00021942	
10.6472	0.00021942	
10.6475	0.00021942	
10.6478	0.00021942	
10.6481	0.00021942	
10.6484	0.00021942	
10.6487	0.000219047	
10.649	0.000219047	
10.6493	0.000219047	
10.6496	0.000219047	
10.6499	0.000219047	
10.6503	0.000219047	
10.6506	0.000219047	
10.6509	0.000219047	
10.6512	0.000219047	
10.6515	0.000219047	
10.6518	0.000219047	
10.6521	0.000219047	
10.6524	0.000219047	
10.6527	0.000218675	
10.653	0.000218675	
10.6533	0.000218675	
10.6536	0.000218675	
10.6539	0.000218675	
10.6542	0.000218675	
10.6545	0.000218675	
10.6548	0.000218675	
10.6551	0.000218675	
10.6554	0.000218675	
10.6558	0.000218675	
10.6561	0.000218675	
10.6564	0.000218675	
10.6567	0.000218675	
10.657	0.000218302	
10.6573	0.000218302	
10.6576	0.000218302	
10.6579	0.000218302	
10.6582	0.000218302	
10.6585	0.000218302	
10.6588	0.000218302	
10.6591	0.000218302	
10.6594	0.000218302	
10.6597	0.000218302	
10.66	0.000218302	
10.6603	0.000218302	
10.6606	0.000218302	
10.6609	0.000217929	
10.6613	0.000217929	
10.6616	0.000217929	
10.6619	0.000217929	
10.6622	0.000217929	
10.6625	0.000217929	
10.6628	0.000217929	
10.6631	0.000217929	
10.6634	0.000217929	
10.6637	0.000217929	
10.664	0.000217929	
10.6643	0.000217929	
10.6646	0.000217929	
10.6649	0.000217557	
10.6652	0.000217557	
10.6655	0.000217557	
10.6658	0.000217557	
10.6661	0.000217557	
10.6664	0.000217557	
10.6668	0.000217557	
10.6671	0.000217557	
10.6674	0.000217557	
10.6677	0.000217557	
10.668	0.000217557	
10.6683	0.000217557	
10.6686	0.000217557	
10.6689	0.000217557	
10.6692	0.000217184	
10.6695	0.000217184	
10.6698	0.000217184	
10.6701	0.000217184	
10.6704	0.000217184	
10.6707	0.000217184	
10.671	0.000217184	
10.6713	0.000217184	
10.6716	0.000217184	
10.6719	0.000217184	
10.6723	0.000217184	
10.6726	0.000217184	
10.6729	0.000217184	
10.6732	0.000216812	
10.6735	0.000216812	
10.6738	0.000216812	
10.6741	0.000216812	
10.6744	0.000216812	
10.6747	0.000216812	
10.675	0.000216812	
10.6753	0.000216812	
10.6756	0.000216812	
10.6759	0.000216812	
10.6762	0.000216812	
10.6765	0.000216812	
10.6768	0.000216812	
10.6771	0.000216812	
10.6774	0.000216439	
10.6778	0.000216439	
10.6781	0.000216439	
10.6784	0.000216439	
10.6787	0.000216439	
10.679	0.000216439	
10.6793	0.000216439	
10.6796	0.000216439	
10.6799	0.000216439	
10.6802	0.000216439	
10.6805	0.000216439	
10.6808	0.000216439	
10.6811	0.000216439	
10.6814	0.000216439	
10.6817	0.000216067	
10.682	0.000216067	
10.6823	0.000216067	
10.6826	0.000216067	
10.6829	0.000216067	
10.6833	0.000216067	
10.6836	0.000216067	
10.6839	0.000216067	
10.6842	0.000216067	
10.6845	0.000216067	
10.6848	0.000216067	
10.6851	0.000216067	
10.6854	0.000216067	
10.6857	0.000215694	
10.686	0.000215694	
10.6863	0.000215694	
10.6866	0.000215694	
10.6869	0.000215694	
10.6872	0.000215694	
10.6875	0.000215694	
10.6878	0.000215694	
10.6881	0.000215694	
10.6884	0.000215694	
10.6888	0.000215694	
10.6891	0.000215694	
10.6894	0.000215694	
10.6897	0.000215694	
10.69	0.000215322	
10.6903	0.000215322	
10.6906	0.000215322	
10.6909	0.000215322	
10.6912	0.000215322	
10.6915	0.000215322	
10.6918	0.000215322	
10.6921	0.000215322	
10.6924	0.000215322	
10.6927	0.000215322	
10.693	0.000215322	
10.6933	0.000215322	
10.6936	0.000215322	
10.6939	0.000214949	
10.6943	0.000214949	
10.6946	0.000214949	
10.6949	0.000214949	
10.6952	0.000214949	
10.6955	0.000214949	
10.6958	0.000214949	
10.6961	0.000214949	
10.6964	0.000214949	
10.6967	0.000214949	
10.697	0.000214949	
10.6973	0.000214949	
10.6976	0.000214949	
10.6979	0.000214949	
10.6982	0.000214577	
10.6985	0.000214577	
10.6988	0.000214577	
10.6991	0.000214577	
10.6994	0.000214577	
10.6998	0.000214577	
10.7001	0.000214577	
10.7004	0.000214577	
10.7007	0.000214577	
10.701	0.000214577	
10.7013	0.000214577	
10.7016	0.000214577	
10.7019	0.000214577	
10.7022	0.000214577	
10.7025	0.000214204	
10.7028	0.000214204	
10.7031	0.000214204	
10.7034	0.000214204	
10.7037	0.000214204	
10.704	0.000214204	
10.7043	0.000214204	
10.7046	0.000214204	
10.7049	0.000214204	
10.7053	0.000214204	
10.7056	0.000214204	
10.7059	0.000214204	
10.7062	0.000214204	
10.7065	0.000214204	
10.7068	0.000213832	
10.7071	0.000213832	
10.7074	0.000213832	
10.7077	0.000213832	
10.708	0.000213832	
10.7083	0.000213832	
10.7086	0.000213832	
10.7089	0.000213832	
10.7092	0.000213832	
10.7095	0.000213832	
10.7098	0.000213832	
10.7101	0.000213832	
10.7104	0.000213832	
10.7108	0.000213832	
10.7111	0.000213459	
10.7114	0.000213459	
10.7117	0.000213459	
10.712	0.000213459	
10.7123	0.000213459	
10.7126	0.000213459	
10.7129	0.000213459	
10.7132	0.000213459	
10.7135	0.000213459	
10.7138	0.000213459	
10.7141	0.000213459	
10.7144	0.000213459	
10.7147	0.000213459	
10.715	0.000213459	
10.7153	0.000213087	
10.7156	0.000213087	
10.7159	0.000213087	
10.7163	0.000213087	
10.7166	0.000213087	
10.7169	0.000213087	
10.7172	0.000213087	
10.7175	0.000213087	
10.7178	0.000213087	
10.7181	0.000213087	
10.7184	0.000213087	
10.7187	0.000213087	
10.719	0.000213087	
10.7193	0.000213087	
10.7196	0.000212714	
10.7199	0.000212714	
10.7202	0.000212714	
10.7205	0.000212714	
10.7208	0.000212714	
10.7211	0.000212714	
10.7214	0.000212714	
10.7218	0.000212714	
10.7221	0.000212714	
10.7224	0.000212714	
10.7227	0.000212714	
10.723	0.000212714	
10.7233	0.000212714	
10.7236	0.000212714	
10.7239	0.000212342	
10.7242	0.000212342	
10.7245	0.000212342	
10.7248	0.000212342	
10.7251	0.000212342	
10.7254	0.000212342	
10.7257	0.000212342	
10.726	0.000212342	
10.7263	0.000212342	
10.7266	0.000212342	
10.7269	0.000212342	
10.7273	0.000212342	
10.7276	0.000212342	
10.7279	0.000212342	
10.7282	0.000211969	
10.7285	0.000211969	
10.7288	0.000211969	
10.7291	0.000211969	
10.7294	0.000211969	
10.7297	0.000211969	
10.73	0.000211969	
10.7303	0.000211969	
10.7306	0.000211969	
10.7309	0.000211969	
10.7312	0.000211969	
10.7315	0.000211969	
10.7318	0.000211969	
10.7321	0.000211969	
10.7324	0.000211596	
10.7328	0.000211596	
10.7331	0.000211596	
10.7334	0.000211596	
10.7337	0.000211596	
10.734	0.000211596	
10.7343	0.000211596	
10.7346	0.000211596	
10.7349	0.000211596	
10.7352	0.000211596	
10.7355	0.000211596	
10.7358	0.000211596	
10.7361	0.000211596	
10.7364	0.000211596	
10.7367	0.000211224	
10.737	0.000211224	
10.7373	0.000211224	
10.7376	0.000211224	
10.7379	0.000211224	
10.7383	0.000211224	
10.7386	0.000211224	
10.7389	0.000211224	
10.7392	0.000211224	
10.7395	0.000211224	
10.7398	0.000211224	
10.7401	0.000211224	
10.7404	0.000211224	
10.7407	0.000211224	
10.741	0.000210851	
10.7413	0.000210851	
10.7416	0.000210851	
10.7419	0.000210851	
10.7422	0.000210851	
10.7425	0.000210851	
10.7428	0.000210851	
10.7431	0.000210851	
10.7435	0.000210851	
10.7438	0.000210851	
10.7441	0.000210851	
10.7444	0.000210851	
10.7447	0.000210851	
10.745	0.000210851	
10.7453	0.000210479	
10.7456	0.000210479	
10.7459	0.000210479	
10.7462	0.000210479	
10.7465	0.000210479	
10.7468	0.000210479	
10.7471	0.000210479	
10.7474	0.000210479	
10.7477	0.000210479	
10.748	0.000210479	
10.7483	0.000210479	
10.7486	0.000210479	
10.749	0.000210479	
10.7493	0.000210479	
10.7496	0.000210106	
10.7499	0.000210106	
10.7502	0.000210106	
10.7505	0.000210106	
10.7508	0.000210106	
10.7511	0.000210106	
10.7514	0.000210106	
10.7517	0.000210106	
10.752	0.000210106	
10.7523	0.000210106	
10.7526	0.000210106	
10.7529	0.000210106	
10.7532	0.000210106	
10.7535	0.000210106	
10.7538	0.000210106	
10.7541	0.000209734	
10.7545	0.000209734	
10.7548	0.000209734	
10.7551	0.000209734	
10.7554	0.000209734	
10.7557	0.000209734	
10.756	0.000209734	
10.7563	0.000209734	
10.7566	0.000209734	
10.7569	0.000209734	
10.7572	0.000209734	
10.7575	0.000209734	
10.7578	0.000209734	
10.7581	0.000209734	
10.7584	0.000209361	
10.7587	0.000209361	
10.759	0.000209361	
10.7593	0.000209361	
10.7596	0.000209361	
10.76	0.000209361	
10.7603	0.000209361	
10.7606	0.000209361	
10.7609	0.000209361	
10.7612	0.000209361	
10.7615	0.000209361	
10.7618	0.000209361	
10.7621	0.000209361	
10.7624	0.000209361	
10.7627	0.000209361	
10.763	0.000208989	
10.7633	0.000208989	
10.7636	0.000208989	
10.7639	0.000208989	
10.7642	0.000208989	
10.7645	0.000208989	
10.7648	0.000208989	
10.7651	0.000208989	
10.7655	0.000208989	
10.7658	0.000208989	
10.7661	0.000208989	
10.7664	0.000208989	
10.7667	0.000208989	
10.767	0.000208989	
10.7673	0.000208616	
10.7676	0.000208616	
10.7679	0.000208616	
10.7682	0.000208616	
10.7685	0.000208616	
10.7688	0.000208616	
10.7691	0.000208616	
10.7694	0.000208616	
10.7697	0.000208616	
10.77	0.000208616	
10.7703	0.000208616	
10.7706	0.000208616	
10.771	0.000208616	
10.7713	0.000208616	
10.7716	0.000208244	
10.7719	0.000208244	
10.7722	0.000208244	
10.7725	0.000208244	
10.7728	0.000208244	
10.7731	0.000208244	
10.7734	0.000208244	
10.7737	0.000208244	
10.774	0.000208244	
10.7743	0.000208244	
10.7746	0.000208244	
10.7749	0.000208244	
10.7752	0.000208244	
10.7755	0.000208244	
10.7758	0.000208244	
10.7761	0.000207871	
10.7765	0.000207871	
10.7768	0.000207871	
10.7771	0.000207871	
10.7774	0.000207871	
10.7777	0.000207871	
10.778	0.000207871	
10.7783	0.000207871	
10.7786	0.000207871	
10.7789	0.000207871	
10.7792	0.000207871	
10.7795	0.000207871	
10.7798	0.000207871	
10.7801	0.000207871	
10.7804	0.000207499	
10.7807	0.000207499	
10.781	0.000207499	
10.7813	0.000207499	
10.7816	0.000207499	
10.782	0.000207499	
10.7823	0.000207499	
10.7826	0.000207499	
10.7829	0.000207499	
10.7832	0.000207499	
10.7835	0.000207499	
10.7838	0.000207499	
10.7841	0.000207499	
10.7844	0.000207499	
10.7847	0.000207499	
10.785	0.000207126	
10.7853	0.000207126	
10.7856	0.000207126	
10.7859	0.000207126	
10.7862	0.000207126	
10.7865	0.000207126	
10.7868	0.000207126	
10.7871	0.000207126	
10.7875	0.000207126	
10.7878	0.000207126	
10.7881	0.000207126	
10.7884	0.000207126	
10.7887	0.000207126	
10.789	0.000207126	
10.7893	0.000207126	
10.7896	0.000206754	
10.7899	0.000206754	
10.7902	0.000206754	
10.7905	0.000206754	
10.7908	0.000206754	
10.7911	0.000206754	
10.7914	0.000206754	
10.7917	0.000206754	
10.792	0.000206754	
10.7923	0.000206754	
10.7926	0.000206754	
10.793	0.000206754	
10.7933	0.000206754	
10.7936	0.000206754	
10.7939	0.000206381	
10.7942	0.000206381	
10.7945	0.000206381	
10.7948	0.000206381	
10.7951	0.000206381	
10.7954	0.000206381	
10.7957	0.000206381	
10.796	0.000206381	
10.7963	0.000206381	
10.7966	0.000206381	
10.7969	0.000206381	
10.7972	0.000206381	
10.7975	0.000206381	
10.7978	0.000206381	
10.7981	0.000206381	
10.7985	0.000206009	
10.7988	0.000206009	
10.7991	0.000206009	
10.7994	0.000206009	
10.7997	0.000206009	
10.8	0.000206009	
10.8003	0.000206009	
10.8006	0.000206009	
10.8009	0.000206009	
10.8012	0.000206009	
10.8015	0.000206009	
10.8018	0.000206009	
10.8021	0.000206009	
10.8024	0.000206009	
10.8027	0.000206009	
10.803	0.000205636	
10.8033	0.000205636	
10.8036	0.000205636	
10.804	0.000205636	
10.8043	0.000205636	
10.8046	0.000205636	
10.8049	0.000205636	
10.8052	0.000205636	
10.8055	0.000205636	
10.8058	0.000205636	
10.8061	0.000205636	
10.8064	0.000205636	
10.8067	0.000205636	
10.807	0.000205636	
10.8073	0.000205636	
10.8076	0.000205263	
10.8079	0.000205263	
10.8082	0.000205263	
10.8085	0.000205263	
10.8088	0.000205263	
10.8091	0.000205263	
10.8095	0.000205263	
10.8098	0.000205263	
10.8101	0.000205263	
10.8104	0.000205263	
10.8107	0.000205263	
10.811	0.000205263	
10.8113	0.000205263	
10.8116	0.000205263	
10.8119	0.000205263	
10.8122	0.000204891	
10.8125	0.000204891	
10.8128	0.000204891	
10.8131	0.000204891	
10.8134	0.000204891	
10.8137	0.000204891	
10.814	0.000204891	
10.8143	0.000204891	
10.8146	0.000204891	
10.815	0.000204891	
10.8153	0.000204891	
10.8156	0.000204891	
10.8159	0.000204891	
10.8162	0.000204891	
10.8165	0.000204891	
10.8168	0.000204518	
10.8171	0.000204518	
10.8174	0.000204518	
10.8177	0.000204518	
10.818	0.000204518	
10.8183	0.000204518	
10.8186	0.000204518	
10.8189	0.000204518	
10.8192	0.000204518	
10.8195	0.000204518	
10.8198	0.000204518	
10.8201	0.000204518	
10.8205	0.000204518	
10.8208	0.000204518	
10.8211	0.000204146	
10.8214	0.000204146	
10.8217	0.000204146	
10.822	0.000204146	
10.8223	0.000204146	
10.8226	0.000204146	
10.8229	0.000204146	
10.8232	0.000204146	
10.8235	0.000204146	
10.8238	0.000204146	
10.8241	0.000204146	
10.8244	0.000204146	
10.8247	0.000204146	
10.825	0.000204146	
10.8253	0.000204146	
10.8256	0.000203773	
10.826	0.000203773	
10.8263	0.000203773	
10.8266	0.000203773	
10.8269	0.000203773	
10.8272	0.000203773	
10.8275	0.000203773	
10.8278	0.000203773	
10.8281	0.000203773	
10.8284	0.000203773	
10.8287	0.000203773	
10.829	0.000203773	
10.8293	0.000203773	
10.8296	0.000203773	
10.8299	0.000203773	
10.8302	0.000203401	
10.8305	0.000203401	
10.8308	0.000203401	
10.8311	0.000203401	
10.8315	0.000203401	
10.8318	0.000203401	
10.8321	0.000203401	
10.8324	0.000203401	
10.8327	0.000203401	
10.833	0.000203401	
10.8333	0.000203401	
10.8336	0.000203401	
10.8339	0.000203401	
10.8342	0.000203401	
10.8345	0.000203401	
10.8348	0.000203401	
10.8351	0.000203028	
10.8354	0.000203028	
10.8357	0.000203028	
10.836	0.000203028	
10.8363	0.000203028	
10.8366	0.000203028	
10.837	0.000203028	
10.8373	0.000203028	
10.8376	0.000203028	
10.8379	0.000203028	
10.8382	0.000203028	
10.8385	0.000203028	
10.8388	0.000203028	
10.8391	0.000203028	
10.8394	0.000203028	
10.8397	0.000202656	
10.84	0.000202656	
10.8403	0.000202656	
10.8406	0.000202656	
10.8409	0.000202656	
10.8412	0.000202656	
10.8415	0.000202656	
10.8418	0.000202656	
10.8421	0.000202656	
10.8425	0.000202656	
10.8428	0.000202656	
10.8431	0.000202656	
10.8434	0.000202656	
10.8437	0.000202656	
10.844	0.000202656	
10.8443	0.000202283	
10.8446	0.000202283	
10.8449	0.000202283	
10.8452	0.000202283	
10.8455	0.000202283	
10.8458	0.000202283	
10.8461	0.000202283	
10.8464	0.000202283	
10.8467	0.000202283	
10.847	0.000202283	
10.8473	0.000202283	
10.8476	0.000202283	
10.848	0.000202283	
10.8483	0.000202283	
10.8486	0.000202283	
10.8489	0.000201911	
10.8492	0.000201911	
10.8495	0.000201911	
10.8498	0.000201911	
10.8501	0.000201911	
10.8504	0.000201911	
10.8507	0.000201911	
10.851	0.000201911	
10.8513	0.000201911	
10.8516	0.000201911	
10.8519	0.000201911	
10.8522	0.000201911	
10.8525	0.000201911	
10.8528	0.000201911	
10.8531	0.000201911	
10.8535	0.000201538	
10.8538	0.000201538	
10.8541	0.000201538	
10.8544	0.000201538	
10.8547	0.000201538	
10.855	0.000201538	
10.8553	0.000201538	
10.8556	0.000201538	
10.8559	0.000201538	
10.8562	0.000201538	
10.8565	0.000201538	
10.8568	0.000201538	
10.8571	0.000201538	
10.8574	0.000201538	
10.8577	0.000201538	
10.858	0.000201538	
10.8583	0.000201166	
10.8586	0.000201166	
10.859	0.000201166	
10.8593	0.000201166	
10.8596	0.000201166	
10.8599	0.000201166	
10.8602	0.000201166	
10.8605	0.000201166	
10.8608	0.000201166	
10.8611	0.000201166	
10.8614	0.000201166	
10.8617	0.000201166	
10.862	0.000201166	
10.8623	0.000201166	
10.8626	0.000201166	
10.8629	0.000200793	
10.8632	0.000200793	
10.8635	0.000200793	
10.8638	0.000200793	
10.8641	0.000200793	
10.8645	0.000200793	
10.8648	0.000200793	
10.8651	0.000200793	
10.8654	0.000200793	
10.8657	0.000200793	
10.866	0.000200793	
10.8663	0.000200793	
10.8666	0.000200793	
10.8669	0.000200793	
10.8672	0.000200793	
10.8675	0.000200421	
10.8678	0.000200421	
10.8681	0.000200421	
10.8684	0.000200421	
10.8687	0.000200421	
10.869	0.000200421	
10.8693	0.000200421	
10.8696	0.000200421	
10.87	0.000200421	
10.8703	0.000200421	
10.8706	0.000200421	
10.8709	0.000200421	
10.8712	0.000200421	
10.8715	0.000200421	
10.8718	0.000200421	
10.8721	0.000200421	
10.8724	0.000200048	
10.8727	0.000200048	
10.873	0.000200048	
10.8733	0.000200048	
10.8736	0.000200048	
10.8739	0.000200048	
10.8742	0.000200048	
10.8745	0.000200048	
10.8748	0.000200048	
10.8751	0.000200048	
10.8755	0.000200048	
10.8758	0.000200048	
10.8761	0.000200048	
10.8764	0.000200048	
10.8767	0.000200048	
10.877	0.000199676	
10.8773	0.000199676	
10.8776	0.000199676	
10.8779	0.000199676	
10.8782	0.000199676	
10.8785	0.000199676	
10.8788	0.000199676	
10.8791	0.000199676	
10.8794	0.000199676	
10.8797	0.000199676	
10.88	0.000199676	
10.8803	0.000199676	
10.8806	0.000199676	
10.881	0.000199676	
10.8813	0.000199676	
10.8816	0.000199676	
10.8819	0.000199303	
10.8822	0.000199303	
10.8825	0.000199303	
10.8828	0.000199303	
10.8831	0.000199303	
10.8834	0.000199303	
10.8837	0.000199303	
10.884	0.000199303	
10.8843	0.000199303	
10.8846	0.000199303	
10.8849	0.000199303	
10.8852	0.000199303	
10.8855	0.000199303	
10.8858	0.000199303	
10.8861	0.000199303	
10.8865	0.000199303	
10.8868	0.000198931	
10.8871	0.000198931	
10.8874	0.000198931	
10.8877	0.000198931	
10.888	0.000198931	
10.8883	0.000198931	
10.8886	0.000198931	
10.8889	0.000198931	
10.8892	0.000198931	
10.8895	0.000198931	
10.8898	0.000198931	
10.8901	0.000198931	
10.8904	0.000198931	
10.8907	0.000198931	
10.891	0.000198931	
10.8913	0.000198558	
10.8916	0.000198558	
10.892	0.000198558	
10.8923	0.000198558	
10.8926	0.000198558	
10.8929	0.000198558	
10.8932	0.000198558	
10.8935	0.000198558	
10.8938	0.000198558	
10.8941	0.000198558	
10.8944	0.000198558	
10.8947	0.000198558	
10.895	0.000198558	
10.8953	0.000198558	
10.8956	0.000198558	
10.8959	0.000198558	
10.8962	0.000198185	
10.8965	0.000198185	
10.8968	0.000198185	
10.8971	0.000198185	
10.8975	0.000198185	
10.8978	0.000198185	
10.8981	0.000198185	
10.8984	0.000198185	
10.8987	0.000198185	
10.899	0.000198185	
10.8993	0.000198185	
10.8996	0.000198185	
10.8999	0.000198185	
10.9002	0.000198185	
10.9005	0.000198185	
10.9008	0.000198185	
10.9011	0.000197813	
10.9014	0.000197813	
10.9017	0.000197813	
10.902	0.000197813	
10.9023	0.000197813	
10.9026	0.000197813	
10.903	0.000197813	
10.9033	0.000197813	
10.9036	0.000197813	
10.9039	0.000197813	
10.9042	0.000197813	
10.9045	0.000197813	
10.9048	0.000197813	
10.9051	0.000197813	
10.9054	0.000197813	
10.9057	0.00019744	
10.906	0.00019744	
10.9063	0.00019744	
10.9066	0.00019744	
10.9069	0.00019744	
10.9072	0.00019744	
10.9075	0.00019744	
10.9078	0.00019744	
10.9081	0.00019744	
10.9085	0.00019744	
10.9088	0.00019744	
10.9091	0.00019744	
10.9094	0.00019744	
10.9097	0.00019744	
10.91	0.00019744	
10.9103	0.00019744	
10.9106	0.000197068	
10.9109	0.000197068	
10.9112	0.000197068	
10.9115	0.000197068	
10.9118	0.000197068	
10.9121	0.000197068	
10.9124	0.000197068	
10.9127	0.000197068	
10.913	0.000197068	
10.9133	0.000197068	
10.9137	0.000197068	
10.914	0.000197068	
10.9143	0.000197068	
10.9146	0.000197068	
10.9149	0.000197068	
10.9152	0.000197068	
10.9155	0.000196695	
10.9158	0.000196695	
10.9161	0.000196695	
10.9164	0.000196695	
10.9167	0.000196695	
10.917	0.000196695	
10.9173	0.000196695	
10.9176	0.000196695	
10.9179	0.000196695	
10.9182	0.000196695	
10.9185	0.000196695	
10.9188	0.000196695	
10.9192	0.000196695	
10.9195	0.000196695	
10.9198	0.000196695	
10.9201	0.000196695	
10.9204	0.000196323	
10.9207	0.000196323	
10.921	0.000196323	
10.9213	0.000196323	
10.9216	0.000196323	
10.9219	0.000196323	
10.9222	0.000196323	
10.9225	0.000196323	
10.9228	0.000196323	
10.9231	0.000196323	
10.9234	0.000196323	
10.9237	0.000196323	
10.924	0.000196323	
10.9243	0.000196323	
10.9247	0.000196323	
10.925	0.000196323	
10.9253	0.00019595	
10.9256	0.00019595	
10.9259	0.00019595	
10.9262	0.00019595	
10.9265	0.00019595	
10.9268	0.00019595	
10.9271	0.00019595	
10.9274	0.00019595	
10.9277	0.00019595	
10.928	0.00019595	
10.9283	0.00019595	
10.9286	0.00019595	
10.9289	0.00019595	
10.9292	0.00019595	
10.9295	0.00019595	
10.9298	0.00019595	
10.9302	0.000195578	
10.9305	0.000195578	
10.9308	0.000195578	
10.9311	0.000195578	
10.9314	0.000195578	
10.9317	0.000195578	
10.932	0.000195578	
10.9323	0.000195578	
10.9326	0.000195578	
10.9329	0.000195578	
10.9332	0.000195578	
10.9335	0.000195578	
10.9338	0.000195578	
10.9341	0.000195578	
10.9344	0.000195578	
10.9347	0.000195578	
10.935	0.000195205	
10.9353	0.000195205	
10.9357	0.000195205	
10.936	0.000195205	
10.9363	0.000195205	
10.9366	0.000195205	
10.9369	0.000195205	
10.9372	0.000195205	
10.9375	0.000195205	
10.9378	0.000195205	
10.9381	0.000195205	
10.9384	0.000195205	
10.9387	0.000195205	
10.939	0.000195205	
10.9393	0.000195205	
10.9396	0.000195205	
10.9399	0.000194833	
10.9402	0.000194833	
10.9405	0.000194833	
10.9408	0.000194833	
10.9412	0.000194833	
10.9415	0.000194833	
10.9418	0.000194833	
10.9421	0.000194833	
10.9424	0.000194833	
10.9427	0.000194833	
10.943	0.000194833	
10.9433	0.000194833	
10.9436	0.000194833	
10.9439	0.000194833	
10.9442	0.000194833	
10.9445	0.000194833	
10.9448	0.00019446	
10.9451	0.00019446	
10.9454	0.00019446	
10.9457	0.00019446	
10.946	0.00019446	
10.9463	0.00019446	
10.9467	0.00019446	
10.947	0.00019446	
10.9473	0.00019446	
10.9476	0.00019446	
10.9479	0.00019446	
10.9482	0.00019446	
10.9485	0.00019446	
10.9488	0.00019446	
10.9491	0.00019446	
10.9494	0.00019446	
10.9497	0.000194088	
10.95	0.000194088	
10.9503	0.000194088	
10.9506	0.000194088	
10.9509	0.000194088	
10.9512	0.000194088	
10.9515	0.000194088	
10.9518	0.000194088	
10.9522	0.000194088	
10.9525	0.000194088	
10.9528	0.000194088	
10.9531	0.000194088	
10.9534	0.000194088	
10.9537	0.000194088	
10.954	0.000194088	
10.9543	0.000194088	
10.9546	0.000194088	
10.9549	0.000193715	
10.9552	0.000193715	
10.9555	0.000193715	
10.9558	0.000193715	
10.9561	0.000193715	
10.9564	0.000193715	
10.9567	0.000193715	
10.957	0.000193715	
10.9573	0.000193715	
10.9577	0.000193715	
10.958	0.000193715	
10.9583	0.000193715	
10.9586	0.000193715	
10.9589	0.000193715	
10.9592	0.000193715	
10.9595	0.000193715	
10.9598	0.000193343	
10.9601	0.000193343	
10.9604	0.000193343	
10.9607	0.000193343	
10.961	0.000193343	
10.9613	0.000193343	
10.9616	0.000193343	
10.9619	0.000193343	
10.9622	0.000193343	
10.9625	0.000193343	
10.9628	0.000193343	
10.9632	0.000193343	
10.9635	0.000193343	
10.9638	0.000193343	
10.9641	0.000193343	
10.9644	0.000193343	
10.9647	0.00019297	
10.965	0.00019297	
10.9653	0.00019297	
10.9656	0.00019297	
10.9659	0.00019297	
10.9662	0.00019297	
10.9665	0.00019297	
10.9668	0.00019297	
10.9671	0.00019297	
10.9674	0.00019297	
10.9677	0.00019297	
10.968	0.00019297	
10.9683	0.00019297	
10.9687	0.00019297	
10.969	0.00019297	
10.9693	0.00019297	
10.9696	0.00019297	
10.9699	0.000192598	
10.9702	0.000192598	
10.9705	0.000192598	
10.9708	0.000192598	
10.9711	0.000192598	
10.9714	0.000192598	
10.9717	0.000192598	
10.972	0.000192598	
10.9723	0.000192598	
10.9726	0.000192598	
10.9729	0.000192598	
10.9732	0.000192598	
10.9735	0.000192598	
10.9738	0.000192598	
10.9742	0.000192598	
10.9745	0.000192598	
10.9748	0.000192225	
10.9751	0.000192225	
10.9754	0.000192225	
10.9757	0.000192225	
10.976	0.000192225	
10.9763	0.000192225	
10.9766	0.000192225	
10.9769	0.000192225	
10.9772	0.000192225	
10.9775	0.000192225	
10.9778	0.000192225	
10.9781	0.000192225	
10.9784	0.000192225	
10.9787	0.000192225	
10.979	0.000192225	
10.9793	0.000192225	
10.9797	0.000192225	
10.98	0.000191852	
10.9803	0.000191852	
10.9806	0.000191852	
10.9809	0.000191852	
10.9812	0.000191852	
10.9815	0.000191852	
10.9818	0.000191852	
10.9821	0.000191852	
10.9824	0.000191852	
10.9827	0.000191852	
10.983	0.000191852	
10.9833	0.000191852	
10.9836	0.000191852	
10.9839	0.000191852	
10.9842	0.000191852	
10.9845	0.000191852	
10.9848	0.00019148	
10.9852	0.00019148	
10.9855	0.00019148	
10.9858	0.00019148	
10.9861	0.00019148	
10.9864	0.00019148	
10.9867	0.00019148	
10.987	0.00019148	
10.9873	0.00019148	
10.9876	0.00019148	
10.9879	0.00019148	
10.9882	0.00019148	
10.9885	0.00019148	
10.9888	0.00019148	
10.9891	0.00019148	
10.9894	0.00019148	
10.9897	0.00019148	
10.99	0.000191107	
10.9903	0.000191107	
10.9907	0.000191107	
10.991	0.000191107	
10.9913	0.000191107	
10.9916	0.000191107	
10.9919	0.000191107	
10.9922	0.000191107	
10.9925	0.000191107	
10.9928	0.000191107	
10.9931	0.000191107	
10.9934	0.000191107	
10.9937	0.000191107	
10.994	0.000191107	
10.9943	0.000191107	
10.9946	0.000191107	
10.9949	0.000191107	
10.9952	0.000190735	
10.9955	0.000190735	
10.9958	0.000190735	
10.9962	0.000190735	
10.9965	0.000190735	
10.9968	0.000190735	
10.9971	0.000190735	
10.9974	0.000190735	
10.9977	0.000190735	
10.998	0.000190735	
10.9983	0.000190735	
10.9986	0.000190735	
10.9989	0.000190735	
10.9992	0.000190735	
10.9995	0.000190735	
10.9998	0.000190735	
11.0001	0.000190735	
11.0004	0.000190362	
11.0007	0.000190362	
11.001	0.000190362	
11.0013	0.000190362	
11.0017	0.000190362	
11.002	0.000190362	
11.0023	0.000190362	
11.0026	0.000190362	
11.0029	0.000190362	
11.0032	0.000190362	
11.0035	0.000190362	
11.0038	0.000190362	
11.0041	0.000190362	
11.0044	0.000190362	
11.0047	0.000190362	
11.005	0.000190362	
11.0053	0.00018999	
11.0056	0.00018999	
11.0059	0.00018999	
11.0062	0.00018999	
11.0065	0.00018999	
11.0068	0.00018999	
11.0072	0.00018999	
11.0075	0.00018999	
11.0078	0.00018999	
11.0081	0.00018999	
11.0084	0.00018999	
11.0087	0.00018999	
11.009	0.00018999	
11.0093	0.00018999	
11.0096	0.00018999	
11.0099	0.00018999	
11.0102	0.00018999	
11.0105	0.000189617	
11.0108	0.000189617	
11.0111	0.000189617	
11.0114	0.000189617	
11.0117	0.000189617	
11.012	0.000189617	
11.0123	0.000189617	
11.0127	0.000189617	
11.013	0.000189617	
11.0133	0.000189617	
11.0136	0.000189617	
11.0139	0.000189617	
11.0142	0.000189617	
11.0145	0.000189617	
11.0148	0.000189617	
11.0151	0.000189617	
11.0154	0.000189617	
11.0157	0.000189245	
11.016	0.000189245	
11.0163	0.000189245	
11.0166	0.000189245	
11.0169	0.000189245	
11.0172	0.000189245	
11.0175	0.000189245	
11.0178	0.000189245	
11.0182	0.000189245	
11.0185	0.000189245	
11.0188	0.000189245	
11.0191	0.000189245	
11.0194	0.000189245	
11.0197	0.000189245	
11.02	0.000189245	
11.0203	0.000189245	
11.0206	0.000189245	
11.0209	0.000188872	
11.0212	0.000188872	
11.0215	0.000188872	
11.0218	0.000188872	
11.0221	0.000188872	
11.0224	0.000188872	
11.0227	0.000188872	
11.023	0.000188872	
11.0233	0.000188872	
11.0237	0.000188872	
11.024	0.000188872	
11.0243	0.000188872	
11.0246	0.000188872	
11.0249	0.000188872	
11.0252	0.000188872	
11.0255	0.000188872	
11.0258	0.000188872	
11.0261	0.0001885	
11.0264	0.0001885	
11.0267	0.0001885	
11.027	0.0001885	
11.0273	0.0001885	
11.0276	0.0001885	
11.0279	0.0001885	
11.0282	0.0001885	
11.0285	0.0001885	
11.0288	0.0001885	
11.0292	0.0001885	
11.0295	0.0001885	
11.0298	0.0001885	
11.0301	0.0001885	
11.0304	0.0001885	
11.0307	0.0001885	
11.031	0.0001885	
11.0313	0.000188127	
11.0316	0.000188127	
11.0319	0.000188127	
11.0322	0.000188127	
11.0325	0.000188127	
11.0328	0.000188127	
11.0331	0.000188127	
11.0334	0.000188127	
11.0337	0.000188127	
11.034	0.000188127	
11.0343	0.000188127	
11.0347	0.000188127	
11.035	0.000188127	
11.0353	0.000188127	
11.0356	0.000188127	
11.0359	0.000188127	
11.0362	0.000188127	
11.0365	0.000187755	
11.0368	0.000187755	
11.0371	0.000187755	
11.0374	0.000187755	
11.0377	0.000187755	
11.038	0.000187755	
11.0383	0.000187755	
11.0386	0.000187755	
11.0389	0.000187755	
11.0392	0.000187755	
11.0395	0.000187755	
11.0398	0.000187755	
11.0402	0.000187755	
11.0405	0.000187755	
11.0408	0.000187755	
11.0411	0.000187755	
11.0414	0.000187755	
11.0417	0.000187382	
11.042	0.000187382	
11.0423	0.000187382	
11.0426	0.000187382	
11.0429	0.000187382	
11.0432	0.000187382	
11.0435	0.000187382	
11.0438	0.000187382	
11.0441	0.000187382	
11.0444	0.000187382	
11.0447	0.000187382	
11.045	0.000187382	
11.0453	0.000187382	
11.0457	0.000187382	
11.046	0.000187382	
11.0463	0.000187382	
11.0466	0.000187382	
11.0469	0.000187382	
11.0472	0.00018701	
11.0475	0.00018701	
11.0478	0.00018701	
11.0481	0.00018701	
11.0484	0.00018701	
11.0487	0.00018701	
11.049	0.00018701	
11.0493	0.00018701	
11.0496	0.00018701	
11.0499	0.00018701	
11.0502	0.00018701	
11.0505	0.00018701	
11.0508	0.00018701	
11.0512	0.00018701	
11.0515	0.00018701	
11.0518	0.00018701	
11.0521	0.00018701	
11.0524	0.000186637	
11.0527	0.000186637	
11.053	0.000186637	
11.0533	0.000186637	
11.0536	0.000186637	
11.0539	0.000186637	
11.0542	0.000186637	
11.0545	0.000186637	
11.0548	0.000186637	
11.0551	0.000186637	
11.0554	0.000186637	
11.0557	0.000186637	
11.056	0.000186637	
11.0563	0.000186637	
11.0567	0.000186637	
11.057	0.000186637	
11.0573	0.000186637	
11.0576	0.000186265	
11.0579	0.000186265	
11.0582	0.000186265	
11.0585	0.000186265	
11.0588	0.000186265	
11.0591	0.000186265	
11.0594	0.000186265	
11.0597	0.000186265	
11.06	0.000186265	
11.0603	0.000186265	
11.0606	0.000186265	
11.0609	0.000186265	
11.0612	0.000186265	
11.0615	0.000186265	
11.0618	0.000186265	
11.0622	0.000186265	
11.0625	0.000186265	
11.0628	0.000186265	
11.0631	0.000185892	
11.0634	0.000185892	
11.0637	0.000185892	
11.064	0.000185892	
11.0643	0.000185892	
11.0646	0.000185892	
11.0649	0.000185892	
11.0652	0.000185892	
11.0655	0.000185892	
11.0658	0.000185892	
11.0661	0.000185892	
11.0664	0.000185892	
11.0667	0.000185892	
11.067	0.000185892	
11.0673	0.000185892	
11.0677	0.000185892	
11.068	0.000185892	
11.0683	0.000185519	
11.0686	0.000185519	
11.0689	0.000185519	
11.0692	0.000185519	
11.0695	0.000185519	
11.0698	0.000185519	
11.0701	0.000185519	
11.0704	0.000185519	
11.0707	0.000185519	
11.071	0.000185519	
11.0713	0.000185519	
11.0716	0.000185519	
11.0719	0.000185519	
11.0722	0.000185519	
11.0725	0.000185519	
11.0728	0.000185519	
11.0732	0.000185519	
11.0735	0.000185519	
11.0738	0.000185147	
11.0741	0.000185147	
11.0744	0.000185147	
11.0747	0.000185147	
11.075	0.000185147	
11.0753	0.000185147	
11.0756	0.000185147	
11.0759	0.000185147	
11.0762	0.000185147	
11.0765	0.000185147	
11.0768	0.000185147	
11.0771	0.000185147	
11.0774	0.000185147	
11.0777	0.000185147	
11.078	0.000185147	
11.0783	0.000185147	
11.0787	0.000185147	
11.079	0.000184774	
11.0793	0.000184774	
11.0796	0.000184774	
11.0799	0.000184774	
11.0802	0.000184774	
11.0805	0.000184774	
11.0808	0.000184774	
11.0811	0.000184774	
11.0814	0.000184774	
11.0817	0.000184774	
11.082	0.000184774	
11.0823	0.000184774	
11.0826	0.000184774	
11.0829	0.000184774	
11.0832	0.000184774	
11.0835	0.000184774	
11.0839	0.000184774	
11.0842	0.000184774	
11.0845	0.000184402	
11.0848	0.000184402	
11.0851	0.000184402	
11.0854	0.000184402	
11.0857	0.000184402	
11.086	0.000184402	
11.0863	0.000184402	
11.0866	0.000184402	
11.0869	0.000184402	
11.0872	0.000184402	
11.0875	0.000184402	
11.0878	0.000184402	
11.0881	0.000184402	
11.0884	0.000184402	
11.0887	0.000184402	
11.089	0.000184402	
11.0894	0.000184402	
11.0897	0.000184402	
11.09	0.000184029	
11.0903	0.000184029	
11.0906	0.000184029	
11.0909	0.000184029	
11.0912	0.000184029	
11.0915	0.000184029	
11.0918	0.000184029	
11.0921	0.000184029	
11.0924	0.000184029	
11.0927	0.000184029	
11.093	0.000184029	
11.0933	0.000184029	
11.0936	0.000184029	
11.0939	0.000184029	
11.0942	0.000184029	
11.0945	0.000184029	
11.0949	0.000184029	
11.0952	0.000183657	
11.0955	0.000183657	
11.0958	0.000183657	
11.0961	0.000183657	
11.0964	0.000183657	
11.0967	0.000183657	
11.097	0.000183657	
11.0973	0.000183657	
11.0976	0.000183657	
11.0979	0.000183657	
11.0982	0.000183657	
11.0985	0.000183657	
11.0988	0.000183657	
11.0991	0.000183657	
11.0994	0.000183657	
11.0997	0.000183657	
11.1	0.000183657	
11.1004	0.000183657	
11.1007	0.000183284	
11.101	0.000183284	
11.1013	0.000183284	
11.1016	0.000183284	
11.1019	0.000183284	
11.1022	0.000183284	
11.1025	0.000183284	
11.1028	0.000183284	
11.1031	0.000183284	
11.1034	0.000183284	
11.1037	0.000183284	
11.104	0.000183284	
11.1043	0.000183284	
11.1046	0.000183284	
11.1049	0.000183284	
11.1052	0.000183284	
11.1055	0.000183284	
11.1059	0.000183284	
11.1062	0.000182912	
11.1065	0.000182912	
11.1068	0.000182912	
11.1071	0.000182912	
11.1074	0.000182912	
11.1077	0.000182912	
11.108	0.000182912	
11.1083	0.000182912	
11.1086	0.000182912	
11.1089	0.000182912	
11.1092	0.000182912	
11.1095	0.000182912	
11.1098	0.000182912	
11.1101	0.000182912	
11.1104	0.000182912	
11.1107	0.000182912	
11.111	0.000182912	
11.1114	0.000182912	
11.1117	0.000182539	
11.112	0.000182539	
11.1123	0.000182539	
11.1126	0.000182539	
11.1129	0.000182539	
11.1132	0.000182539	
11.1135	0.000182539	
11.1138	0.000182539	
11.1141	0.000182539	
11.1144	0.000182539	
11.1147	0.000182539	
11.115	0.000182539	
11.1153	0.000182539	
11.1156	0.000182539	
11.1159	0.000182539	
11.1162	0.000182539	
11.1165	0.000182539	
11.1169	0.000182539	
11.1172	0.000182167	
11.1175	0.000182167	
11.1178	0.000182167	
11.1181	0.000182167	
11.1184	0.000182167	
11.1187	0.000182167	
11.119	0.000182167	
11.1193	0.000182167	
11.1196	0.000182167	
11.1199	0.000182167	
11.1202	0.000182167	
11.1205	0.000182167	
11.1208	0.000182167	
11.1211	0.000182167	
11.1214	0.000182167	
11.1217	0.000182167	
11.122	0.000182167	
11.1224	0.000182167	
11.1227	0.000181794	
11.123	0.000181794	
11.1233	0.000181794	
11.1236	0.000181794	
11.1239	0.000181794	
11.1242	0.000181794	
11.1245	0.000181794	
11.1248	0.000181794	
11.1251	0.000181794	
11.1254	0.000181794	
11.1257	0.000181794	
11.126	0.000181794	
11.1263	0.000181794	
11.1266	0.000181794	
11.1269	0.000181794	
11.1272	0.000181794	
11.1275	0.000181794	
11.1279	0.000181794	
11.1282	0.000181422	
11.1285	0.000181422	
11.1288	0.000181422	
11.1291	0.000181422	
11.1294	0.000181422	
11.1297	0.000181422	
11.13	0.000181422	
11.1303	0.000181422	
11.1306	0.000181422	
11.1309	0.000181422	
11.1312	0.000181422	
11.1315	0.000181422	
11.1318	0.000181422	
11.1321	0.000181422	
11.1324	0.000181422	
11.1327	0.000181422	
11.133	0.000181422	
11.1334	0.000181422	
11.1337	0.000181049	
11.134	0.000181049	
11.1343	0.000181049	
11.1346	0.000181049	
11.1349	0.000181049	
11.1352	0.000181049	
11.1355	0.000181049	
11.1358	0.000181049	
11.1361	0.000181049	
11.1364	0.000181049	
11.1367	0.000181049	
11.137	0.000181049	
11.1373	0.000181049	
11.1376	0.000181049	
11.1379	0.000181049	
11.1382	0.000181049	
11.1385	0.000181049	
11.1389	0.000181049	
11.1392	0.000180677	
11.1395	0.000180677	
11.1398	0.000180677	
11.1401	0.000180677	
11.1404	0.000180677	
11.1407	0.000180677	
11.141	0.000180677	
11.1413	0.000180677	
11.1416	0.000180677	
11.1419	0.000180677	
11.1422	0.000180677	
11.1425	0.000180677	
11.1428	0.000180677	
11.1431	0.000180677	
11.1434	0.000180677	
11.1437	0.000180677	
11.144	0.000180677	
11.1444	0.000180677	
11.1447	0.000180304	
11.145	0.000180304	
11.1453	0.000180304	
11.1456	0.000180304	
11.1459	0.000180304	
11.1462	0.000180304	
11.1465	0.000180304	
11.1468	0.000180304	
11.1471	0.000180304	
11.1474	0.000180304	
11.1477	0.000180304	
11.148	0.000180304	
11.1483	0.000180304	
11.1486	0.000180304	
11.1489	0.000180304	
11.1492	0.000180304	
11.1495	0.000180304	
11.1499	0.000180304	
11.1502	0.000180304	
11.1505	0.000179932	
11.1508	0.000179932	
11.1511	0.000179932	
11.1514	0.000179932	
11.1517	0.000179932	
11.152	0.000179932	
11.1523	0.000179932	
11.1526	0.000179932	
11.1529	0.000179932	
11.1532	0.000179932	
11.1535	0.000179932	
11.1538	0.000179932	
11.1541	0.000179932	
11.1544	0.000179932	
11.1547	0.000179932	
11.155	0.000179932	
11.1554	0.000179932	
11.1557	0.000179932	
11.156	0.000179559	
11.1563	0.000179559	
11.1566	0.000179559	
11.1569	0.000179559	
11.1572	0.000179559	
11.1575	0.000179559	
11.1578	0.000179559	
11.1581	0.000179559	
11.1584	0.000179559	
11.1587	0.000179559	
11.159	0.000179559	
11.1593	0.000179559	
11.1596	0.000179559	
11.1599	0.000179559	
11.1602	0.000179559	
11.1605	0.000179559	
11.1609	0.000179559	
11.1612	0.000179559	
11.1615	0.000179559	
11.1618	0.000179186	
11.1621	0.000179186	
11.1624	0.000179186	
11.1627	0.000179186	
11.163	0.000179186	
11.1633	0.000179186	
11.1636	0.000179186	
11.1639	0.000179186	
11.1642	0.000179186	
11.1645	0.000179186	
11.1648	0.000179186	
11.1651	0.000179186	
11.1654	0.000179186	
11.1657	0.000179186	
11.166	0.000179186	
11.1664	0.000179186	
11.1667	0.000179186	
11.167	0.000179186	
11.1673	0.000178814	
11.1676	0.000178814	
11.1679	0.000178814	
11.1682	0.000178814	
11.1685	0.000178814	
11.1688	0.000178814	
11.1691	0.000178814	
11.1694	0.000178814	
11.1697	0.000178814	
11.17	0.000178814	
11.1703	0.000178814	
11.1706	0.000178814	
11.1709	0.000178814	
11.1712	0.000178814	
11.1715	0.000178814	
11.1719	0.000178814	
11.1722	0.000178814	
11.1725	0.000178814	
11.1728	0.000178814	
11.1731	0.000178441	
11.1734	0.000178441	
11.1737	0.000178441	
11.174	0.000178441	
11.1743	0.000178441	
11.1746	0.000178441	
11.1749	0.000178441	
11.1752	0.000178441	
11.1755	0.000178441	
11.1758	0.000178441	
11.1761	0.000178441	
11.1764	0.000178441	
11.1767	0.000178441	
11.177	0.000178441	
11.1774	0.000178441	
11.1777	0.000178441	
11.178	0.000178441	
11.1783	0.000178441	
11.1786	0.000178069	
11.1789	0.000178069	
11.1792	0.000178069	
11.1795	0.000178069	
11.1798	0.000178069	
11.1801	0.000178069	
11.1804	0.000178069	
11.1807	0.000178069	
11.181	0.000178069	
11.1813	0.000178069	
11.1816	0.000178069	
11.1819	0.000178069	
11.1822	0.000178069	
11.1825	0.000178069	
11.1829	0.000178069	
11.1832	0.000178069	
11.1835	0.000178069	
11.1838	0.000178069	
11.1841	0.000178069	
11.1844	0.000177696	
11.1847	0.000177696	
11.185	0.000177696	
11.1853	0.000177696	
11.1856	0.000177696	
11.1859	0.000177696	
11.1862	0.000177696	
11.1865	0.000177696	
11.1868	0.000177696	
11.1871	0.000177696	
11.1874	0.000177696	
11.1877	0.000177696	
11.188	0.000177696	
11.1884	0.000177696	
11.1887	0.000177696	
11.189	0.000177696	
11.1893	0.000177696	
11.1896	0.000177696	
11.1899	0.000177696	
11.1902	0.000177324	
11.1905	0.000177324	
11.1908	0.000177324	
11.1911	0.000177324	
11.1914	0.000177324	
11.1917	0.000177324	
11.192	0.000177324	
11.1923	0.000177324	
11.1926	0.000177324	
11.1929	0.000177324	
11.1932	0.000177324	
11.1935	0.000177324	
11.1939	0.000177324	
11.1942	0.000177324	
11.1945	0.000177324	
11.1948	0.000177324	
11.1951	0.000177324	
11.1954	0.000177324	
11.1957	0.000177324	
11.196	0.000176951	
11.1963	0.000176951	
11.1966	0.000176951	
11.1969	0.000176951	
11.1972	0.000176951	
11.1975	0.000176951	
11.1978	0.000176951	
11.1981	0.000176951	
11.1984	0.000176951	
11.1987	0.000176951	
11.199	0.000176951	
11.1994	0.000176951	
11.1997	0.000176951	
11.2	0.000176951	
11.2003	0.000176951	
11.2006	0.000176951	
11.2009	0.000176951	
11.2012	0.000176951	
11.2015	0.000176579	
11.2018	0.000176579	
11.2021	0.000176579	
11.2024	0.000176579	
11.2027	0.000176579	
11.203	0.000176579	
11.2033	0.000176579	
11.2036	0.000176579	
11.2039	0.000176579	
11.2042	0.000176579	
11.2045	0.000176579	
11.2049	0.000176579	
11.2052	0.000176579	
11.2055	0.000176579	
11.2058	0.000176579	
11.2061	0.000176579	
11.2064	0.000176579	
11.2067	0.000176579	
11.207	0.000176579	
11.2073	0.000176206	
11.2076	0.000176206	
11.2079	0.000176206	
11.2082	0.000176206	
11.2085	0.000176206	
11.2088	0.000176206	
11.2091	0.000176206	
11.2094	0.000176206	
11.2097	0.000176206	
11.21	0.000176206	
11.2104	0.000176206	
11.2107	0.000176206	
11.211	0.000176206	
11.2113	0.000176206	
11.2116	0.000176206	
11.2119	0.000176206	
11.2122	0.000176206	
11.2125	0.000176206	
11.2128	0.000176206	
11.2131	0.000175834	
11.2134	0.000175834	
11.2137	0.000175834	
11.214	0.000175834	
11.2143	0.000175834	
11.2146	0.000175834	
11.2149	0.000175834	
11.2152	0.000175834	
11.2155	0.000175834	
11.2159	0.000175834	
11.2162	0.000175834	
11.2165	0.000175834	
11.2168	0.000175834	
11.2171	0.000175834	
11.2174	0.000175834	
11.2177	0.000175834	
11.218	0.000175834	
11.2183	0.000175834	
11.2186	0.000175834	
11.2189	0.000175461	
11.2192	0.000175461	
11.2195	0.000175461	
11.2198	0.000175461	
11.2201	0.000175461	
11.2204	0.000175461	
11.2207	0.000175461	
11.221	0.000175461	
11.2214	0.000175461	
11.2217	0.000175461	
11.222	0.000175461	
11.2223	0.000175461	
11.2226	0.000175461	
11.2229	0.000175461	
11.2232	0.000175461	
11.2235	0.000175461	
11.2238	0.000175461	
11.2241	0.000175461	
11.2244	0.000175461	
11.2247	0.000175461	
11.225	0.000175089	
11.2253	0.000175089	
11.2256	0.000175089	
11.2259	0.000175089	
11.2262	0.000175089	
11.2265	0.000175089	
11.2269	0.000175089	
11.2272	0.000175089	
11.2275	0.000175089	
11.2278	0.000175089	
11.2281	0.000175089	
11.2284	0.000175089	
11.2287	0.000175089	
11.229	0.000175089	
11.2293	0.000175089	
11.2296	0.000175089	
11.2299	0.000175089	
11.2302	0.000175089	
11.2305	0.000175089	
11.2308	0.000174716	
11.2311	0.000174716	
11.2314	0.000174716	
11.2317	0.000174716	
11.232	0.000174716	
11.2324	0.000174716	
11.2327	0.000174716	
11.233	0.000174716	
11.2333	0.000174716	
11.2336	0.000174716	
11.2339	0.000174716	
11.2342	0.000174716	
11.2345	0.000174716	
11.2348	0.000174716	
11.2351	0.000174716	
11.2354	0.000174716	
11.2357	0.000174716	
11.236	0.000174716	
11.2363	0.000174716	
11.2366	0.000174344	
11.2369	0.000174344	
11.2372	0.000174344	
11.2375	0.000174344	
11.2379	0.000174344	
11.2382	0.000174344	
11.2385	0.000174344	
11.2388	0.000174344	
11.2391	0.000174344	
11.2394	0.000174344	
11.2397	0.000174344	
11.24	0.000174344	
11.2403	0.000174344	
11.2406	0.000174344	
11.2409	0.000174344	
11.2412	0.000174344	
11.2415	0.000174344	
11.2418	0.000174344	
11.2421	0.000174344	
11.2424	0.000173971	
11.2427	0.000173971	
11.243	0.000173971	
11.2434	0.000173971	
11.2437	0.000173971	
11.244	0.000173971	
11.2443	0.000173971	
11.2446	0.000173971	
11.2449	0.000173971	
11.2452	0.000173971	
11.2455	0.000173971	
11.2458	0.000173971	
11.2461	0.000173971	
11.2464	0.000173971	
11.2467	0.000173971	
11.247	0.000173971	
11.2473	0.000173971	
11.2476	0.000173971	
11.2479	0.000173971	
11.2482	0.000173971	
11.2485	0.000173599	
11.2489	0.000173599	
11.2492	0.000173599	
11.2495	0.000173599	
11.2498	0.000173599	
11.2501	0.000173599	
11.2504	0.000173599	
11.2507	0.000173599	
11.251	0.000173599	
11.2513	0.000173599	
11.2516	0.000173599	
11.2519	0.000173599	
11.2522	0.000173599	
11.2525	0.000173599	
11.2528	0.000173599	
11.2531	0.000173599	
11.2534	0.000173599	
11.2537	0.000173599	
11.2541	0.000173599	
11.2544	0.000173226	
11.2547	0.000173226	
11.255	0.000173226	
11.2553	0.000173226	
11.2556	0.000173226	
11.2559	0.000173226	
11.2562	0.000173226	
11.2565	0.000173226	
11.2568	0.000173226	
11.2571	0.000173226	
11.2574	0.000173226	
11.2577	0.000173226	
11.258	0.000173226	
11.2583	0.000173226	
11.2586	0.000173226	
11.2589	0.000173226	
11.2592	0.000173226	
11.2596	0.000173226	
11.2599	0.000173226	
11.2602	0.000173226	
11.2605	0.000172853	
11.2608	0.000172853	
11.2611	0.000172853	
11.2614	0.000172853	
11.2617	0.000172853	
11.262	0.000172853	
11.2623	0.000172853	
11.2626	0.000172853	
11.2629	0.000172853	
11.2632	0.000172853	
11.2635	0.000172853	
11.2638	0.000172853	
11.2641	0.000172853	
11.2644	0.000172853	
11.2647	0.000172853	
11.2651	0.000172853	
11.2654	0.000172853	
11.2657	0.000172853	
11.266	0.000172853	
11.2663	0.000172481	
11.2666	0.000172481	
11.2669	0.000172481	
11.2672	0.000172481	
11.2675	0.000172481	
11.2678	0.000172481	
11.2681	0.000172481	
11.2684	0.000172481	
11.2687	0.000172481	
11.269	0.000172481	
11.2693	0.000172481	
11.2696	0.000172481	
11.2699	0.000172481	
11.2702	0.000172481	
11.2706	0.000172481	
11.2709	0.000172481	
11.2712	0.000172481	
11.2715	0.000172481	
11.2718	0.000172481	
11.2721	0.000172481	
11.2724	0.000172108	
11.2727	0.000172108	
11.273	0.000172108	
11.2733	0.000172108	
11.2736	0.000172108	
11.2739	0.000172108	
11.2742	0.000172108	
11.2745	0.000172108	
11.2748	0.000172108	
11.2751	0.000172108	
11.2754	0.000172108	
11.2757	0.000172108	
11.2761	0.000172108	
11.2764	0.000172108	
11.2767	0.000172108	
11.277	0.000172108	
11.2773	0.000172108	
11.2776	0.000172108	
11.2779	0.000172108	
11.2782	0.000172108	
11.2785	0.000171736	
11.2788	0.000171736	
11.2791	0.000171736	
11.2794	0.000171736	
11.2797	0.000171736	
11.28	0.000171736	
11.2803	0.000171736	
11.2806	0.000171736	
11.2809	0.000171736	
11.2812	0.000171736	
11.2816	0.000171736	
11.2819	0.000171736	
11.2822	0.000171736	
11.2825	0.000171736	
11.2828	0.000171736	
11.2831	0.000171736	
11.2834	0.000171736	
11.2837	0.000171736	
11.284	0.000171736	
11.2843	0.000171736	
11.2846	0.000171363	
11.2849	0.000171363	
11.2852	0.000171363	
11.2855	0.000171363	
11.2858	0.000171363	
11.2861	0.000171363	
11.2864	0.000171363	
11.2867	0.000171363	
11.2871	0.000171363	
11.2874	0.000171363	
11.2877	0.000171363	
11.288	0.000171363	
11.2883	0.000171363	
11.2886	0.000171363	
11.2889	0.000171363	
11.2892	0.000171363	
11.2895	0.000171363	
11.2898	0.000171363	
11.2901	0.000171363	
11.2904	0.000170991	
11.2907	0.000170991	
11.291	0.000170991	
11.2913	0.000170991	
11.2916	0.000170991	
11.2919	0.000170991	
11.2922	0.000170991	
11.2926	0.000170991	
11.2929	0.000170991	
11.2932	0.000170991	
11.2935	0.000170991	
11.2938	0.000170991	
11.2941	0.000170991	
11.2944	0.000170991	
11.2947	0.000170991	
11.295	0.000170991	
11.2953	0.000170991	
11.2956	0.000170991	
11.2959	0.000170991	
11.2962	0.000170991	
11.2965	0.000170618	
11.2968	0.000170618	
11.2971	0.000170618	
11.2974	0.000170618	
11.2977	0.000170618	
11.2981	0.000170618	
11.2984	0.000170618	
11.2987	0.000170618	
11.299	0.000170618	
11.2993	0.000170618	
11.2996	0.000170618	
11.2999	0.000170618	
11.3002	0.000170618	
11.3005	0.000170618	
11.3008	0.000170618	
11.3011	0.000170618	
11.3014	0.000170618	
11.3017	0.000170618	
11.302	0.000170618	
11.3023	0.000170618	
11.3026	0.000170246	
11.3029	0.000170246	
11.3032	0.000170246	
11.3036	0.000170246	
11.3039	0.000170246	
11.3042	0.000170246	
11.3045	0.000170246	
11.3048	0.000170246	
11.3051	0.000170246	
11.3054	0.000170246	
11.3057	0.000170246	
11.306	0.000170246	
11.3063	0.000170246	
11.3066	0.000170246	
11.3069	0.000170246	
11.3072	0.000170246	
11.3075	0.000170246	
11.3078	0.000170246	
11.3081	0.000170246	
11.3084	0.000170246	
11.3087	0.000170246	
11.3091	0.000169873	
11.3094	0.000169873	
11.3097	0.000169873	
11.31	0.000169873	
11.3103	0.000169873	
11.3106	0.000169873	
11.3109	0.000169873	
11.3112	0.000169873	
11.3115	0.000169873	
11.3118	0.000169873	
11.3121	0.000169873	
11.3124	0.000169873	
11.3127	0.000169873	
11.313	0.000169873	
11.3133	0.000169873	
11.3136	0.000169873	
11.3139	0.000169873	
11.3142	0.000169873	
11.3146	0.000169873	
11.3149	0.000169873	
11.3152	0.000169501	
11.3155	0.000169501	
11.3158	0.000169501	
11.3161	0.000169501	
11.3164	0.000169501	
11.3167	0.000169501	
11.317	0.000169501	
11.3173	0.000169501	
11.3176	0.000169501	
11.3179	0.000169501	
11.3182	0.000169501	
11.3185	0.000169501	
11.3188	0.000169501	
11.3191	0.000169501	
11.3194	0.000169501	
11.3197	0.000169501	
11.3201	0.000169501	
11.3204	0.000169501	
11.3207	0.000169501	
11.321	0.000169501	
11.3213	0.000169128	
11.3216	0.000169128	
11.3219	0.000169128	
11.3222	0.000169128	
11.3225	0.000169128	
11.3228	0.000169128	
11.3231	0.000169128	
11.3234	0.000169128	
11.3237	0.000169128	
11.324	0.000169128	
11.3243	0.000169128	
11.3246	0.000169128	
11.3249	0.000169128	
11.3252	0.000169128	
11.3256	0.000169128	
11.3259	0.000169128	
11.3262	0.000169128	
11.3265	0.000169128	
11.3268	0.000169128	
11.3271	0.000169128	
11.3274	0.000168756	
11.3277	0.000168756	
11.328	0.000168756	
11.3283	0.000168756	
11.3286	0.000168756	
11.3289	0.000168756	
11.3292	0.000168756	
11.3295	0.000168756	
11.3298	0.000168756	
11.3301	0.000168756	
11.3304	0.000168756	
11.3307	0.000168756	
11.3311	0.000168756	
11.3314	0.000168756	
11.3317	0.000168756	
11.332	0.000168756	
11.3323	0.000168756	
11.3326	0.000168756	
11.3329	0.000168756	
11.3332	0.000168756	
11.3335	0.000168756	
11.3338	0.000168383	
11.3341	0.000168383	
11.3344	0.000168383	
11.3347	0.000168383	
11.335	0.000168383	
11.3353	0.000168383	
11.3356	0.000168383	
11.3359	0.000168383	
11.3362	0.000168383	
11.3366	0.000168383	
11.3369	0.000168383	
11.3372	0.000168383	
11.3375	0.000168383	
11.3378	0.000168383	
11.3381	0.000168383	
11.3384	0.000168383	
11.3387	0.000168383	
11.339	0.000168383	
11.3393	0.000168383	
11.3396	0.000168383	
11.3399	0.000168011	
11.3402	0.000168011	
11.3405	0.000168011	
11.3408	0.000168011	
11.3411	0.000168011	
11.3414	0.000168011	
11.3417	0.000168011	
11.3421	0.000168011	
11.3424	0.000168011	
11.3427	0.000168011	
11.343	0.000168011	
11.3433	0.000168011	
11.3436	0.000168011	
11.3439	0.000168011	
11.3442	0.000168011	
11.3445	0.000168011	
11.3448	0.000168011	
11.3451	0.000168011	
11.3454	0.000168011	
11.3457	0.000168011	
11.346	0.000167638	
11.3463	0.000167638	
11.3466	0.000167638	
11.3469	0.000167638	
11.3472	0.000167638	
11.3476	0.000167638	
11.3479	0.000167638	
11.3482	0.000167638	
11.3485	0.000167638	
11.3488	0.000167638	
11.3491	0.000167638	
11.3494	0.000167638	
11.3497	0.000167638	
11.35	0.000167638	
11.3503	0.000167638	
11.3506	0.000167638	
11.3509	0.000167638	
11.3512	0.000167638	
11.3515	0.000167638	
11.3518	0.000167638	
11.3521	0.000167638	
11.3524	0.000167266	
11.3527	0.000167266	
11.3531	0.000167266	
11.3534	0.000167266	
11.3537	0.000167266	
11.354	0.000167266	
11.3543	0.000167266	
11.3546	0.000167266	
11.3549	0.000167266	
11.3552	0.000167266	
11.3555	0.000167266	
11.3558	0.000167266	
11.3561	0.000167266	
11.3564	0.000167266	
11.3567	0.000167266	
11.357	0.000167266	
11.3573	0.000167266	
11.3576	0.000167266	
11.3579	0.000167266	
11.3582	0.000167266	
11.3586	0.000167266	
11.3589	0.000166893	
11.3592	0.000166893	
11.3595	0.000166893	
11.3598	0.000166893	
11.3601	0.000166893	
11.3604	0.000166893	
11.3607	0.000166893	
11.361	0.000166893	
11.3613	0.000166893	
11.3616	0.000166893	
11.3619	0.000166893	
11.3622	0.000166893	
11.3625	0.000166893	
11.3628	0.000166893	
11.3631	0.000166893	
11.3634	0.000166893	
11.3637	0.000166893	
11.3641	0.000166893	
11.3644	0.000166893	
11.3647	0.000166893	
11.365	0.00016652	
11.3653	0.00016652	
11.3656	0.00016652	
11.3659	0.00016652	
11.3662	0.00016652	
11.3665	0.00016652	
11.3668	0.00016652	
11.3671	0.00016652	
11.3674	0.00016652	
11.3677	0.00016652	
11.368	0.00016652	
11.3683	0.00016652	
11.3686	0.00016652	
11.3689	0.00016652	
11.3692	0.00016652	
11.3696	0.00016652	
11.3699	0.00016652	
11.3702	0.00016652	
11.3705	0.00016652	
11.3708	0.00016652	
11.3711	0.00016652	
11.3714	0.000166148	
11.3717	0.000166148	
11.372	0.000166148	
11.3723	0.000166148	
11.3726	0.000166148	
11.3729	0.000166148	
11.3732	0.000166148	
11.3735	0.000166148	
11.3738	0.000166148	
11.3741	0.000166148	
11.3744	0.000166148	
11.3747	0.000166148	
11.3751	0.000166148	
11.3754	0.000166148	
11.3757	0.000166148	
11.376	0.000166148	
11.3763	0.000166148	
11.3766	0.000166148	
11.3769	0.000166148	
11.3772	0.000166148	
11.3775	0.000166148	
11.3778	0.000165775	
11.3781	0.000165775	
11.3784	0.000165775	
11.3787	0.000165775	
11.379	0.000165775	
11.3793	0.000165775	
11.3796	0.000165775	
11.3799	0.000165775	
11.3802	0.000165775	
11.3806	0.000165775	
11.3809	0.000165775	
11.3812	0.000165775	
11.3815	0.000165775	
11.3818	0.000165775	
11.3821	0.000165775	
11.3824	0.000165775	
11.3827	0.000165775	
11.383	0.000165775	
11.3833	0.000165775	
11.3836	0.000165775	
11.3839	0.000165775	
11.3842	0.000165403	
11.3845	0.000165403	
11.3848	0.000165403	
11.3851	0.000165403	
11.3854	0.000165403	
11.3857	0.000165403	
11.3861	0.000165403	
11.3864	0.000165403	
11.3867	0.000165403	
11.387	0.000165403	
11.3873	0.000165403	
11.3876	0.000165403	
11.3879	0.000165403	
11.3882	0.000165403	
11.3885	0.000165403	
11.3888	0.000165403	
11.3891	0.000165403	
11.3894	0.000165403	
11.3897	0.000165403	
11.39	0.000165403	
11.3903	0.000165403	
11.3906	0.00016503	
11.3909	0.00016503	
11.3912	0.00016503	
11.3916	0.00016503	
11.3919	0.00016503	
11.3922	0.00016503	
11.3925	0.00016503	
11.3928	0.00016503	
11.3931	0.00016503	
11.3934	0.00016503	
11.3937	0.00016503	
11.394	0.00016503	
11.3943	0.00016503	
11.3946	0.00016503	
11.3949	0.00016503	
11.3952	0.00016503	
11.3955	0.00016503	
11.3958	0.00016503	
11.3961	0.00016503	
11.3964	0.00016503	
11.3967	0.00016503	
11.3971	0.000164658	
11.3974	0.000164658	
11.3977	0.000164658	
11.398	0.000164658	
11.3983	0.000164658	
11.3986	0.000164658	
11.3989	0.000164658	
11.3992	0.000164658	
11.3995	0.000164658	
11.3998	0.000164658	
11.4001	0.000164658	
11.4004	0.000164658	
11.4007	0.000164658	
11.401	0.000164658	
11.4013	0.000164658	
11.4016	0.000164658	
11.4019	0.000164658	
11.4022	0.000164658	
11.4026	0.000164658	
11.4029	0.000164658	
11.4032	0.000164658	
11.4035	0.000164285	
11.4038	0.000164285	
11.4041	0.000164285	
11.4044	0.000164285	
11.4047	0.000164285	
11.405	0.000164285	
11.4053	0.000164285	
11.4056	0.000164285	
11.4059	0.000164285	
11.4062	0.000164285	
11.4065	0.000164285	
11.4068	0.000164285	
11.4071	0.000164285	
11.4074	0.000164285	
11.4077	0.000164285	
11.4081	0.000164285	
11.4084	0.000164285	
11.4087	0.000164285	
11.409	0.000164285	
11.4093	0.000164285	
11.4096	0.000164285	
11.4099	0.000164285	
11.4102	0.000163913	
11.4105	0.000163913	
11.4108	0.000163913	
11.4111	0.000163913	
11.4114	0.000163913	
11.4117	0.000163913	
11.412	0.000163913	
11.4123	0.000163913	
11.4126	0.000163913	
11.4129	0.000163913	
11.4132	0.000163913	
11.4136	0.000163913	
11.4139	0.000163913	
11.4142	0.000163913	
11.4145	0.000163913	
11.4148	0.000163913	
11.4151	0.000163913	
11.4154	0.000163913	
11.4157	0.000163913	
11.416	0.000163913	
11.4163	0.000163913	
11.4166	0.00016354	
11.4169	0.00016354	
11.4172	0.00016354	
11.4175	0.00016354	
11.4178	0.00016354	
11.4181	0.00016354	
11.4184	0.00016354	
11.4187	0.00016354	
11.4191	0.00016354	
11.4194	0.00016354	
11.4197	0.00016354	
11.42	0.00016354	
11.4203	0.00016354	
11.4206	0.00016354	
11.4209	0.00016354	
11.4212	0.00016354	
11.4215	0.00016354	
11.4218	0.00016354	
11.4221	0.00016354	
11.4224	0.00016354	
11.4227	0.00016354	
11.423	0.000163168	
11.4233	0.000163168	
11.4236	0.000163168	
11.4239	0.000163168	
11.4243	0.000163168	
11.4246	0.000163168	
11.4249	0.000163168	
11.4252	0.000163168	
11.4255	0.000163168	
11.4258	0.000163168	
11.4261	0.000163168	
11.4264	0.000163168	
11.4267	0.000163168	
11.427	0.000163168	
11.4273	0.000163168	
11.4276	0.000163168	
11.4279	0.000163168	
11.4282	0.000163168	
11.4285	0.000163168	
11.4288	0.000163168	
11.4291	0.000163168	
11.4294	0.000163168	
11.4298	0.000162795	
11.4301	0.000162795	
11.4304	0.000162795	
11.4307	0.000162795	
11.431	0.000162795	
11.4313	0.000162795	
11.4316	0.000162795	
11.4319	0.000162795	
11.4322	0.000162795	
11.4325	0.000162795	
11.4328	0.000162795	
11.4331	0.000162795	
11.4334	0.000162795	
11.4337	0.000162795	
11.434	0.000162795	
11.4343	0.000162795	
11.4346	0.000162795	
11.4349	0.000162795	
11.4353	0.000162795	
11.4356	0.000162423	
11.4359	0.000162423	
11.4362	0.000162423	
11.4365	0.000162423	
11.4368	0.000162423	
11.4371	0.000162423	
11.4374	0.000162423	
11.4377	0.000162423	
11.438	0.000162423	
11.4383	0.000162423	
11.4386	0.000162423	
11.4389	0.000162423	
11.4392	0.000162423	
11.4395	0.000162423	
11.4398	0.000162423	
11.4401	0.000162423	
11.4404	0.000162423	
11.4408	0.000162423	
11.4411	0.000162423	
11.4414	0.000162423	
11.4417	0.000162423	
11.442	0.000162423	
11.4423	0.00016205	
11.4426	0.00016205	
11.4429	0.00016205	
11.4432	0.00016205	
11.4435	0.00016205	
11.4438	0.00016205	
11.4441	0.00016205	
11.4444	0.00016205	
11.4447	0.00016205	
11.445	0.00016205	
11.4453	0.00016205	
11.4456	0.00016205	
11.4459	0.00016205	
11.4463	0.00016205	
11.4466	0.00016205	
11.4469	0.00016205	
11.4472	0.00016205	
11.4475	0.00016205	
11.4478	0.00016205	
11.4481	0.00016205	
11.4484	0.00016205	
11.4487	0.00016205	
11.449	0.000161678	
11.4493	0.000161678	
11.4496	0.000161678	
11.4499	0.000161678	
11.4502	0.000161678	
11.4505	0.000161678	
11.4508	0.000161678	
11.4511	0.000161678	
11.4514	0.000161678	
11.4518	0.000161678	
11.4521	0.000161678	
11.4524	0.000161678	
11.4527	0.000161678	
11.453	0.000161678	
11.4533	0.000161678	
11.4536	0.000161678	
11.4539	0.000161678	
11.4542	0.000161678	
11.4545	0.000161678	
11.4548	0.000161678	
11.4551	0.000161678	
11.4554	0.000161678	
11.4557	0.000161305	
11.456	0.000161305	
11.4563	0.000161305	
11.4566	0.000161305	
11.4569	0.000161305	
11.4573	0.000161305	
11.4576	0.000161305	
11.4579	0.000161305	
11.4582	0.000161305	
11.4585	0.000161305	
11.4588	0.000161305	
11.4591	0.000161305	
11.4594	0.000161305	
11.4597	0.000161305	
11.46	0.000161305	
11.4603	0.000161305	
11.4606	0.000161305	
11.4609	0.000161305	
11.4612	0.000161305	
11.4615	0.000161305	
11.4618	0.000161305	
11.4621	0.000160933	
11.4624	0.000160933	
11.4628	0.000160933	
11.4631	0.000160933	
11.4634	0.000160933	
11.4637	0.000160933	
11.464	0.000160933	
11.4643	0.000160933	
11.4646	0.000160933	
11.4649	0.000160933	
11.4652	0.000160933	
11.4655	0.000160933	
11.4658	0.000160933	
11.4661	0.000160933	
11.4664	0.000160933	
11.4667	0.000160933	
11.467	0.000160933	
11.4673	0.000160933	
11.4676	0.000160933	
11.4679	0.000160933	
11.4683	0.000160933	
11.4686	0.000160933	
11.4689	0.00016056	
11.4692	0.00016056	
11.4695	0.00016056	
11.4698	0.00016056	
11.4701	0.00016056	
11.4704	0.00016056	
11.4707	0.00016056	
11.471	0.00016056	
11.4713	0.00016056	
11.4716	0.00016056	
11.4719	0.00016056	
11.4722	0.00016056	
11.4725	0.00016056	
11.4728	0.00016056	
11.4731	0.00016056	
11.4734	0.00016056	
11.4738	0.00016056	
11.4741	0.00016056	
11.4744	0.00016056	
11.4747	0.00016056	
11.475	0.00016056	
11.4753	0.00016056	
11.4756	0.000160187	
11.4759	0.000160187	
11.4762	0.000160187	
11.4765	0.000160187	
11.4768	0.000160187	
11.4771	0.000160187	
11.4774	0.000160187	
11.4777	0.000160187	
11.478	0.000160187	
11.4783	0.000160187	
11.4786	0.000160187	
11.4789	0.000160187	
11.4793	0.000160187	
11.4796	0.000160187	
11.4799	0.000160187	
11.4802	0.000160187	
11.4805	0.000160187	
11.4808	0.000160187	
11.4811	0.000160187	
11.4814	0.000160187	
11.4817	0.000160187	
11.482	0.000160187	
11.4823	0.000160187	
11.4826	0.000159815	
11.4829	0.000159815	
11.4832	0.000159815	
11.4835	0.000159815	
11.4838	0.000159815	
11.4841	0.000159815	
11.4844	0.000159815	
11.4848	0.000159815	
11.4851	0.000159815	
11.4854	0.000159815	
11.4857	0.000159815	
11.486	0.000159815	
11.4863	0.000159815	
11.4866	0.000159815	
11.4869	0.000159815	
11.4872	0.000159815	
11.4875	0.000159815	
11.4878	0.000159815	
11.4881	0.000159815	
11.4884	0.000159815	
11.4887	0.000159815	
11.489	0.000159815	
11.4893	0.000159442	
11.4896	0.000159442	
11.4899	0.000159442	
11.4903	0.000159442	
11.4906	0.000159442	
11.4909	0.000159442	
11.4912	0.000159442	
11.4915	0.000159442	
11.4918	0.000159442	
11.4921	0.000159442	
11.4924	0.000159442	
11.4927	0.000159442	
11.493	0.000159442	
11.4933	0.000159442	
11.4936	0.000159442	
11.4939	0.000159442	
11.4942	0.000159442	
11.4945	0.000159442	
11.4948	0.000159442	
11.4951	0.000159442	
11.4954	0.000159442	
11.4958	0.000159442	
11.4961	0.00015907	
11.4964	0.00015907	
11.4967	0.00015907	
11.497	0.00015907	
11.4973	0.00015907	
11.4976	0.00015907	
11.4979	0.00015907	
11.4982	0.00015907	
11.4985	0.00015907	
11.4988	0.00015907	
11.4991	0.00015907	
11.4994	0.00015907	
11.4997	0.00015907	
11.5	0.00015907	
11.5003	0.00015907	
11.5006	0.00015907	
11.5009	0.00015907	
11.5013	0.00015907	
11.5016	0.00015907	
11.5019	0.00015907	
11.5022	0.00015907	
11.5025	0.00015907	
11.5028	0.000158697	
11.5031	0.000158697	
11.5034	0.000158697	
11.5037	0.000158697	
11.504	0.000158697	
11.5043	0.000158697	
11.5046	0.000158697	
11.5049	0.000158697	
11.5052	0.000158697	
11.5055	0.000158697	
11.5058	0.000158697	
11.5061	0.000158697	
11.5064	0.000158697	
11.5068	0.000158697	
11.5071	0.000158697	
11.5074	0.000158697	
11.5077	0.000158697	
11.508	0.000158697	
11.5083	0.000158697	
11.5086	0.000158697	
11.5089	0.000158697	
11.5092	0.000158697	
11.5095	0.000158697	
11.5098	0.000158325	
11.5101	0.000158325	
11.5104	0.000158325	
11.5107	0.000158325	
11.511	0.000158325	
11.5113	0.000158325	
11.5116	0.000158325	
11.5119	0.000158325	
11.5123	0.000158325	
11.5126	0.000158325	
11.5129	0.000158325	
11.5132	0.000158325	
11.5135	0.000158325	
11.5138	0.000158325	
11.5141	0.000158325	
11.5144	0.000158325	
11.5147	0.000158325	
11.515	0.000158325	
11.5153	0.000158325	
11.5156	0.000158325	
11.5159	0.000158325	
11.5162	0.000158325	
11.5165	0.000157952	
11.5168	0.000157952	
11.5171	0.000157952	
11.5174	0.000157952	
11.5178	0.000157952	
11.5181	0.000157952	
11.5184	0.000157952	
11.5187	0.000157952	
11.519	0.000157952	
11.5193	0.000157952	
11.5196	0.000157952	
11.5199	0.000157952	
11.5202	0.000157952	
11.5205	0.000157952	
11.5208	0.000157952	
11.5211	0.000157952	
11.5214	0.000157952	
11.5217	0.000157952	
11.522	0.000157952	
11.5223	0.000157952	
11.5226	0.000157952	
11.5229	0.000157952	
11.5233	0.000157952	
11.5236	0.00015758	
11.5239	0.00015758	
11.5242	0.00015758	
11.5245	0.00015758	
11.5248	0.00015758	
11.5251	0.00015758	
11.5254	0.00015758	
11.5257	0.00015758	
11.526	0.00015758	
11.5263	0.00015758	
11.5266	0.00015758	
11.5269	0.00015758	
11.5272	0.00015758	
11.5275	0.00015758	
11.5278	0.00015758	
11.5281	0.00015758	
11.5284	0.00015758	
11.5288	0.00015758	
11.5291	0.00015758	
11.5294	0.00015758	
11.5297	0.00015758	
11.53	0.00015758	
11.5303	0.00015758	
11.5306	0.000157207	
11.5309	0.000157207	
11.5312	0.000157207	
11.5315	0.000157207	
11.5318	0.000157207	
11.5321	0.000157207	
11.5324	0.000157207	
11.5327	0.000157207	
11.533	0.000157207	
11.5333	0.000157207	
11.5336	0.000157207	
11.5339	0.000157207	
11.5343	0.000157207	
11.5346	0.000157207	
11.5349	0.000157207	
11.5352	0.000157207	
11.5355	0.000157207	
11.5358	0.000157207	
11.5361	0.000157207	
11.5364	0.000157207	
11.5367	0.000157207	
11.537	0.000157207	
11.5373	0.000157207	
11.5376	0.000156835	
11.5379	0.000156835	
11.5382	0.000156835	
11.5385	0.000156835	
11.5388	0.000156835	
11.5391	0.000156835	
11.5394	0.000156835	
11.5398	0.000156835	
11.5401	0.000156835	
11.5404	0.000156835	
11.5407	0.000156835	
11.541	0.000156835	
11.5413	0.000156835	
11.5416	0.000156835	
11.5419	0.000156835	
11.5422	0.000156835	
11.5425	0.000156835	
11.5428	0.000156835	
11.5431	0.000156835	
11.5434	0.000156835	
11.5437	0.000156835	
11.544	0.000156835	
11.5443	0.000156462	
11.5446	0.000156462	
11.5449	0.000156462	
11.5453	0.000156462	
11.5456	0.000156462	
11.5459	0.000156462	
11.5462	0.000156462	
11.5465	0.000156462	
11.5468	0.000156462	
11.5471	0.000156462	
11.5474	0.000156462	
11.5477	0.000156462	
11.548	0.000156462	
11.5483	0.000156462	
11.5486	0.000156462	
11.5489	0.000156462	
11.5492	0.000156462	
11.5495	0.000156462	
11.5498	0.000156462	
11.5501	0.000156462	
11.5504	0.000156462	
11.5508	0.000156462	
11.5511	0.000156462	
11.5514	0.00015609	
11.5517	0.00015609	
11.552	0.00015609	
11.5523	0.00015609	
11.5526	0.00015609	
11.5529	0.00015609	
11.5532	0.00015609	
11.5535	0.00015609	
11.5538	0.00015609	
11.5541	0.00015609	
11.5544	0.00015609	
11.5547	0.00015609	
11.555	0.00015609	
11.5553	0.00015609	
11.5556	0.00015609	
11.5559	0.00015609	
11.5563	0.00015609	
11.5566	0.00015609	
11.5569	0.00015609	
11.5572	0.00015609	
11.5575	0.00015609	
11.5578	0.00015609	
11.5581	0.00015609	
11.5584	0.000155717	
11.5587	0.000155717	
11.559	0.000155717	
11.5593	0.000155717	
11.5596	0.000155717	
11.5599	0.000155717	
11.5602	0.000155717	
11.5605	0.000155717	
11.5608	0.000155717	
11.5611	0.000155717	
11.5614	0.000155717	
11.5618	0.000155717	
11.5621	0.000155717	
11.5624	0.000155717	
11.5627	0.000155717	
11.563	0.000155717	
11.5633	0.000155717	
11.5636	0.000155717	
11.5639	0.000155717	
11.5642	0.000155717	
11.5645	0.000155717	
11.5648	0.000155717	
11.5651	0.000155717	
11.5654	0.000155717	
11.5657	0.000155345	
11.566	0.000155345	
11.5663	0.000155345	
11.5666	0.000155345	
11.5669	0.000155345	
11.5673	0.000155345	
11.5676	0.000155345	
11.5679	0.000155345	
11.5682	0.000155345	
11.5685	0.000155345	
11.5688	0.000155345	
11.5691	0.000155345	
11.5694	0.000155345	
11.5697	0.000155345	
11.57	0.000155345	
11.5703	0.000155345	
11.5706	0.000155345	
11.5709	0.000155345	
11.5712	0.000155345	
11.5715	0.000155345	
11.5718	0.000155345	
11.5721	0.000155345	
11.5724	0.000155345	
11.5728	0.000154972	
11.5731	0.000154972	
11.5734	0.000154972	
11.5737	0.000154972	
11.574	0.000154972	
11.5743	0.000154972	
11.5746	0.000154972	
11.5749	0.000154972	
11.5752	0.000154972	
11.5755	0.000154972	
11.5758	0.000154972	
11.5761	0.000154972	
11.5764	0.000154972	
11.5767	0.000154972	
11.577	0.000154972	
11.5773	0.000154972	
11.5776	0.000154972	
11.5779	0.000154972	
11.5783	0.000154972	
11.5786	0.000154972	
11.5789	0.000154972	
11.5792	0.000154972	
11.5795	0.000154972	
11.5798	0.0001546	
11.5801	0.0001546	
11.5804	0.0001546	
11.5807	0.0001546	
11.581	0.0001546	
11.5813	0.0001546	
11.5816	0.0001546	
11.5819	0.0001546	
11.5822	0.0001546	
11.5825	0.0001546	
11.5828	0.0001546	
11.5831	0.0001546	
11.5834	0.0001546	
11.5838	0.0001546	
11.5841	0.0001546	
11.5844	0.0001546	
11.5847	0.0001546	
11.585	0.0001546	
11.5853	0.0001546	
11.5856	0.0001546	
11.5859	0.0001546	
11.5862	0.0001546	
11.5865	0.0001546	
11.5868	0.000154227	
11.5871	0.000154227	
11.5874	0.000154227	
11.5877	0.000154227	
11.588	0.000154227	
11.5883	0.000154227	
11.5886	0.000154227	
11.5889	0.000154227	
11.5893	0.000154227	
11.5896	0.000154227	
11.5899	0.000154227	
11.5902	0.000154227	
11.5905	0.000154227	
11.5908	0.000154227	
11.5911	0.000154227	
11.5914	0.000154227	
11.5917	0.000154227	
11.592	0.000154227	
11.5923	0.000154227	
11.5926	0.000154227	
11.5929	0.000154227	
11.5932	0.000154227	
11.5935	0.000154227	
11.5938	0.000154227	
11.5941	0.000153854	
11.5945	0.000153854	
11.5948	0.000153854	
11.5951	0.000153854	
11.5954	0.000153854	
11.5957	0.000153854	
11.596	0.000153854	
11.5963	0.000153854	
11.5966	0.000153854	
11.5969	0.000153854	
11.5972	0.000153854	
11.5975	0.000153854	
11.5978	0.000153854	
11.5981	0.000153854	
11.5984	0.000153854	
11.5987	0.000153854	
11.599	0.000153854	
11.5993	0.000153854	
11.5996	0.000153854	
11.6	0.000153854	
11.6003	0.000153854	
11.6006	0.000153854	
11.6009	0.000153854	
11.6012	0.000153854	
11.6015	0.000153482	
11.6018	0.000153482	
11.6021	0.000153482	
11.6024	0.000153482	
11.6027	0.000153482	
11.603	0.000153482	
11.6033	0.000153482	
11.6036	0.000153482	
11.6039	0.000153482	
11.6042	0.000153482	
11.6045	0.000153482	
11.6048	0.000153482	
11.6051	0.000153482	
11.6055	0.000153482	
11.6058	0.000153482	
11.6061	0.000153482	
11.6064	0.000153482	
11.6067	0.000153482	
11.607	0.000153482	
11.6073	0.000153482	
11.6076	0.000153482	
11.6079	0.000153482	
11.6082	0.000153482	
11.6085	0.000153109	
11.6088	0.000153109	
11.6091	0.000153109	
11.6094	0.000153109	
11.6097	0.000153109	
11.61	0.000153109	
11.6103	0.000153109	
11.6106	0.000153109	
11.611	0.000153109	
11.6113	0.000153109	
11.6116	0.000153109	
11.6119	0.000153109	
11.6122	0.000153109	
11.6125	0.000153109	
11.6128	0.000153109	
11.6131	0.000153109	
11.6134	0.000153109	
11.6137	0.000153109	
11.614	0.000153109	
11.6143	0.000153109	
11.6146	0.000153109	
11.6149	0.000153109	
11.6152	0.000153109	
11.6155	0.000153109	
11.6158	0.000152737	
11.6161	0.000152737	
11.6165	0.000152737	
11.6168	0.000152737	
11.6171	0.000152737	
11.6174	0.000152737	
11.6177	0.000152737	
11.618	0.000152737	
11.6183	0.000152737	
11.6186	0.000152737	
11.6189	0.000152737	
11.6192	0.000152737	
11.6195	0.000152737	
11.6198	0.000152737	
11.6201	0.000152737	
11.6204	0.000152737	
11.6207	0.000152737	
11.621	0.000152737	
11.6213	0.000152737	
11.6216	0.000152737	
11.622	0.000152737	
11.6223	0.000152737	
11.6226	0.000152737	
11.6229	0.000152737	
11.6232	0.000152364	
11.6235	0.000152364	
11.6238	0.000152364	
11.6241	0.000152364	
11.6244	0.000152364	
11.6247	0.000152364	
11.625	0.000152364	
11.6253	0.000152364	
11.6256	0.000152364	
11.6259	0.000152364	
11.6262	0.000152364	
11.6265	0.000152364	
11.6268	0.000152364	
11.6271	0.000152364	
11.6275	0.000152364	
11.6278	0.000152364	
11.6281	0.000152364	
11.6284	0.000152364	
11.6287	0.000152364	
11.629	0.000152364	
11.6293	0.000152364	
11.6296	0.000152364	
11.6299	0.000152364	
11.6302	0.000152364	
11.6305	0.000151992	
11.6308	0.000151992	
11.6311	0.000151992	
11.6314	0.000151992	
11.6317	0.000151992	
11.632	0.000151992	
11.6323	0.000151992	
11.6326	0.000151992	
11.633	0.000151992	
11.6333	0.000151992	
11.6336	0.000151992	
11.6339	0.000151992	
11.6342	0.000151992	
11.6345	0.000151992	
11.6348	0.000151992	
11.6351	0.000151992	
11.6354	0.000151992	
11.6357	0.000151992	
11.636	0.000151992	
11.6363	0.000151992	
11.6366	0.000151992	
11.6369	0.000151992	
11.6372	0.000151992	
11.6375	0.000151992	
11.6378	0.000151619	
11.6381	0.000151619	
11.6385	0.000151619	
11.6388	0.000151619	
11.6391	0.000151619	
11.6394	0.000151619	
11.6397	0.000151619	
11.64	0.000151619	
11.6403	0.000151619	
11.6406	0.000151619	
11.6409	0.000151619	
11.6412	0.000151619	
11.6415	0.000151619	
11.6418	0.000151619	
11.6421	0.000151619	
11.6424	0.000151619	
11.6427	0.000151619	
11.643	0.000151619	
11.6433	0.000151619	
11.6436	0.000151619	
11.644	0.000151619	
11.6443	0.000151619	
11.6446	0.000151619	
11.6449	0.000151619	
11.6452	0.000151247	
11.6455	0.000151247	
11.6458	0.000151247	
11.6461	0.000151247	
11.6464	0.000151247	
11.6467	0.000151247	
11.647	0.000151247	
11.6473	0.000151247	
11.6476	0.000151247	
11.6479	0.000151247	
11.6482	0.000151247	
11.6485	0.000151247	
11.6488	0.000151247	
11.6491	0.000151247	
11.6495	0.000151247	
11.6498	0.000151247	
11.6501	0.000151247	
11.6504	0.000151247	
11.6507	0.000151247	
11.651	0.000151247	
11.6513	0.000151247	
11.6516	0.000151247	
11.6519	0.000151247	
11.6522	0.000151247	
11.6525	0.000150874	
11.6528	0.000150874	
11.6531	0.000150874	
11.6534	0.000150874	
11.6537	0.000150874	
11.654	0.000150874	
11.6543	0.000150874	
11.6546	0.000150874	
11.655	0.000150874	
11.6553	0.000150874	
11.6556	0.000150874	
11.6559	0.000150874	
11.6562	0.000150874	
11.6565	0.000150874	
11.6568	0.000150874	
11.6571	0.000150874	
11.6574	0.000150874	
11.6577	0.000150874	
11.658	0.000150874	
11.6583	0.000150874	
11.6586	0.000150874	
11.6589	0.000150874	
11.6592	0.000150874	
11.6595	0.000150874	
11.6598	0.000150502	
11.6601	0.000150502	
11.6605	0.000150502	
11.6608	0.000150502	
11.6611	0.000150502	
11.6614	0.000150502	
11.6617	0.000150502	
11.662	0.000150502	
11.6623	0.000150502	
11.6626	0.000150502	
11.6629	0.000150502	
11.6632	0.000150502	
11.6635	0.000150502	
11.6638	0.000150502	
11.6641	0.000150502	
11.6644	0.000150502	
11.6647	0.000150502	
11.665	0.000150502	
11.6653	0.000150502	
11.6656	0.000150502	
11.666	0.000150502	
11.6663	0.000150502	
11.6666	0.000150502	
11.6669	0.000150502	
11.6672	0.000150502	
11.6675	0.000150129	
11.6678	0.000150129	
11.6681	0.000150129	
11.6684	0.000150129	
11.6687	0.000150129	
11.669	0.000150129	
11.6693	0.000150129	
11.6696	0.000150129	
11.6699	0.000150129	
11.6702	0.000150129	
11.6705	0.000150129	
11.6708	0.000150129	
11.6711	0.000150129	
11.6715	0.000150129	
11.6718	0.000150129	
11.6721	0.000150129	
11.6724	0.000150129	
11.6727	0.000150129	
11.673	0.000150129	
11.6733	0.000150129	
11.6736	0.000150129	
11.6739	0.000150129	
11.6742	0.000150129	
11.6745	0.000150129	
11.6748	0.000149757	
11.6751	0.000149757	
11.6754	0.000149757	
11.6757	0.000149757	
11.676	0.000149757	
11.6763	0.000149757	
11.6766	0.000149757	
11.677	0.000149757	
11.6773	0.000149757	
11.6776	0.000149757	
11.6779	0.000149757	
11.6782	0.000149757	
11.6785	0.000149757	
11.6788	0.000149757	
11.6791	0.000149757	
11.6794	0.000149757	
11.6797	0.000149757	
11.68	0.000149757	
11.6803	0.000149757	
11.6806	0.000149757	
11.6809	0.000149757	
11.6812	0.000149757	
11.6815	0.000149757	
11.6818	0.000149757	
11.6821	0.000149757	
11.6825	0.000149384	
11.6828	0.000149384	
11.6831	0.000149384	
11.6834	0.000149384	
11.6837	0.000149384	
11.684	0.000149384	
11.6843	0.000149384	
11.6846	0.000149384	
11.6849	0.000149384	
11.6852	0.000149384	
11.6855	0.000149384	
11.6858	0.000149384	
11.6861	0.000149384	
11.6864	0.000149384	
11.6867	0.000149384	
11.687	0.000149384	
11.6873	0.000149384	
11.6876	0.000149384	
11.688	0.000149384	
11.6883	0.000149384	
11.6886	0.000149384	
11.6889	0.000149384	
11.6892	0.000149384	
11.6895	0.000149384	
11.6898	0.000149384	
11.6901	0.000149012	
11.6904	0.000149012	
11.6907	0.000149012	
11.691	0.000149012	
11.6913	0.000149012	
11.6916	0.000149012	
11.6919	0.000149012	
11.6922	0.000149012	
11.6925	0.000149012	
11.6928	0.000149012	
11.6931	0.000149012	
11.6935	0.000149012	
11.6938	0.000149012	
11.6941	0.000149012	
11.6944	0.000149012	
11.6947	0.000149012	
11.695	0.000149012	
11.6953	0.000149012	
11.6956	0.000149012	
11.6959	0.000149012	
11.6962	0.000149012	
11.6965	0.000149012	
11.6968	0.000149012	
11.6971	0.000149012	
11.6974	0.000148639	
11.6977	0.000148639	
11.698	0.000148639	
11.6983	0.000148639	
11.6986	0.000148639	
11.699	0.000148639	
11.6993	0.000148639	
11.6996	0.000148639	
11.6999	0.000148639	
11.7002	0.000148639	
11.7005	0.000148639	
11.7008	0.000148639	
11.7011	0.000148639	
11.7014	0.000148639	
11.7017	0.000148639	
11.702	0.000148639	
11.7023	0.000148639	
11.7026	0.000148639	
11.7029	0.000148639	
11.7032	0.000148639	
11.7035	0.000148639	
11.7038	0.000148639	
11.7041	0.000148639	
11.7045	0.000148639	
11.7048	0.000148639	
11.7051	0.000148267	
11.7054	0.000148267	
11.7057	0.000148267	
11.706	0.000148267	
11.7063	0.000148267	
11.7066	0.000148267	
11.7069	0.000148267	
11.7072	0.000148267	
11.7075	0.000148267	
11.7078	0.000148267	
11.7081	0.000148267	
11.7084	0.000148267	
11.7087	0.000148267	
11.709	0.000148267	
11.7093	0.000148267	
11.7096	0.000148267	
11.71	0.000148267	
11.7103	0.000148267	
11.7106	0.000148267	
11.7109	0.000148267	
11.7112	0.000148267	
11.7115	0.000148267	
11.7118	0.000148267	
11.7121	0.000148267	
11.7124	0.000148267	
11.7127	0.000147894	
11.713	0.000147894	
11.7133	0.000147894	
11.7136	0.000147894	
11.7139	0.000147894	
11.7142	0.000147894	
11.7145	0.000147894	
11.7148	0.000147894	
11.7151	0.000147894	
11.7155	0.000147894	
11.7158	0.000147894	
11.7161	0.000147894	
11.7164	0.000147894	
11.7167	0.000147894	
11.717	0.000147894	
11.7173	0.000147894	
11.7176	0.000147894	
11.7179	0.000147894	
11.7182	0.000147894	
11.7185	0.000147894	
11.7188	0.000147894	
11.7191	0.000147894	
11.7194	0.000147894	
11.7197	0.000147894	
11.72	0.000147894	
11.7203	0.000147521	
11.7206	0.000147521	
11.721	0.000147521	
11.7213	0.000147521	
11.7216	0.000147521	
11.7219	0.000147521	
11.7222	0.000147521	
11.7225	0.000147521	
11.7228	0.000147521	
11.7231	0.000147521	
11.7234	0.000147521	
11.7237	0.000147521	
11.724	0.000147521	
11.7243	0.000147521	
11.7246	0.000147521	
11.7249	0.000147521	
11.7252	0.000147521	
11.7255	0.000147521	
11.7258	0.000147521	
11.7261	0.000147521	
11.7265	0.000147521	
11.7268	0.000147521	
11.7271	0.000147521	
11.7274	0.000147521	
11.7277	0.000147521	
11.728	0.000147149	
11.7283	0.000147149	
11.7286	0.000147149	
11.7289	0.000147149	
11.7292	0.000147149	
11.7295	0.000147149	
11.7298	0.000147149	
11.7301	0.000147149	
11.7304	0.000147149	
11.7307	0.000147149	
11.731	0.000147149	
11.7313	0.000147149	
11.7316	0.000147149	
11.732	0.000147149	
11.7323	0.000147149	
11.7326	0.000147149	
11.7329	0.000147149	
11.7332	0.000147149	
11.7335	0.000147149	
11.7338	0.000147149	
11.7341	0.000147149	
11.7344	0.000147149	
11.7347	0.000147149	
11.735	0.000147149	
11.7353	0.000147149	
11.7356	0.000147149	
11.7359	0.000146776	
11.7362	0.000146776	
11.7365	0.000146776	
11.7368	0.000146776	
11.7371	0.000146776	
11.7375	0.000146776	
11.7378	0.000146776	
11.7381	0.000146776	
11.7384	0.000146776	
11.7387	0.000146776	
11.739	0.000146776	
11.7393	0.000146776	
11.7396	0.000146776	
11.7399	0.000146776	
11.7402	0.000146776	
11.7405	0.000146776	
11.7408	0.000146776	
11.7411	0.000146776	
11.7414	0.000146776	
11.7417	0.000146776	
11.742	0.000146776	
11.7423	0.000146776	
11.7426	0.000146776	
11.743	0.000146776	
11.7433	0.000146776	
11.7436	0.000146404	
11.7439	0.000146404	
11.7442	0.000146404	
11.7445	0.000146404	
11.7448	0.000146404	
11.7451	0.000146404	
11.7454	0.000146404	
11.7457	0.000146404	
11.746	0.000146404	
11.7463	0.000146404	
11.7466	0.000146404	
11.7469	0.000146404	
11.7472	0.000146404	
11.7475	0.000146404	
11.7478	0.000146404	
11.7481	0.000146404	
11.7485	0.000146404	
11.7488	0.000146404	
11.7491	0.000146404	
11.7494	0.000146404	
11.7497	0.000146404	
11.75	0.000146404	
11.7503	0.000146404	
11.7506	0.000146404	
11.7509	0.000146404	
11.7512	0.000146404	
11.7515	0.000146031	
11.7518	0.000146031	
11.7521	0.000146031	
11.7524	0.000146031	
11.7527	0.000146031	
11.753	0.000146031	
11.7533	0.000146031	
11.7536	0.000146031	
11.754	0.000146031	
11.7543	0.000146031	
11.7546	0.000146031	
11.7549	0.000146031	
11.7552	0.000146031	
11.7555	0.000146031	
11.7558	0.000146031	
11.7561	0.000146031	
11.7564	0.000146031	
11.7567	0.000146031	
11.757	0.000146031	
11.7573	0.000146031	
11.7576	0.000146031	
11.7579	0.000146031	
11.7582	0.000146031	
11.7585	0.000146031	
11.7588	0.000146031	
11.7591	0.000145659	
11.7595	0.000145659	
11.7598	0.000145659	
11.7601	0.000145659	
11.7604	0.000145659	
11.7607	0.000145659	
11.761	0.000145659	
11.7613	0.000145659	
11.7616	0.000145659	
11.7619	0.000145659	
11.7622	0.000145659	
11.7625	0.000145659	
11.7628	0.000145659	
11.7631	0.000145659	
11.7634	0.000145659	
11.7637	0.000145659	
11.764	0.000145659	
11.7643	0.000145659	
11.7647	0.000145659	
11.765	0.000145659	
11.7653	0.000145659	
11.7656	0.000145659	
11.7659	0.000145659	
11.7662	0.000145659	
11.7665	0.000145659	
11.7668	0.000145659	
11.7671	0.000145286	
11.7674	0.000145286	
11.7677	0.000145286	
11.768	0.000145286	
11.7683	0.000145286	
11.7686	0.000145286	
11.7689	0.000145286	
11.7692	0.000145286	
11.7695	0.000145286	
11.7698	0.000145286	
11.7702	0.000145286	
11.7705	0.000145286	
11.7708	0.000145286	
11.7711	0.000145286	
11.7714	0.000145286	
11.7717	0.000145286	
11.772	0.000145286	
11.7723	0.000145286	
11.7726	0.000145286	
11.7729	0.000145286	
11.7732	0.000145286	
11.7735	0.000145286	
11.7738	0.000145286	
11.7741	0.000145286	
11.7744	0.000145286	
11.7747	0.000145286	
11.775	0.000144914	
11.7753	0.000144914	
11.7757	0.000144914	
11.776	0.000144914	
11.7763	0.000144914	
11.7766	0.000144914	
11.7769	0.000144914	
11.7772	0.000144914	
11.7775	0.000144914	
11.7778	0.000144914	
11.7781	0.000144914	
11.7784	0.000144914	
11.7787	0.000144914	
11.779	0.000144914	
11.7793	0.000144914	
11.7796	0.000144914	
11.7799	0.000144914	
11.7802	0.000144914	
11.7805	0.000144914	
11.7808	0.000144914	
11.7812	0.000144914	
11.7815	0.000144914	
11.7818	0.000144914	
11.7821	0.000144914	
11.7824	0.000144914	
11.7827	0.000144914	
11.783	0.000144541	
11.7833	0.000144541	
11.7836	0.000144541	
11.7839	0.000144541	
11.7842	0.000144541	
11.7845	0.000144541	
11.7848	0.000144541	
11.7851	0.000144541	
11.7854	0.000144541	
11.7857	0.000144541	
11.786	0.000144541	
11.7863	0.000144541	
11.7867	0.000144541	
11.787	0.000144541	
11.7873	0.000144541	
11.7876	0.000144541	
11.7879	0.000144541	
11.7882	0.000144541	
11.7885	0.000144541	
11.7888	0.000144541	
11.7891	0.000144541	
11.7894	0.000144541	
11.7897	0.000144541	
11.79	0.000144541	
11.7903	0.000144541	
11.7906	0.000144541	
11.7909	0.000144169	
11.7912	0.000144169	
11.7915	0.000144169	
11.7918	0.000144169	
11.7922	0.000144169	
11.7925	0.000144169	
11.7928	0.000144169	
11.7931	0.000144169	
11.7934	0.000144169	
11.7937	0.000144169	
11.794	0.000144169	
11.7943	0.000144169	
11.7946	0.000144169	
11.7949	0.000144169	
11.7952	0.000144169	
11.7955	0.000144169	
11.7958	0.000144169	
11.7961	0.000144169	
11.7964	0.000144169	
11.7967	0.000144169	
11.797	0.000144169	
11.7973	0.000144169	
11.7977	0.000144169	
11.798	0.000144169	
11.7983	0.000144169	
11.7986	0.000144169	
11.7989	0.000143796	
11.7992	0.000143796	
11.7995	0.000143796	
11.7998	0.000143796	
11.8001	0.000143796	
11.8004	0.000143796	
11.8007	0.000143796	
11.801	0.000143796	
11.8013	0.000143796	
11.8016	0.000143796	
11.8019	0.000143796	
11.8022	0.000143796	
11.8025	0.000143796	
11.8028	0.000143796	
11.8032	0.000143796	
11.8035	0.000143796	
11.8038	0.000143796	
11.8041	0.000143796	
11.8044	0.000143796	
11.8047	0.000143796	
11.805	0.000143796	
11.8053	0.000143796	
11.8056	0.000143796	
11.8059	0.000143796	
11.8062	0.000143796	
11.8065	0.000143796	
11.8068	0.000143424	
11.8071	0.000143424	
11.8074	0.000143424	
11.8077	0.000143424	
11.808	0.000143424	
11.8083	0.000143424	
11.8087	0.000143424	
11.809	0.000143424	
11.8093	0.000143424	
11.8096	0.000143424	
11.8099	0.000143424	
11.8102	0.000143424	
11.8105	0.000143424	
11.8108	0.000143424	
11.8111	0.000143424	
11.8114	0.000143424	
11.8117	0.000143424	
11.812	0.000143424	
11.8123	0.000143424	
11.8126	0.000143424	
11.8129	0.000143424	
11.8132	0.000143424	
11.8135	0.000143424	
11.8138	0.000143424	
11.8142	0.000143424	
11.8145	0.000143424	
11.8148	0.000143051	
11.8151	0.000143051	
11.8154	0.000143051	
11.8157	0.000143051	
11.816	0.000143051	
11.8163	0.000143051	
11.8166	0.000143051	
11.8169	0.000143051	
11.8172	0.000143051	
11.8175	0.000143051	
11.8178	0.000143051	
11.8181	0.000143051	
11.8184	0.000143051	
11.8187	0.000143051	
11.819	0.000143051	
11.8193	0.000143051	
11.8197	0.000143051	
11.82	0.000143051	
11.8203	0.000143051	
11.8206	0.000143051	
11.8209	0.000143051	
11.8212	0.000143051	
11.8215	0.000143051	
11.8218	0.000143051	
11.8221	0.000143051	
11.8224	0.000143051	
11.8227	0.000143051	
11.823	0.000142679	
11.8233	0.000142679	
11.8236	0.000142679	
11.8239	0.000142679	
11.8242	0.000142679	
11.8245	0.000142679	
11.8248	0.000142679	
11.8252	0.000142679	
11.8255	0.000142679	
11.8258	0.000142679	
11.8261	0.000142679	
11.8264	0.000142679	
11.8267	0.000142679	
11.827	0.000142679	
11.8273	0.000142679	
11.8276	0.000142679	
11.8279	0.000142679	
11.8282	0.000142679	
11.8285	0.000142679	
11.8288	0.000142679	
11.8291	0.000142679	
11.8294	0.000142679	
11.8297	0.000142679	
11.83	0.000142679	
11.8303	0.000142679	
11.8307	0.000142679	
11.831	0.000142306	
11.8313	0.000142306	
11.8316	0.000142306	
11.8319	0.000142306	
11.8322	0.000142306	
11.8325	0.000142306	
11.8328	0.000142306	
11.8331	0.000142306	
11.8334	0.000142306	
11.8337	0.000142306	
11.834	0.000142306	
11.8343	0.000142306	
11.8346	0.000142306	
11.8349	0.000142306	
11.8352	0.000142306	
11.8355	0.000142306	
11.8358	0.000142306	
11.8362	0.000142306	
11.8365	0.000142306	
11.8368	0.000142306	
11.8371	0.000142306	
11.8374	0.000142306	
11.8377	0.000142306	
11.838	0.000142306	
11.8383	0.000142306	
11.8386	0.000142306	
11.8389	0.000142306	
11.8392	0.000141934	
11.8395	0.000141934	
11.8398	0.000141934	
11.8401	0.000141934	
11.8404	0.000141934	
11.8407	0.000141934	
11.841	0.000141934	
11.8413	0.000141934	
11.8417	0.000141934	
11.842	0.000141934	
11.8423	0.000141934	
11.8426	0.000141934	
11.8429	0.000141934	
11.8432	0.000141934	
11.8435	0.000141934	
11.8438	0.000141934	
11.8441	0.000141934	
11.8444	0.000141934	
11.8447	0.000141934	
11.845	0.000141934	
11.8453	0.000141934	
11.8456	0.000141934	
11.8459	0.000141934	
11.8462	0.000141934	
11.8465	0.000141934	
11.8468	0.000141934	
11.8472	0.000141934	
11.8475	0.000141561	
11.8478	0.000141561	
11.8481	0.000141561	
11.8484	0.000141561	
11.8487	0.000141561	
11.849	0.000141561	
11.8493	0.000141561	
11.8496	0.000141561	
11.8499	0.000141561	
11.8502	0.000141561	
11.8505	0.000141561	
11.8508	0.000141561	
11.8511	0.000141561	
11.8514	0.000141561	
11.8517	0.000141561	
11.852	0.000141561	
11.8523	0.000141561	
11.8527	0.000141561	
11.853	0.000141561	
11.8533	0.000141561	
11.8536	0.000141561	
11.8539	0.000141561	
11.8542	0.000141561	
11.8545	0.000141561	
11.8548	0.000141561	
11.8551	0.000141561	
11.8554	0.000141189	
11.8557	0.000141189	
11.856	0.000141189	
11.8563	0.000141189	
11.8566	0.000141189	
11.8569	0.000141189	
11.8572	0.000141189	
11.8575	0.000141189	
11.8578	0.000141189	
11.8582	0.000141189	
11.8585	0.000141189	
11.8588	0.000141189	
11.8591	0.000141189	
11.8594	0.000141189	
11.8597	0.000141189	
11.86	0.000141189	
11.8603	0.000141189	
11.8606	0.000141189	
11.8609	0.000141189	
11.8612	0.000141189	
11.8615	0.000141189	
11.8618	0.000141189	
11.8621	0.000141189	
11.8624	0.000141189	
11.8627	0.000141189	
11.863	0.000141189	
11.8633	0.000141189	
11.8637	0.000140816	
11.864	0.000140816	
11.8643	0.000140816	
11.8646	0.000140816	
11.8649	0.000140816	
11.8652	0.000140816	
11.8655	0.000140816	
11.8658	0.000140816	
11.8661	0.000140816	
11.8664	0.000140816	
11.8667	0.000140816	
11.867	0.000140816	
11.8673	0.000140816	
11.8676	0.000140816	
11.8679	0.000140816	
11.8682	0.000140816	
11.8685	0.000140816	
11.8688	0.000140816	
11.8692	0.000140816	
11.8695	0.000140816	
11.8698	0.000140816	
11.8701	0.000140816	
11.8704	0.000140816	
11.8707	0.000140816	
11.871	0.000140816	
11.8713	0.000140816	
11.8716	0.000140816	
11.8719	0.000140443	
11.8722	0.000140443	
11.8725	0.000140443	
11.8728	0.000140443	
11.8731	0.000140443	
11.8734	0.000140443	
11.8737	0.000140443	
11.874	0.000140443	
11.8743	0.000140443	
11.8747	0.000140443	
11.875	0.000140443	
11.8753	0.000140443	
11.8756	0.000140443	
11.8759	0.000140443	
11.8762	0.000140443	
11.8765	0.000140443	
11.8768	0.000140443	
11.8771	0.000140443	
11.8774	0.000140443	
11.8777	0.000140443	
11.878	0.000140443	
11.8783	0.000140443	
11.8786	0.000140443	
11.8789	0.000140443	
11.8792	0.000140443	
11.8795	0.000140443	
11.8798	0.000140443	
11.8802	0.000140443	
11.8805	0.000140071	
11.8808	0.000140071	
11.8811	0.000140071	
11.8814	0.000140071	
11.8817	0.000140071	
11.882	0.000140071	
11.8823	0.000140071	
11.8826	0.000140071	
11.8829	0.000140071	
11.8832	0.000140071	
11.8835	0.000140071	
11.8838	0.000140071	
11.8841	0.000140071	
11.8844	0.000140071	
11.8847	0.000140071	
11.885	0.000140071	
11.8853	0.000140071	
11.8857	0.000140071	
11.886	0.000140071	
11.8863	0.000140071	
11.8866	0.000140071	
11.8869	0.000140071	
11.8872	0.000140071	
11.8875	0.000140071	
11.8878	0.000140071	
11.8881	0.000140071	
11.8884	0.000140071	
11.8887	0.000139698	
11.889	0.000139698	
11.8893	0.000139698	
11.8896	0.000139698	
11.8899	0.000139698	
11.8902	0.000139698	
11.8905	0.000139698	
11.8908	0.000139698	
11.8912	0.000139698	
11.8915	0.000139698	
11.8918	0.000139698	
11.8921	0.000139698	
11.8924	0.000139698	
11.8927	0.000139698	
11.893	0.000139698	
11.8933	0.000139698	
11.8936	0.000139698	
11.8939	0.000139698	
11.8942	0.000139698	
11.8945	0.000139698	
11.8948	0.000139698	
11.8951	0.000139698	
11.8954	0.000139698	
11.8957	0.000139698	
11.896	0.000139698	
11.8963	0.000139698	
11.8967	0.000139698	
11.897	0.000139326	
11.8973	0.000139326	
11.8976	0.000139326	
11.8979	0.000139326	
11.8982	0.000139326	
11.8985	0.000139326	
11.8988	0.000139326	
11.8991	0.000139326	
11.8994	0.000139326	
11.8997	0.000139326	
11.9	0.000139326	
11.9003	0.000139326	
11.9006	0.000139326	
11.9009	0.000139326	
11.9012	0.000139326	
11.9015	0.000139326	
11.9018	0.000139326	
11.9022	0.000139326	
11.9025	0.000139326	
11.9028	0.000139326	
11.9031	0.000139326	
11.9034	0.000139326	
11.9037	0.000139326	
11.904	0.000139326	
11.9043	0.000139326	
11.9046	0.000139326	
11.9049	0.000139326	
11.9052	0.000139326	
11.9055	0.000138953	
11.9058	0.000138953	
11.9061	0.000138953	
11.9064	0.000138953	
11.9067	0.000138953	
11.907	0.000138953	
11.9073	0.000138953	
11.9077	0.000138953	
11.908	0.000138953	
11.9083	0.000138953	
11.9086	0.000138953	
11.9089	0.000138953	
11.9092	0.000138953	
11.9095	0.000138953	
11.9098	0.000138953	
11.9101	0.000138953	
11.9104	0.000138953	
11.9107	0.000138953	
11.911	0.000138953	
11.9113	0.000138953	
11.9116	0.000138953	
11.9119	0.000138953	
11.9122	0.000138953	
11.9125	0.000138953	
11.9128	0.000138953	
11.9132	0.000138953	
11.9135	0.000138953	
11.9138	0.000138953	
11.9141	0.000138581	
11.9144	0.000138581	
11.9147	0.000138581	
11.915	0.000138581	
11.9153	0.000138581	
11.9156	0.000138581	
11.9159	0.000138581	
11.9162	0.000138581	
11.9165	0.000138581	
11.9168	0.000138581	
11.9171	0.000138581	
11.9174	0.000138581	
11.9177	0.000138581	
11.918	0.000138581	
11.9183	0.000138581	
11.9187	0.000138581	
11.919	0.000138581	
11.9193	0.000138581	
11.9196	0.000138581	
11.9199	0.000138581	
11.9202	0.000138581	
11.9205	0.000138581	
11.9208	0.000138581	
11.9211	0.000138581	
11.9214	0.000138581	
11.9217	0.000138581	
11.922	0.000138581	
11.9223	0.000138208	
11.9226	0.000138208	
11.9229	0.000138208	
11.9232	0.000138208	
11.9235	0.000138208	
11.9238	0.000138208	
11.9242	0.000138208	
11.9245	0.000138208	
11.9248	0.000138208	
11.9251	0.000138208	
11.9254	0.000138208	
11.9257	0.000138208	
11.926	0.000138208	
11.9263	0.000138208	
11.9266	0.000138208	
11.9269	0.000138208	
11.9272	0.000138208	
11.9275	0.000138208	
11.9278	0.000138208	
11.9281	0.000138208	
11.9284	0.000138208	
11.9287	0.000138208	
11.929	0.000138208	
11.9293	0.000138208	
11.9297	0.000138208	
11.93	0.000138208	
11.9303	0.000138208	
11.9306	0.000138208	
11.9309	0.000137836	
11.9312	0.000137836	
11.9315	0.000137836	
11.9318	0.000137836	
11.9321	0.000137836	
11.9324	0.000137836	
11.9327	0.000137836	
11.933	0.000137836	
11.9333	0.000137836	
11.9336	0.000137836	
11.9339	0.000137836	
11.9342	0.000137836	
11.9345	0.000137836	
11.9349	0.000137836	
11.9352	0.000137836	
11.9355	0.000137836	
11.9358	0.000137836	
11.9361	0.000137836	
11.9364	0.000137836	
11.9367	0.000137836	
11.937	0.000137836	
11.9373	0.000137836	
11.9376	0.000137836	
11.9379	0.000137836	
11.9382	0.000137836	
11.9385	0.000137836	
11.9388	0.000137836	
11.9391	0.000137836	
11.9394	0.000137463	
11.9397	0.000137463	
11.94	0.000137463	
11.9404	0.000137463	
11.9407	0.000137463	
11.941	0.000137463	
11.9413	0.000137463	
11.9416	0.000137463	
11.9419	0.000137463	
11.9422	0.000137463	
11.9425	0.000137463	
11.9428	0.000137463	
11.9431	0.000137463	
11.9434	0.000137463	
11.9437	0.000137463	
11.944	0.000137463	
11.9443	0.000137463	
11.9446	0.000137463	
11.9449	0.000137463	
11.9452	0.000137463	
11.9455	0.000137463	
11.9459	0.000137463	
11.9462	0.000137463	
11.9465	0.000137463	
11.9468	0.000137463	
11.9471	0.000137463	
11.9474	0.000137463	
11.9477	0.000137463	
11.948	0.000137091	
11.9483	0.000137091	
11.9486	0.000137091	
11.9489	0.000137091	
11.9492	0.000137091	
11.9495	0.000137091	
11.9498	0.000137091	
11.9501	0.000137091	
11.9504	0.000137091	
11.9507	0.000137091	
11.951	0.000137091	
11.9514	0.000137091	
11.9517	0.000137091	
11.952	0.000137091	
11.9523	0.000137091	
11.9526	0.000137091	
11.9529	0.000137091	
11.9532	0.000137091	
11.9535	0.000137091	
11.9538	0.000137091	
11.9541	0.000137091	
11.9544	0.000137091	
11.9547	0.000137091	
11.955	0.000137091	
11.9553	0.000137091	
11.9556	0.000137091	
11.9559	0.000137091	
11.9562	0.000137091	
11.9565	0.000137091	
11.9569	0.000136718	
11.9572	0.000136718	
11.9575	0.000136718	
11.9578	0.000136718	
11.9581	0.000136718	
11.9584	0.000136718	
11.9587	0.000136718	
11.959	0.000136718	
11.9593	0.000136718	
11.9596	0.000136718	
11.9599	0.000136718	
11.9602	0.000136718	
11.9605	0.000136718	
11.9608	0.000136718	
11.9611	0.000136718	
11.9614	0.000136718	
11.9617	0.000136718	
11.962	0.000136718	
11.9624	0.000136718	
11.9627	0.000136718	
11.963	0.000136718	
11.9633	0.000136718	
11.9636	0.000136718	
11.9639	0.000136718	
11.9642	0.000136718	
11.9645	0.000136718	
11.9648	0.000136718	
11.9651	0.000136718	
11.9654	0.000136346	
11.9657	0.000136346	
11.966	0.000136346	
11.9663	0.000136346	
11.9666	0.000136346	
11.9669	0.000136346	
11.9672	0.000136346	
11.9675	0.000136346	
11.9679	0.000136346	
11.9682	0.000136346	
11.9685	0.000136346	
11.9688	0.000136346	
11.9691	0.000136346	
11.9694	0.000136346	
11.9697	0.000136346	
11.97	0.000136346	
11.9703	0.000136346	
11.9706	0.000136346	
11.9709	0.000136346	
11.9712	0.000136346	
11.9715	0.000136346	
11.9718	0.000136346	
11.9721	0.000136346	
11.9724	0.000136346	
11.9727	0.000136346	
11.973	0.000136346	
11.9734	0.000136346	
11.9737	0.000136346	
11.974	0.000136346	
11.9743	0.000135973	
11.9746	0.000135973	
11.9749	0.000135973	
11.9752	0.000135973	
11.9755	0.000135973	
11.9758	0.000135973	
11.9761	0.000135973	
11.9764	0.000135973	
11.9767	0.000135973	
11.977	0.000135973	
11.9773	0.000135973	
11.9776	0.000135973	
11.9779	0.000135973	
11.9782	0.000135973	
11.9785	0.000135973	
11.9789	0.000135973	
11.9792	0.000135973	
11.9795	0.000135973	
11.9798	0.000135973	
11.9801	0.000135973	
11.9804	0.000135973	
11.9807	0.000135973	
11.981	0.000135973	
11.9813	0.000135973	
11.9816	0.000135973	
11.9819	0.000135973	
11.9822	0.000135973	
11.9825	0.000135973	
11.9828	0.000135601	
11.9831	0.000135601	
11.9834	0.000135601	
11.9837	0.000135601	
11.984	0.000135601	
11.9844	0.000135601	
11.9847	0.000135601	
11.985	0.000135601	
11.9853	0.000135601	
11.9856	0.000135601	
11.9859	0.000135601	
11.9862	0.000135601	
11.9865	0.000135601	
11.9868	0.000135601	
11.9871	0.000135601	
11.9874	0.000135601	
11.9877	0.000135601	
11.988	0.000135601	
11.9883	0.000135601	
11.9886	0.000135601	
11.9889	0.000135601	
11.9892	0.000135601	
11.9895	0.000135601	
11.9899	0.000135601	
11.9902	0.000135601	
11.9905	0.000135601	
11.9908	0.000135601	
11.9911	0.000135601	
11.9914	0.000135601	
11.9917	0.000135228	
11.992	0.000135228	
11.9923	0.000135228	
11.9926	0.000135228	
11.9929	0.000135228	
11.9932	0.000135228	
11.9935	0.000135228	
11.9938	0.000135228	
11.9941	0.000135228	
11.9944	0.000135228	
11.9947	0.000135228	
11.995	0.000135228	
11.9954	0.000135228	
11.9957	0.000135228	
11.996	0.000135228	
11.9963	0.000135228	
11.9966	0.000135228	
11.9969	0.000135228	
11.9972	0.000135228	
11.9975	0.000135228	
11.9978	0.000135228	
11.9981	0.000135228	
11.9984	0.000135228	
11.9987	0.000135228	
11.999	0.000135228	
11.9993	0.000135228	
11.9996	0.000135228	
11.9999	0.000135228	
12.0002	0.000135228	
12.0005	0.000134856	
12.0009	0.000134856	
12.0012	0.000134856	
12.0015	0.000134856	
12.0018	0.000134856	
12.0021	0.000134856	
12.0024	0.000134856	
12.0027	0.000134856	
12.003	0.000134856	
12.0033	0.000134856	
12.0036	0.000134856	
12.0039	0.000134856	
12.0042	0.000134856	
12.0045	0.000134856	
12.0048	0.000134856	
12.0051	0.000134856	
12.0054	0.000134856	
12.0057	0.000134856	
12.006	0.000134856	
12.0064	0.000134856	
12.0067	0.000134856	
12.007	0.000134856	
12.0073	0.000134856	
12.0076	0.000134856	
12.0079	0.000134856	
12.0082	0.000134856	
12.0085	0.000134856	
12.0088	0.000134856	
12.0091	0.000134856	
12.0094	0.000134483	
12.0097	0.000134483	
12.01	0.000134483	
12.0103	0.000134483	
12.0106	0.000134483	
12.0109	0.000134483	
12.0112	0.000134483	
12.0115	0.000134483	
12.0119	0.000134483	
12.0122	0.000134483	
12.0125	0.000134483	
12.0128	0.000134483	
12.0131	0.000134483	
12.0134	0.000134483	
12.0137	0.000134483	
12.014	0.000134483	
12.0143	0.000134483	
12.0146	0.000134483	
12.0149	0.000134483	
12.0152	0.000134483	
12.0155	0.000134483	
12.0158	0.000134483	
12.0161	0.000134483	
12.0164	0.000134483	
12.0167	0.000134483	
12.017	0.000134483	
12.0174	0.000134483	
12.0177	0.000134483	
12.018	0.000134483	
12.0183	0.00013411	
12.0186	0.00013411	
12.0189	0.00013411	
12.0192	0.00013411	
12.0195	0.00013411	
12.0198	0.00013411	
12.0201	0.00013411	
12.0204	0.00013411	
12.0207	0.00013411	
12.021	0.00013411	
12.0213	0.00013411	
12.0216	0.00013411	
12.0219	0.00013411	
12.0222	0.00013411	
12.0225	0.00013411	
12.0229	0.00013411	
12.0232	0.00013411	
12.0235	0.00013411	
12.0238	0.00013411	
12.0241	0.00013411	
12.0244	0.00013411	
12.0247	0.00013411	
12.025	0.00013411	
12.0253	0.00013411	
12.0256	0.00013411	
12.0259	0.00013411	
12.0262	0.00013411	
12.0265	0.00013411	
12.0268	0.00013411	
12.0271	0.000133738	
12.0274	0.000133738	
12.0277	0.000133738	
12.028	0.000133738	
12.0284	0.000133738	
12.0287	0.000133738	
12.029	0.000133738	
12.0293	0.000133738	
12.0296	0.000133738	
12.0299	0.000133738	
12.0302	0.000133738	
12.0305	0.000133738	
12.0308	0.000133738	
12.0311	0.000133738	
12.0314	0.000133738	
12.0317	0.000133738	
12.032	0.000133738	
12.0323	0.000133738	
12.0326	0.000133738	
12.0329	0.000133738	
12.0332	0.000133738	
12.0335	0.000133738	
12.0339	0.000133738	
12.0342	0.000133738	
12.0345	0.000133738	
12.0348	0.000133738	
12.0351	0.000133738	
12.0354	0.000133738	
12.0357	0.000133738	
12.036	0.000133365	
12.0363	0.000133365	
12.0366	0.000133365	
12.0369	0.000133365	
12.0372	0.000133365	
12.0375	0.000133365	
12.0378	0.000133365	
12.0381	0.000133365	
12.0384	0.000133365	
12.0387	0.000133365	
12.039	0.000133365	
12.0394	0.000133365	
12.0397	0.000133365	
12.04	0.000133365	
12.0403	0.000133365	
12.0406	0.000133365	
12.0409	0.000133365	
12.0412	0.000133365	
12.0415	0.000133365	
12.0418	0.000133365	
12.0421	0.000133365	
12.0424	0.000133365	
12.0427	0.000133365	
12.043	0.000133365	
12.0433	0.000133365	
12.0436	0.000133365	
12.0439	0.000133365	
12.0442	0.000133365	
12.0445	0.000133365	
12.0449	0.000133365	
12.0452	0.000132993	
12.0455	0.000132993	
12.0458	0.000132993	
12.0461	0.000132993	
12.0464	0.000132993	
12.0467	0.000132993	
12.047	0.000132993	
12.0473	0.000132993	
12.0476	0.000132993	
12.0479	0.000132993	
12.0482	0.000132993	
12.0485	0.000132993	
12.0488	0.000132993	
12.0491	0.000132993	
12.0494	0.000132993	
12.0497	0.000132993	
12.05	0.000132993	
12.0504	0.000132993	
12.0507	0.000132993	
12.051	0.000132993	
12.0513	0.000132993	
12.0516	0.000132993	
12.0519	0.000132993	
12.0522	0.000132993	
12.0525	0.000132993	
12.0528	0.000132993	
12.0531	0.000132993	
12.0534	0.000132993	
12.0537	0.000132993	
12.054	0.000132993	
12.0543	0.00013262	
12.0546	0.00013262	
12.0549	0.00013262	
12.0552	0.00013262	
12.0555	0.00013262	
12.0559	0.00013262	
12.0562	0.00013262	
12.0565	0.00013262	
12.0568	0.00013262	
12.0571	0.00013262	
12.0574	0.00013262	
12.0577	0.00013262	
12.058	0.00013262	
12.0583	0.00013262	
12.0586	0.00013262	
12.0589	0.00013262	
12.0592	0.00013262	
12.0595	0.00013262	
12.0598	0.00013262	
12.0601	0.00013262	
12.0604	0.00013262	
12.0607	0.00013262	
12.061	0.00013262	
12.0614	0.00013262	
12.0617	0.00013262	
12.062	0.00013262	
12.0623	0.00013262	
12.0626	0.00013262	
12.0629	0.00013262	
12.0632	0.000132248	
12.0635	0.000132248	
12.0638	0.000132248	
12.0641	0.000132248	
12.0644	0.000132248	
12.0647	0.000132248	
12.065	0.000132248	
12.0653	0.000132248	
12.0656	0.000132248	
12.0659	0.000132248	
12.0662	0.000132248	
12.0665	0.000132248	
12.0669	0.000132248	
12.0672	0.000132248	
12.0675	0.000132248	
12.0678	0.000132248	
12.0681	0.000132248	
12.0684	0.000132248	
12.0687	0.000132248	
12.069	0.000132248	
12.0693	0.000132248	
12.0696	0.000132248	
12.0699	0.000132248	
12.0702	0.000132248	
12.0705	0.000132248	
12.0708	0.000132248	
12.0711	0.000132248	
12.0714	0.000132248	
12.0717	0.000132248	
12.072	0.000132248	
12.0724	0.000131875	
12.0727	0.000131875	
12.073	0.000131875	
12.0733	0.000131875	
12.0736	0.000131875	
12.0739	0.000131875	
12.0742	0.000131875	
12.0745	0.000131875	
12.0748	0.000131875	
12.0751	0.000131875	
12.0754	0.000131875	
12.0757	0.000131875	
12.076	0.000131875	
12.0763	0.000131875	
12.0766	0.000131875	
12.0769	0.000131875	
12.0772	0.000131875	
12.0775	0.000131875	
12.0779	0.000131875	
12.0782	0.000131875	
12.0785	0.000131875	
12.0788	0.000131875	
12.0791	0.000131875	
12.0794	0.000131875	
12.0797	0.000131875	
12.08	0.000131875	
12.0803	0.000131875	
12.0806	0.000131875	
12.0809	0.000131875	
12.0812	0.000131875	
12.0815	0.000131503	
12.0818	0.000131503	
12.0821	0.000131503	
12.0824	0.000131503	
12.0827	0.000131503	
12.083	0.000131503	
12.0834	0.000131503	
12.0837	0.000131503	
12.084	0.000131503	
12.0843	0.000131503	
12.0846	0.000131503	
12.0849	0.000131503	
12.0852	0.000131503	
12.0855	0.000131503	
12.0858	0.000131503	
12.0861	0.000131503	
12.0864	0.000131503	
12.0867	0.000131503	
12.087	0.000131503	
12.0873	0.000131503	
12.0876	0.000131503	
12.0879	0.000131503	
12.0882	0.000131503	
12.0885	0.000131503	
12.0889	0.000131503	
12.0892	0.000131503	
12.0895	0.000131503	
12.0898	0.000131503	
12.0901	0.000131503	
12.0904	0.000131503	
12.0907	0.00013113	
12.091	0.00013113	
12.0913	0.00013113	
12.0916	0.00013113	
12.0919	0.00013113	
12.0922	0.00013113	
12.0925	0.00013113	
12.0928	0.00013113	
12.0931	0.00013113	
12.0934	0.00013113	
12.0937	0.00013113	
12.094	0.00013113	
12.0944	0.00013113	
12.0947	0.00013113	
12.095	0.00013113	
12.0953	0.00013113	
12.0956	0.00013113	
12.0959	0.00013113	
12.0962	0.00013113	
12.0965	0.00013113	
12.0968	0.00013113	
12.0971	0.00013113	
12.0974	0.00013113	
12.0977	0.00013113	
12.098	0.00013113	
12.0983	0.00013113	
12.0986	0.00013113	
12.0989	0.00013113	
12.0992	0.00013113	
12.0995	0.00013113	
12.0999	0.00013113	
12.1002	0.000130758	
12.1005	0.000130758	
12.1008	0.000130758	
12.1011	0.000130758	
12.1014	0.000130758	
12.1017	0.000130758	
12.102	0.000130758	
12.1023	0.000130758	
12.1026	0.000130758	
12.1029	0.000130758	
12.1032	0.000130758	
12.1035	0.000130758	
12.1038	0.000130758	
12.1041	0.000130758	
12.1044	0.000130758	
12.1047	0.000130758	
12.1051	0.000130758	
12.1054	0.000130758	
12.1057	0.000130758	
12.106	0.000130758	
12.1063	0.000130758	
12.1066	0.000130758	
12.1069	0.000130758	
12.1072	0.000130758	
12.1075	0.000130758	
12.1078	0.000130758	
12.1081	0.000130758	
12.1084	0.000130758	
12.1087	0.000130758	
12.109	0.000130758	
12.1093	0.000130385	
12.1096	0.000130385	
12.1099	0.000130385	
12.1102	0.000130385	
12.1106	0.000130385	
12.1109	0.000130385	
12.1112	0.000130385	
12.1115	0.000130385	
12.1118	0.000130385	
12.1121	0.000130385	
12.1124	0.000130385	
12.1127	0.000130385	
12.113	0.000130385	
12.1133	0.000130385	
12.1136	0.000130385	
12.1139	0.000130385	
12.1142	0.000130385	
12.1145	0.000130385	
12.1148	0.000130385	
12.1151	0.000130385	
12.1154	0.000130385	
12.1157	0.000130385	
12.1161	0.000130385	
12.1164	0.000130385	
12.1167	0.000130385	
12.117	0.000130385	
12.1173	0.000130385	
12.1176	0.000130385	
12.1179	0.000130385	
12.1182	0.000130385	
12.1185	0.000130385	
12.1188	0.000130013	
12.1191	0.000130013	
12.1194	0.000130013	
12.1197	0.000130013	
12.12	0.000130013	
12.1203	0.000130013	
12.1206	0.000130013	
12.1209	0.000130013	
12.1212	0.000130013	
12.1216	0.000130013	
12.1219	0.000130013	
12.1222	0.000130013	
12.1225	0.000130013	
12.1228	0.000130013	
12.1231	0.000130013	
12.1234	0.000130013	
12.1237	0.000130013	
12.124	0.000130013	
12.1243	0.000130013	
12.1246	0.000130013	
12.1249	0.000130013	
12.1252	0.000130013	
12.1255	0.000130013	
12.1258	0.000130013	
12.1261	0.000130013	
12.1264	0.000130013	
12.1267	0.000130013	
12.1271	0.000130013	
12.1274	0.000130013	
12.1277	0.000130013	
12.128	0.00012964	
12.1283	0.00012964	
12.1286	0.00012964	
12.1289	0.00012964	
12.1292	0.00012964	
12.1295	0.00012964	
12.1298	0.00012964	
12.1301	0.00012964	
12.1304	0.00012964	
12.1307	0.00012964	
12.131	0.00012964	
12.1313	0.00012964	
12.1316	0.00012964	
12.1319	0.00012964	
12.1322	0.00012964	
12.1326	0.00012964	
12.1329	0.00012964	
12.1332	0.00012964	
12.1335	0.00012964	
12.1338	0.00012964	
12.1341	0.00012964	
12.1344	0.00012964	
12.1347	0.00012964	
12.135	0.00012964	
12.1353	0.00012964	
12.1356	0.00012964	
12.1359	0.00012964	
12.1362	0.00012964	
12.1365	0.00012964	
12.1368	0.00012964	
12.1371	0.00012964	
12.1374	0.000129268	
12.1377	0.000129268	
12.1381	0.000129268	
12.1384	0.000129268	
12.1387	0.000129268	
12.139	0.000129268	
12.1393	0.000129268	
12.1396	0.000129268	
12.1399	0.000129268	
12.1402	0.000129268	
12.1405	0.000129268	
12.1408	0.000129268	
12.1411	0.000129268	
12.1414	0.000129268	
12.1417	0.000129268	
12.142	0.000129268	
12.1423	0.000129268	
12.1426	0.000129268	
12.1429	0.000129268	
12.1432	0.000129268	
12.1436	0.000129268	
12.1439	0.000129268	
12.1442	0.000129268	
12.1445	0.000129268	
12.1448	0.000129268	
12.1451	0.000129268	
12.1454	0.000129268	
12.1457	0.000129268	
12.146	0.000129268	
12.1463	0.000129268	
12.1466	0.000129268	
12.1469	0.000128895	
12.1472	0.000128895	
12.1475	0.000128895	
12.1478	0.000128895	
12.1481	0.000128895	
12.1484	0.000128895	
12.1487	0.000128895	
12.1491	0.000128895	
12.1494	0.000128895	
12.1497	0.000128895	
12.15	0.000128895	
12.1503	0.000128895	
12.1506	0.000128895	
12.1509	0.000128895	
12.1512	0.000128895	
12.1515	0.000128895	
12.1518	0.000128895	
12.1521	0.000128895	
12.1524	0.000128895	
12.1527	0.000128895	
12.153	0.000128895	
12.1533	0.000128895	
12.1536	0.000128895	
12.1539	0.000128895	
12.1542	0.000128895	
12.1546	0.000128895	
12.1549	0.000128895	
12.1552	0.000128895	
12.1555	0.000128895	
12.1558	0.000128895	
12.1561	0.000128895	
12.1564	0.000128523	
12.1567	0.000128523	
12.157	0.000128523	
12.1573	0.000128523	
12.1576	0.000128523	
12.1579	0.000128523	
12.1582	0.000128523	
12.1585	0.000128523	
12.1588	0.000128523	
12.1591	0.000128523	
12.1594	0.000128523	
12.1597	0.000128523	
12.1601	0.000128523	
12.1604	0.000128523	
12.1607	0.000128523	
12.161	0.000128523	
12.1613	0.000128523	
12.1616	0.000128523	
12.1619	0.000128523	
12.1622	0.000128523	
12.1625	0.000128523	
12.1628	0.000128523	
12.1631	0.000128523	
12.1634	0.000128523	
12.1637	0.000128523	
12.164	0.000128523	
12.1643	0.000128523	
12.1646	0.000128523	
12.1649	0.000128523	
12.1652	0.000128523	
12.1656	0.000128523	
12.1659	0.00012815	
12.1662	0.00012815	
12.1665	0.00012815	
12.1668	0.00012815	
12.1671	0.00012815	
12.1674	0.00012815	
12.1677	0.00012815	
12.168	0.00012815	
12.1683	0.00012815	
12.1686	0.00012815	
12.1689	0.00012815	
12.1692	0.00012815	
12.1695	0.00012815	
12.1698	0.00012815	
12.1701	0.00012815	
12.1704	0.00012815	
12.1707	0.00012815	
12.1711	0.00012815	
12.1714	0.00012815	
12.1717	0.00012815	
12.172	0.00012815	
12.1723	0.00012815	
12.1726	0.00012815	
12.1729	0.00012815	
12.1732	0.00012815	
12.1735	0.00012815	
12.1738	0.00012815	
12.1741	0.00012815	
12.1744	0.00012815	
12.1747	0.00012815	
12.175	0.00012815	
12.1753	0.00012815	
12.1756	0.000127777	
12.1759	0.000127777	
12.1762	0.000127777	
12.1766	0.000127777	
12.1769	0.000127777	
12.1772	0.000127777	
12.1775	0.000127777	
12.1778	0.000127777	
12.1781	0.000127777	
12.1784	0.000127777	
12.1787	0.000127777	
12.179	0.000127777	
12.1793	0.000127777	
12.1796	0.000127777	
12.1799	0.000127777	
12.1802	0.000127777	
12.1805	0.000127777	
12.1808	0.000127777	
12.1811	0.000127777	
12.1814	0.000127777	
12.1817	0.000127777	
12.1821	0.000127777	
12.1824	0.000127777	
12.1827	0.000127777	
12.183	0.000127777	
12.1833	0.000127777	
12.1836	0.000127777	
12.1839	0.000127777	
12.1842	0.000127777	
12.1845	0.000127777	
12.1848	0.000127777	
12.1851	0.000127405	
12.1854	0.000127405	
12.1857	0.000127405	
12.186	0.000127405	
12.1863	0.000127405	
12.1866	0.000127405	
12.1869	0.000127405	
12.1872	0.000127405	
12.1876	0.000127405	
12.1879	0.000127405	
12.1882	0.000127405	
12.1885	0.000127405	
12.1888	0.000127405	
12.1891	0.000127405	
12.1894	0.000127405	
12.1897	0.000127405	
12.19	0.000127405	
12.1903	0.000127405	
12.1906	0.000127405	
12.1909	0.000127405	
12.1912	0.000127405	
12.1915	0.000127405	
12.1918	0.000127405	
12.1921	0.000127405	
12.1924	0.000127405	
12.1927	0.000127405	
12.1931	0.000127405	
12.1934	0.000127405	
12.1937	0.000127405	
12.194	0.000127405	
12.1943	0.000127405	
12.1946	0.000127405	
12.1949	0.000127032	
12.1952	0.000127032	
12.1955	0.000127032	
12.1958	0.000127032	
12.1961	0.000127032	
12.1964	0.000127032	
12.1967	0.000127032	
12.197	0.000127032	
12.1973	0.000127032	
12.1976	0.000127032	
12.1979	0.000127032	
12.1982	0.000127032	
12.1986	0.000127032	
12.1989	0.000127032	
12.1992	0.000127032	
12.1995	0.000127032	
12.1998	0.000127032	
12.2001	0.000127032	
12.2004	0.000127032	
12.2007	0.000127032	
12.201	0.000127032	
12.2013	0.000127032	
12.2016	0.000127032	
12.2019	0.000127032	
12.2022	0.000127032	
12.2025	0.000127032	
12.2028	0.000127032	
12.2031	0.000127032	
12.2034	0.000127032	
12.2037	0.000127032	
12.2041	0.000127032	
12.2044	0.000127032	
12.2047	0.00012666	
12.205	0.00012666	
12.2053	0.00012666	
12.2056	0.00012666	
12.2059	0.00012666	
12.2062	0.00012666	
12.2065	0.00012666	
12.2068	0.00012666	
12.2071	0.00012666	
12.2074	0.00012666	
12.2077	0.00012666	
12.208	0.00012666	
12.2083	0.00012666	
12.2086	0.00012666	
12.2089	0.00012666	
12.2092	0.00012666	
12.2096	0.00012666	
12.2099	0.00012666	
12.2102	0.00012666	
12.2105	0.00012666	
12.2108	0.00012666	
12.2111	0.00012666	
12.2114	0.00012666	
12.2117	0.00012666	
12.212	0.00012666	
12.2123	0.00012666	
12.2126	0.00012666	
12.2129	0.00012666	
12.2132	0.00012666	
12.2135	0.00012666	
12.2138	0.00012666	
12.2141	0.00012666	
12.2144	0.000126287	
12.2147	0.000126287	
12.2151	0.000126287	
12.2154	0.000126287	
12.2157	0.000126287	
12.216	0.000126287	
12.2163	0.000126287	
12.2166	0.000126287	
12.2169	0.000126287	
12.2172	0.000126287	
12.2175	0.000126287	
12.2178	0.000126287	
12.2181	0.000126287	
12.2184	0.000126287	
12.2187	0.000126287	
12.219	0.000126287	
12.2193	0.000126287	
12.2196	0.000126287	
12.2199	0.000126287	
12.2202	0.000126287	
12.2206	0.000126287	
12.2209	0.000126287	
12.2212	0.000126287	
12.2215	0.000126287	
12.2218	0.000126287	
12.2221	0.000126287	
12.2224	0.000126287	
12.2227	0.000126287	
12.223	0.000125915	
12.2233	0.000125915	
12.2236	0.000125915	
12.2239	0.000125915	
12.2242	0.000125915	
12.2245	0.000125915	
12.2248	0.000125915	
12.2251	0.000125915	
12.2254	0.000125915	
12.2257	0.000125915	
12.2261	0.000125915	
12.2264	0.000125915	
12.2267	0.000125915	
12.227	0.000125915	
12.2273	0.000125915	
12.2276	0.000125915	
12.2279	0.000125915	
12.2282	0.000125915	
12.2285	0.000125915	
12.2288	0.000125915	
12.2291	0.000125915	
12.2294	0.000125915	
12.2297	0.000125915	
12.23	0.000125915	
12.2303	0.000125915	
12.2306	0.000125915	
12.2309	0.000125915	
12.2312	0.000125915	
12.2316	0.000125915	
12.2319	0.000125915	
12.2322	0.000125915	
12.2325	0.000125915	
12.2328	0.000125915	
12.2331	0.000125542	
12.2334	0.000125542	
12.2337	0.000125542	
12.234	0.000125542	
12.2343	0.000125542	
12.2346	0.000125542	
12.2349	0.000125542	
12.2352	0.000125542	
12.2355	0.000125542	
12.2358	0.000125542	
12.2361	0.000125542	
12.2364	0.000125542	
12.2367	0.000125542	
12.2371	0.000125542	
12.2374	0.000125542	
12.2377	0.000125542	
12.238	0.000125542	
12.2383	0.000125542	
12.2386	0.000125542	
12.2389	0.000125542	
12.2392	0.000125542	
12.2395	0.000125542	
12.2398	0.000125542	
12.2401	0.000125542	
12.2404	0.000125542	
12.2407	0.000125542	
12.241	0.000125542	
12.2413	0.000125542	
12.2416	0.000125542	
12.2419	0.000125542	
12.2422	0.000125542	
12.2426	0.000125542	
12.2429	0.00012517	
12.2432	0.00012517	
12.2435	0.00012517	
12.2438	0.00012517	
12.2441	0.00012517	
12.2444	0.00012517	
12.2447	0.00012517	
12.245	0.00012517	
12.2453	0.00012517	
12.2456	0.00012517	
12.2459	0.00012517	
12.2462	0.00012517	
12.2465	0.00012517	
12.2468	0.00012517	
12.2471	0.00012517	
12.2474	0.00012517	
12.2477	0.00012517	
12.2481	0.00012517	
12.2484	0.00012517	
12.2487	0.00012517	
12.249	0.00012517	
12.2493	0.00012517	
12.2496	0.00012517	
12.2499	0.00012517	
12.2502	0.00012517	
12.2505	0.00012517	
12.2508	0.00012517	
12.2511	0.00012517	
12.2514	0.00012517	
12.2517	0.00012517	
12.252	0.00012517	
12.2523	0.00012517	
12.2526	0.00012517	
12.2529	0.000124797	
12.2532	0.000124797	
12.2536	0.000124797	
12.2539	0.000124797	
12.2542	0.000124797	
12.2545	0.000124797	
12.2548	0.000124797	
12.2551	0.000124797	
12.2554	0.000124797	
12.2557	0.000124797	
12.256	0.000124797	
12.2563	0.000124797	
12.2566	0.000124797	
12.2569	0.000124797	
12.2572	0.000124797	
12.2575	0.000124797	
12.2578	0.000124797	
12.2581	0.000124797	
12.2584	0.000124797	
12.2587	0.000124797	
12.2591	0.000124797	
12.2594	0.000124797	
12.2597	0.000124797	
12.26	0.000124797	
12.2603	0.000124797	
12.2606	0.000124797	
12.2609	0.000124797	
12.2612	0.000124797	
12.2615	0.000124797	
12.2618	0.000124797	
12.2621	0.000124797	
12.2624	0.000124797	
12.2627	0.000124425	
12.263	0.000124425	
12.2633	0.000124425	
12.2636	0.000124425	
12.2639	0.000124425	
12.2642	0.000124425	
12.2646	0.000124425	
12.2649	0.000124425	
12.2652	0.000124425	
12.2655	0.000124425	
12.2658	0.000124425	
12.2661	0.000124425	
12.2664	0.000124425	
12.2667	0.000124425	
12.267	0.000124425	
12.2673	0.000124425	
12.2676	0.000124425	
12.2679	0.000124425	
12.2682	0.000124425	
12.2685	0.000124425	
12.2688	0.000124425	
12.2691	0.000124425	
12.2694	0.000124425	
12.2697	0.000124425	
12.2701	0.000124425	
12.2704	0.000124425	
12.2707	0.000124425	
12.271	0.000124425	
12.2713	0.000124425	
12.2716	0.000124425	
12.2719	0.000124425	
12.2722	0.000124425	
12.2725	0.000124425	
12.2728	0.000124052	
12.2731	0.000124052	
12.2734	0.000124052	
12.2737	0.000124052	
12.274	0.000124052	
12.2743	0.000124052	
12.2746	0.000124052	
12.2749	0.000124052	
12.2753	0.000124052	
12.2756	0.000124052	
12.2759	0.000124052	
12.2762	0.000124052	
12.2765	0.000124052	
12.2768	0.000124052	
12.2771	0.000124052	
12.2774	0.000124052	
12.2777	0.000124052	
12.278	0.000124052	
12.2783	0.000124052	
12.2786	0.000124052	
12.2789	0.000124052	
12.2792	0.000124052	
12.2795	0.000124052	
12.2798	0.000124052	
12.2801	0.000124052	
12.2804	0.000124052	
12.2808	0.000124052	
12.2811	0.000124052	
12.2814	0.000124052	
12.2817	0.000124052	
12.282	0.000124052	
12.2823	0.000124052	
12.2826	0.000124052	
12.2829	0.00012368	
12.2832	0.00012368	
12.2835	0.00012368	
12.2838	0.00012368	
12.2841	0.00012368	
12.2844	0.00012368	
12.2847	0.00012368	
12.285	0.00012368	
12.2853	0.00012368	
12.2856	0.00012368	
12.2859	0.00012368	
12.2863	0.00012368	
12.2866	0.00012368	
12.2869	0.00012368	
12.2872	0.00012368	
12.2875	0.00012368	
12.2878	0.00012368	
12.2881	0.00012368	
12.2884	0.00012368	
12.2887	0.00012368	
12.289	0.00012368	
12.2893	0.00012368	
12.2896	0.00012368	
12.2899	0.00012368	
12.2902	0.00012368	
12.2905	0.00012368	
12.2908	0.00012368	
12.2911	0.00012368	
12.2914	0.00012368	
12.2918	0.00012368	
12.2921	0.00012368	
12.2924	0.00012368	
12.2927	0.00012368	
12.293	0.000123307	
12.2933	0.000123307	
12.2936	0.000123307	
12.2939	0.000123307	
12.2942	0.000123307	
12.2945	0.000123307	
12.2948	0.000123307	
12.2951	0.000123307	
12.2954	0.000123307	
12.2957	0.000123307	
12.296	0.000123307	
12.2963	0.000123307	
12.2966	0.000123307	
12.2969	0.000123307	
12.2973	0.000123307	
12.2976	0.000123307	
12.2979	0.000123307	
12.2982	0.000123307	
12.2985	0.000123307	
12.2988	0.000123307	
12.2991	0.000123307	
12.2994	0.000123307	
12.2997	0.000123307	
12.3	0.000123307	
12.3003	0.000123307	
12.3006	0.000123307	
12.3009	0.000123307	
12.3012	0.000123307	
12.3015	0.000123307	
12.3018	0.000123307	
12.3021	0.000123307	
12.3024	0.000123307	
12.3028	0.000123307	
12.3031	0.000123307	
12.3034	0.000122935	
12.3037	0.000122935	
12.304	0.000122935	
12.3043	0.000122935	
12.3046	0.000122935	
12.3049	0.000122935	
12.3052	0.000122935	
12.3055	0.000122935	
12.3058	0.000122935	
12.3061	0.000122935	
12.3064	0.000122935	
12.3067	0.000122935	
12.307	0.000122935	
12.3073	0.000122935	
12.3076	0.000122935	
12.3079	0.000122935	
12.3083	0.000122935	
12.3086	0.000122935	
12.3089	0.000122935	
12.3092	0.000122935	
12.3095	0.000122935	
12.3098	0.000122935	
12.3101	0.000122935	
12.3104	0.000122935	
12.3107	0.000122935	
12.311	0.000122935	
12.3113	0.000122935	
12.3116	0.000122935	
12.3119	0.000122935	
12.3122	0.000122935	
12.3125	0.000122935	
12.3128	0.000122935	
12.3131	0.000122935	
12.3134	0.000122562	
12.3138	0.000122562	
12.3141	0.000122562	
12.3144	0.000122562	
12.3147	0.000122562	
12.315	0.000122562	
12.3153	0.000122562	
12.3156	0.000122562	
12.3159	0.000122562	
12.3162	0.000122562	
12.3165	0.000122562	
12.3168	0.000122562	
12.3171	0.000122562	
12.3174	0.000122562	
12.3177	0.000122562	
12.318	0.000122562	
12.3183	0.000122562	
12.3186	0.000122562	
12.3189	0.000122562	
12.3193	0.000122562	
12.3196	0.000122562	
12.3199	0.000122562	
12.3202	0.000122562	
12.3205	0.000122562	
12.3208	0.000122562	
12.3211	0.000122562	
12.3214	0.000122562	
12.3217	0.000122562	
12.322	0.000122562	
12.3223	0.000122562	
12.3226	0.000122562	
12.3229	0.000122562	
12.3232	0.000122562	
12.3235	0.000122562	
12.3238	0.00012219	
12.3241	0.00012219	
12.3244	0.00012219	
12.3248	0.00012219	
12.3251	0.00012219	
12.3254	0.00012219	
12.3257	0.00012219	
12.326	0.00012219	
12.3263	0.00012219	
12.3266	0.00012219	
12.3269	0.00012219	
12.3272	0.00012219	
12.3275	0.00012219	
12.3278	0.00012219	
12.3281	0.00012219	
12.3284	0.00012219	
12.3287	0.00012219	
12.329	0.00012219	
12.3293	0.00012219	
12.3296	0.00012219	
12.3299	0.00012219	
12.3303	0.00012219	
12.3306	0.00012219	
12.3309	0.00012219	
12.3312	0.00012219	
12.3315	0.00012219	
12.3318	0.00012219	
12.3321	0.00012219	
12.3324	0.00012219	
12.3327	0.00012219	
12.333	0.00012219	
12.3333	0.00012219	
12.3336	0.00012219	
12.3339	0.00012219	
12.3342	0.000121817	
12.3345	0.000121817	
12.3348	0.000121817	
12.3351	0.000121817	
12.3354	0.000121817	
12.3358	0.000121817	
12.3361	0.000121817	
12.3364	0.000121817	
12.3367	0.000121817	
12.337	0.000121817	
12.3373	0.000121817	
12.3376	0.000121817	
12.3379	0.000121817	
12.3382	0.000121817	
12.3385	0.000121817	
12.3388	0.000121817	
12.3391	0.000121817	
12.3394	0.000121817	
12.3397	0.000121817	
12.34	0.000121817	
12.3403	0.000121817	
12.3406	0.000121817	
12.3409	0.000121817	
12.3413	0.000121817	
12.3416	0.000121817	
12.3419	0.000121817	
12.3422	0.000121817	
12.3425	0.000121817	
12.3428	0.000121817	
12.3431	0.000121817	
12.3434	0.000121817	
12.3437	0.000121817	
12.344	0.000121817	
12.3443	0.000121817	
12.3446	0.000121444	
12.3449	0.000121444	
12.3452	0.000121444	
12.3455	0.000121444	
12.3458	0.000121444	
12.3461	0.000121444	
12.3464	0.000121444	
12.3468	0.000121444	
12.3471	0.000121444	
12.3474	0.000121444	
12.3477	0.000121444	
12.348	0.000121444	
12.3483	0.000121444	
12.3486	0.000121444	
12.3489	0.000121444	
12.3492	0.000121444	
12.3495	0.000121444	
12.3498	0.000121444	
12.3501	0.000121444	
12.3504	0.000121444	
12.3507	0.000121444	
12.351	0.000121444	
12.3513	0.000121444	
12.3516	0.000121444	
12.3519	0.000121444	
12.3523	0.000121444	
12.3526	0.000121444	
12.3529	0.000121444	
12.3532	0.000121444	
12.3535	0.000121444	
12.3538	0.000121444	
12.3541	0.000121444	
12.3544	0.000121444	
12.3547	0.000121444	
12.355	0.000121072	
12.3553	0.000121072	
12.3556	0.000121072	
12.3559	0.000121072	
12.3562	0.000121072	
12.3565	0.000121072	
12.3568	0.000121072	
12.3571	0.000121072	
12.3574	0.000121072	
12.3578	0.000121072	
12.3581	0.000121072	
12.3584	0.000121072	
12.3587	0.000121072	
12.359	0.000121072	
12.3593	0.000121072	
12.3596	0.000121072	
12.3599	0.000121072	
12.3602	0.000121072	
12.3605	0.000121072	
12.3608	0.000121072	
12.3611	0.000121072	
12.3614	0.000121072	
12.3617	0.000121072	
12.362	0.000121072	
12.3623	0.000121072	
12.3626	0.000121072	
12.3629	0.000121072	
12.3633	0.000121072	
12.3636	0.000121072	
12.3639	0.000121072	
12.3642	0.000121072	
12.3645	0.000121072	
12.3648	0.000121072	
12.3651	0.000121072	
12.3654	0.000120699	
12.3657	0.000120699	
12.366	0.000120699	
12.3663	0.000120699	
12.3666	0.000120699	
12.3669	0.000120699	
12.3672	0.000120699	
12.3675	0.000120699	
12.3678	0.000120699	
12.3681	0.000120699	
12.3684	0.000120699	
12.3688	0.000120699	
12.3691	0.000120699	
12.3694	0.000120699	
12.3697	0.000120699	
12.37	0.000120699	
12.3703	0.000120699	
12.3706	0.000120699	
12.3709	0.000120699	
12.3712	0.000120699	
12.3715	0.000120699	
12.3718	0.000120699	
12.3721	0.000120699	
12.3724	0.000120699	
12.3727	0.000120699	
12.373	0.000120699	
12.3733	0.000120699	
12.3736	0.000120699	
12.3739	0.000120699	
12.3743	0.000120699	
12.3746	0.000120699	
12.3749	0.000120699	
12.3752	0.000120699	
12.3755	0.000120699	
12.3758	0.000120327	
12.3761	0.000120327	
12.3764	0.000120327	
12.3767	0.000120327	
12.377	0.000120327	
12.3773	0.000120327	
12.3776	0.000120327	
12.3779	0.000120327	
12.3782	0.000120327	
12.3785	0.000120327	
12.3788	0.000120327	
12.3791	0.000120327	
12.3794	0.000120327	
12.3798	0.000120327	
12.3801	0.000120327	
12.3804	0.000120327	
12.3807	0.000120327	
12.381	0.000120327	
12.3813	0.000120327	
12.3816	0.000120327	
12.3819	0.000120327	
12.3822	0.000120327	
12.3825	0.000120327	
12.3828	0.000120327	
12.3831	0.000120327	
12.3834	0.000120327	
12.3837	0.000120327	
12.384	0.000120327	
12.3843	0.000120327	
12.3846	0.000120327	
12.3849	0.000120327	
12.3853	0.000120327	
12.3856	0.000120327	
12.3859	0.000120327	
12.3862	0.000120327	
12.3865	0.000119954	
12.3868	0.000119954	
12.3871	0.000119954	
12.3874	0.000119954	
12.3877	0.000119954	
12.388	0.000119954	
12.3883	0.000119954	
12.3886	0.000119954	
12.3889	0.000119954	
12.3892	0.000119954	
12.3895	0.000119954	
12.3898	0.000119954	
12.3901	0.000119954	
12.3904	0.000119954	
12.3908	0.000119954	
12.3911	0.000119954	
12.3914	0.000119954	
12.3917	0.000119954	
12.392	0.000119954	
12.3923	0.000119954	
12.3926	0.000119954	
12.3929	0.000119954	
12.3932	0.000119954	
12.3935	0.000119954	
12.3938	0.000119954	
12.3941	0.000119954	
12.3944	0.000119954	
12.3947	0.000119954	
12.395	0.000119954	
12.3953	0.000119954	
12.3956	0.000119954	
12.3959	0.000119954	
12.3963	0.000119954	
12.3966	0.000119954	
12.3969	0.000119954	
12.3972	0.000119582	
12.3975	0.000119582	
12.3978	0.000119582	
12.3981	0.000119582	
12.3984	0.000119582	
12.3987	0.000119582	
12.399	0.000119582	
12.3993	0.000119582	
12.3996	0.000119582	
12.3999	0.000119582	
12.4002	0.000119582	
12.4005	0.000119582	
12.4008	0.000119582	
12.4011	0.000119582	
12.4014	0.000119582	
12.4018	0.000119582	
12.4021	0.000119582	
12.4024	0.000119582	
12.4027	0.000119582	
12.403	0.000119582	
12.4033	0.000119582	
12.4036	0.000119582	
12.4039	0.000119582	
12.4042	0.000119582	
12.4045	0.000119582	
12.4048	0.000119582	
12.4051	0.000119582	
12.4054	0.000119582	
12.4057	0.000119582	
12.406	0.000119582	
12.4063	0.000119582	
12.4066	0.000119582	
12.4069	0.000119582	
12.4073	0.000119582	
12.4076	0.000119582	
12.4079	0.000119209	
12.4082	0.000119209	
12.4085	0.000119209	
12.4088	0.000119209	
12.4091	0.000119209	
12.4094	0.000119209	
12.4097	0.000119209	
12.41	0.000119209	
12.4103	0.000119209	
12.4106	0.000119209	
12.4109	0.000119209	
12.4112	0.000119209	
12.4115	0.000119209	
12.4118	0.000119209	
12.4121	0.000119209	
12.4124	0.000119209	
12.4128	0.000119209	
12.4131	0.000119209	
12.4134	0.000119209	
12.4137	0.000119209	
12.414	0.000119209	
12.4143	0.000119209	
12.4146	0.000119209	
12.4149	0.000119209	
12.4152	0.000119209	
12.4155	0.000119209	
12.4158	0.000119209	
12.4161	0.000119209	
12.4164	0.000119209	
12.4167	0.000119209	
12.417	0.000119209	
12.4173	0.000119209	
12.4176	0.000119209	
12.4179	0.000119209	
12.4183	0.000119209	
12.4186	0.000118837	
12.4189	0.000118837	
12.4192	0.000118837	
12.4195	0.000118837	
12.4198	0.000118837	
12.4201	0.000118837	
12.4204	0.000118837	
12.4207	0.000118837	
12.421	0.000118837	
12.4213	0.000118837	
12.4216	0.000118837	
12.4219	0.000118837	
12.4222	0.000118837	
12.4225	0.000118837	
12.4228	0.000118837	
12.4231	0.000118837	
12.4234	0.000118837	
12.4238	0.000118837	
12.4241	0.000118837	
12.4244	0.000118837	
12.4247	0.000118837	
12.425	0.000118837	
12.4253	0.000118837	
12.4256	0.000118837	
12.4259	0.000118837	
12.4262	0.000118837	
12.4265	0.000118837	
12.4268	0.000118837	
12.4271	0.000118837	
12.4274	0.000118837	
12.4277	0.000118837	
12.428	0.000118837	
12.4283	0.000118837	
12.4286	0.000118837	
12.4289	0.000118837	
12.4293	0.000118464	
12.4296	0.000118464	
12.4299	0.000118464	
12.4302	0.000118464	
12.4305	0.000118464	
12.4308	0.000118464	
12.4311	0.000118464	
12.4314	0.000118464	
12.4317	0.000118464	
12.432	0.000118464	
12.4323	0.000118464	
12.4326	0.000118464	
12.4329	0.000118464	
12.4332	0.000118464	
12.4335	0.000118464	
12.4338	0.000118464	
12.4341	0.000118464	
12.4344	0.000118464	
12.4348	0.000118464	
12.4351	0.000118464	
12.4354	0.000118464	
12.4357	0.000118464	
12.436	0.000118464	
12.4363	0.000118464	
12.4366	0.000118464	
12.4369	0.000118464	
12.4372	0.000118464	
12.4375	0.000118464	
12.4378	0.000118464	
12.4381	0.000118464	
12.4384	0.000118464	
12.4387	0.000118464	
12.439	0.000118464	
12.4393	0.000118464	
12.4396	0.000118464	
12.4399	0.000118464	
12.4403	0.000118092	
12.4406	0.000118092	
12.4409	0.000118092	
12.4412	0.000118092	
12.4415	0.000118092	
12.4418	0.000118092	
12.4421	0.000118092	
12.4424	0.000118092	
12.4427	0.000118092	
12.443	0.000118092	
12.4433	0.000118092	
12.4436	0.000118092	
12.4439	0.000118092	
12.4442	0.000118092	
12.4445	0.000118092	
12.4448	0.000118092	
12.4451	0.000118092	
12.4455	0.000118092	
12.4458	0.000118092	
12.4461	0.000118092	
12.4464	0.000118092	
12.4467	0.000118092	
12.447	0.000118092	
12.4473	0.000118092	
12.4476	0.000118092	
12.4479	0.000118092	
12.4482	0.000118092	
12.4485	0.000118092	
12.4488	0.000118092	
12.4491	0.000118092	
12.4494	0.000118092	
12.4497	0.000118092	
12.45	0.000118092	
12.4503	0.000118092	
12.4506	0.000118092	
12.451	0.000117719	
12.4513	0.000117719	
12.4516	0.000117719	
12.4519	0.000117719	
12.4522	0.000117719	
12.4525	0.000117719	
12.4528	0.000117719	
12.4531	0.000117719	
12.4534	0.000117719	
12.4537	0.000117719	
12.454	0.000117719	
12.4543	0.000117719	
12.4546	0.000117719	
12.4549	0.000117719	
12.4552	0.000117719	
12.4555	0.000117719	
12.4558	0.000117719	
12.4561	0.000117719	
12.4565	0.000117719	
12.4568	0.000117719	
12.4571	0.000117719	
12.4574	0.000117719	
12.4577	0.000117719	
12.458	0.000117719	
12.4583	0.000117719	
12.4586	0.000117719	
12.4589	0.000117719	
12.4592	0.000117719	
12.4595	0.000117719	
12.4598	0.000117719	
12.4601	0.000117719	
12.4604	0.000117719	
12.4607	0.000117719	
12.461	0.000117719	
12.4613	0.000117719	
12.4616	0.000117719	
12.462	0.000117347	
12.4623	0.000117347	
12.4626	0.000117347	
12.4629	0.000117347	
12.4632	0.000117347	
12.4635	0.000117347	
12.4638	0.000117347	
12.4641	0.000117347	
12.4644	0.000117347	
12.4647	0.000117347	
12.465	0.000117347	
12.4653	0.000117347	
12.4656	0.000117347	
12.4659	0.000117347	
12.4662	0.000117347	
12.4665	0.000117347	
12.4668	0.000117347	
12.4671	0.000117347	
12.4675	0.000117347	
12.4678	0.000117347	
12.4681	0.000117347	
12.4684	0.000117347	
12.4687	0.000117347	
12.469	0.000117347	
12.4693	0.000117347	
12.4696	0.000117347	
12.4699	0.000117347	
12.4702	0.000117347	
12.4705	0.000117347	
12.4708	0.000117347	
12.4711	0.000117347	
12.4714	0.000117347	
12.4717	0.000117347	
12.472	0.000117347	
12.4723	0.000117347	
12.4726	0.000117347	
12.473	0.000116974	
12.4733	0.000116974	
12.4736	0.000116974	
12.4739	0.000116974	
12.4742	0.000116974	
12.4745	0.000116974	
12.4748	0.000116974	
12.4751	0.000116974	
12.4754	0.000116974	
12.4757	0.000116974	
12.476	0.000116974	
12.4763	0.000116974	
12.4766	0.000116974	
12.4769	0.000116974	
12.4772	0.000116974	
12.4775	0.000116974	
12.4778	0.000116974	
12.4781	0.000116974	
12.4785	0.000116974	
12.4788	0.000116974	
12.4791	0.000116974	
12.4794	0.000116974	
12.4797	0.000116974	
12.48	0.000116974	
12.4803	0.000116974	
12.4806	0.000116974	
12.4809	0.000116974	
12.4812	0.000116974	
12.4815	0.000116974	
12.4818	0.000116974	
12.4821	0.000116974	
12.4824	0.000116974	
12.4827	0.000116974	
12.483	0.000116974	
12.4833	0.000116974	
12.4836	0.000116974	
12.484	0.000116602	
12.4843	0.000116602	
12.4846	0.000116602	
12.4849	0.000116602	
12.4852	0.000116602	
12.4855	0.000116602	
12.4858	0.000116602	
12.4861	0.000116602	
12.4864	0.000116602	
12.4867	0.000116602	
12.487	0.000116602	
12.4873	0.000116602	
12.4876	0.000116602	
12.4879	0.000116602	
12.4882	0.000116602	
12.4885	0.000116602	
12.4888	0.000116602	
12.4891	0.000116602	
12.4895	0.000116602	
12.4898	0.000116602	
12.4901	0.000116602	
12.4904	0.000116602	
12.4907	0.000116602	
12.491	0.000116602	
12.4913	0.000116602	
12.4916	0.000116602	
12.4919	0.000116602	
12.4922	0.000116602	
12.4925	0.000116602	
12.4928	0.000116602	
12.4931	0.000116602	
12.4934	0.000116602	
12.4937	0.000116602	
12.494	0.000116602	
12.4943	0.000116602	
12.4946	0.000116602	
12.495	0.000116602	
12.4953	0.000116229	
12.4956	0.000116229	
12.4959	0.000116229	
12.4962	0.000116229	
12.4965	0.000116229	
12.4968	0.000116229	
12.4971	0.000116229	
12.4974	0.000116229	
12.4977	0.000116229	
12.498	0.000116229	
12.4983	0.000116229	
12.4986	0.000116229	
12.4989	0.000116229	
12.4992	0.000116229	
12.4995	0.000116229	
12.4998	0.000116229	
12.5001	0.000116229	
12.5005	0.000116229	
12.5008	0.000116229	
12.5011	0.000116229	
12.5014	0.000116229	
12.5017	0.000116229	
12.502	0.000116229	
12.5023	0.000116229	
12.5026	0.000116229	
12.5029	0.000116229	
12.5032	0.000116229	
12.5035	0.000116229	
12.5038	0.000116229	
12.5041	0.000116229	
12.5044	0.000116229	
12.5047	0.000116229	
12.505	0.000116229	
12.5053	0.000116229	
12.5056	0.000116229	
12.506	0.000116229	
12.5063	0.000115857	
12.5066	0.000115857	
12.5069	0.000115857	
12.5072	0.000115857	
12.5075	0.000115857	
12.5078	0.000115857	
12.5081	0.000115857	
12.5084	0.000115857	
12.5087	0.000115857	
12.509	0.000115857	
12.5093	0.000115857	
12.5096	0.000115857	
12.5099	0.000115857	
12.5102	0.000115857	
12.5105	0.000115857	
12.5108	0.000115857	
12.5111	0.000115857	
12.5115	0.000115857	
12.5118	0.000115857	
12.5121	0.000115857	
12.5124	0.000115857	
12.5127	0.000115857	
12.513	0.000115857	
12.5133	0.000115857	
12.5136	0.000115857	
12.5139	0.000115857	
12.5142	0.000115857	
12.5145	0.000115857	
12.5148	0.000115857	
12.5151	0.000115857	
12.5154	0.000115857	
12.5157	0.000115857	
12.516	0.000115857	
12.5163	0.000115857	
12.5166	0.000115857	
12.517	0.000115857	
12.5173	0.000115857	
12.5176	0.000115484	
12.5179	0.000115484	
12.5182	0.000115484	
12.5185	0.000115484	
12.5188	0.000115484	
12.5191	0.000115484	
12.5194	0.000115484	
12.5197	0.000115484	
12.52	0.000115484	
12.5203	0.000115484	
12.5206	0.000115484	
12.5209	0.000115484	
12.5212	0.000115484	
12.5215	0.000115484	
12.5218	0.000115484	
12.5221	0.000115484	
12.5225	0.000115484	
12.5228	0.000115484	
12.5231	0.000115484	
12.5234	0.000115484	
12.5237	0.000115484	
12.524	0.000115484	
12.5243	0.000115484	
12.5246	0.000115484	
12.5249	0.000115484	
12.5252	0.000115484	
12.5255	0.000115484	
12.5258	0.000115484	
12.5261	0.000115484	
12.5264	0.000115484	
12.5267	0.000115484	
12.527	0.000115484	
12.5273	0.000115484	
12.5276	0.000115484	
12.528	0.000115484	
12.5283	0.000115484	
12.5286	0.000115484	
12.5289	0.000115111	
12.5292	0.000115111	
12.5295	0.000115111	
12.5298	0.000115111	
12.5301	0.000115111	
12.5304	0.000115111	
12.5307	0.000115111	
12.531	0.000115111	
12.5313	0.000115111	
12.5316	0.000115111	
12.5319	0.000115111	
12.5322	0.000115111	
12.5325	0.000115111	
12.5328	0.000115111	
12.5331	0.000115111	
12.5335	0.000115111	
12.5338	0.000115111	
12.5341	0.000115111	
12.5344	0.000115111	
12.5347	0.000115111	
12.535	0.000115111	
12.5353	0.000115111	
12.5356	0.000115111	
12.5359	0.000115111	
12.5362	0.000115111	
12.5365	0.000115111	
12.5368	0.000115111	
12.5371	0.000115111	
12.5374	0.000115111	
12.5377	0.000115111	
12.538	0.000115111	
12.5383	0.000115111	
12.5386	0.000115111	
12.539	0.000115111	
12.5393	0.000115111	
12.5396	0.000115111	
12.5399	0.000115111	
12.5402	0.000114739	
12.5405	0.000114739	
12.5408	0.000114739	
12.5411	0.000114739	
12.5414	0.000114739	
12.5417	0.000114739	
12.542	0.000114739	
12.5423	0.000114739	
12.5426	0.000114739	
12.5429	0.000114739	
12.5432	0.000114739	
12.5435	0.000114739	
12.5438	0.000114739	
12.5441	0.000114739	
12.5445	0.000114739	
12.5448	0.000114739	
12.5451	0.000114739	
12.5454	0.000114739	
12.5457	0.000114739	
12.546	0.000114739	
12.5463	0.000114739	
12.5466	0.000114739	
12.5469	0.000114739	
12.5472	0.000114739	
12.5475	0.000114739	
12.5478	0.000114739	
12.5481	0.000114739	
12.5484	0.000114739	
12.5487	0.000114739	
12.549	0.000114739	
12.5493	0.000114739	
12.5496	0.000114739	
12.55	0.000114739	
12.5503	0.000114739	
12.5506	0.000114739	
12.5509	0.000114739	
12.5512	0.000114739	
12.5515	0.000114366	
12.5518	0.000114366	
12.5521	0.000114366	
12.5524	0.000114366	
12.5527	0.000114366	
12.553	0.000114366	
12.5533	0.000114366	
12.5536	0.000114366	
12.5539	0.000114366	
12.5542	0.000114366	
12.5545	0.000114366	
12.5548	0.000114366	
12.5551	0.000114366	
12.5555	0.000114366	
12.5558	0.000114366	
12.5561	0.000114366	
12.5564	0.000114366	
12.5567	0.000114366	
12.557	0.000114366	
12.5573	0.000114366	
12.5576	0.000114366	
12.5579	0.000114366	
12.5582	0.000114366	
12.5585	0.000114366	
12.5588	0.000114366	
12.5591	0.000114366	
12.5594	0.000114366	
12.5597	0.000114366	
12.56	0.000114366	
12.5603	0.000114366	
12.5606	0.000114366	
12.561	0.000114366	
12.5613	0.000114366	
12.5616	0.000114366	
12.5619	0.000114366	
12.5622	0.000114366	
12.5625	0.000114366	
12.5628	0.000114366	
12.5631	0.000113994	
12.5634	0.000113994	
12.5637	0.000113994	
12.564	0.000113994	
12.5643	0.000113994	
12.5646	0.000113994	
12.5649	0.000113994	
12.5652	0.000113994	
12.5655	0.000113994	
12.5658	0.000113994	
12.5661	0.000113994	
12.5665	0.000113994	
12.5668	0.000113994	
12.5671	0.000113994	
12.5674	0.000113994	
12.5677	0.000113994	
12.568	0.000113994	
12.5683	0.000113994	
12.5686	0.000113994	
12.5689	0.000113994	
12.5692	0.000113994	
12.5695	0.000113994	
12.5698	0.000113994	
12.5701	0.000113994	
12.5704	0.000113994	
12.5707	0.000113994	
12.571	0.000113994	
12.5713	0.000113994	
12.5716	0.000113994	
12.572	0.000113994	
12.5723	0.000113994	
12.5726	0.000113994	
12.5729	0.000113994	
12.5732	0.000113994	
12.5735	0.000113994	
12.5738	0.000113994	
12.5741	0.000113994	
12.5744	0.000113621	
12.5747	0.000113621	
12.575	0.000113621	
12.5753	0.000113621	
12.5756	0.000113621	
12.5759	0.000113621	
12.5762	0.000113621	
12.5765	0.000113621	
12.5768	0.000113621	
12.5771	0.000113621	
12.5775	0.000113621	
12.5778	0.000113621	
12.5781	0.000113621	
12.5784	0.000113621	
12.5787	0.000113621	
12.579	0.000113621	
12.5793	0.000113621	
12.5796	0.000113621	
12.5799	0.000113621	
12.5802	0.000113621	
12.5805	0.000113621	
12.5808	0.000113621	
12.5811	0.000113621	
12.5814	0.000113621	
12.5817	0.000113621	
12.582	0.000113621	
12.5823	0.000113621	
12.5826	0.000113621	
12.583	0.000113621	
12.5833	0.000113621	
12.5836	0.000113621	
12.5839	0.000113621	
12.5842	0.000113621	
12.5845	0.000113621	
12.5848	0.000113621	
12.5851	0.000113621	
12.5854	0.000113621	
12.5857	0.000113621	
12.586	0.000113249	
12.5863	0.000113249	
12.5866	0.000113249	
12.5869	0.000113249	
12.5872	0.000113249	
12.5875	0.000113249	
12.5878	0.000113249	
12.5881	0.000113249	
12.5885	0.000113249	
12.5888	0.000113249	
12.5891	0.000113249	
12.5894	0.000113249	
12.5897	0.000113249	
12.59	0.000113249	
12.5903	0.000113249	
12.5906	0.000113249	
12.5909	0.000113249	
12.5912	0.000113249	
12.5915	0.000113249	
12.5918	0.000113249	
12.5921	0.000113249	
12.5924	0.000113249	
12.5927	0.000113249	
12.593	0.000113249	
12.5933	0.000113249	
12.5936	0.000113249	
12.594	0.000113249	
12.5943	0.000113249	
12.5946	0.000113249	
12.5949	0.000113249	
12.5952	0.000113249	
12.5955	0.000113249	
12.5958	0.000113249	
12.5961	0.000113249	
12.5964	0.000113249	
12.5967	0.000113249	
12.597	0.000113249	
12.5973	0.000113249	
12.5976	0.000112876	
12.5979	0.000112876	
12.5982	0.000112876	
12.5985	0.000112876	
12.5988	0.000112876	
12.5991	0.000112876	
12.5995	0.000112876	
12.5998	0.000112876	
12.6001	0.000112876	
12.6004	0.000112876	
12.6007	0.000112876	
12.601	0.000112876	
12.6013	0.000112876	
12.6016	0.000112876	
12.6019	0.000112876	
12.6022	0.000112876	
12.6025	0.000112876	
12.6028	0.000112876	
12.6031	0.000112876	
12.6034	0.000112876	
12.6037	0.000112876	
12.604	0.000112876	
12.6043	0.000112876	
12.6046	0.000112876	
12.605	0.000112876	
12.6053	0.000112876	
12.6056	0.000112876	
12.6059	0.000112876	
12.6062	0.000112876	
12.6065	0.000112876	
12.6068	0.000112876	
12.6071	0.000112876	
12.6074	0.000112876	
12.6077	0.000112876	
12.608	0.000112876	
12.6083	0.000112876	
12.6086	0.000112876	
12.6089	0.000112876	
12.6092	0.000112504	
12.6095	0.000112504	
12.6098	0.000112504	
12.6101	0.000112504	
12.6105	0.000112504	
12.6108	0.000112504	
12.6111	0.000112504	
12.6114	0.000112504	
12.6117	0.000112504	
12.612	0.000112504	
12.6123	0.000112504	
12.6126	0.000112504	
12.6129	0.000112504	
12.6132	0.000112504	
12.6135	0.000112504	
12.6138	0.000112504	
12.6141	0.000112504	
12.6144	0.000112504	
12.6147	0.000112504	
12.615	0.000112504	
12.6153	0.000112504	
12.6157	0.000112504	
12.616	0.000112504	
12.6163	0.000112504	
12.6166	0.000112504	
12.6169	0.000112504	
12.6172	0.000112504	
12.6175	0.000112504	
12.6178	0.000112504	
12.6181	0.000112504	
12.6184	0.000112504	
12.6187	0.000112504	
12.619	0.000112504	
12.6193	0.000112504	
12.6196	0.000112504	
12.6199	0.000112504	
12.6202	0.000112504	
12.6205	0.000112504	
12.6208	0.000112504	
12.6212	0.000112131	
12.6215	0.000112131	
12.6218	0.000112131	
12.6221	0.000112131	
12.6224	0.000112131	
12.6227	0.000112131	
12.623	0.000112131	
12.6233	0.000112131	
12.6236	0.000112131	
12.6239	0.000112131	
12.6242	0.000112131	
12.6245	0.000112131	
12.6248	0.000112131	
12.6251	0.000112131	
12.6254	0.000112131	
12.6257	0.000112131	
12.626	0.000112131	
12.6263	0.000112131	
12.6267	0.000112131	
12.627	0.000112131	
12.6273	0.000112131	
12.6276	0.000112131	
12.6279	0.000112131	
12.6282	0.000112131	
12.6285	0.000112131	
12.6288	0.000112131	
12.6291	0.000112131	
12.6294	0.000112131	
12.6297	0.000112131	
12.63	0.000112131	
12.6303	0.000112131	
12.6306	0.000112131	
12.6309	0.000112131	
12.6312	0.000112131	
12.6315	0.000112131	
12.6318	0.000112131	
12.6322	0.000112131	
12.6325	0.000112131	
12.6328	0.000111759	
12.6331	0.000111759	
12.6334	0.000111759	
12.6337	0.000111759	
12.634	0.000111759	
12.6343	0.000111759	
12.6346	0.000111759	
12.6349	0.000111759	
12.6352	0.000111759	
12.6355	0.000111759	
12.6358	0.000111759	
12.6361	0.000111759	
12.6364	0.000111759	
12.6367	0.000111759	
12.637	0.000111759	
12.6373	0.000111759	
12.6377	0.000111759	
12.638	0.000111759	
12.6383	0.000111759	
12.6386	0.000111759	
12.6389	0.000111759	
12.6392	0.000111759	
12.6395	0.000111759	
12.6398	0.000111759	
12.6401	0.000111759	
12.6404	0.000111759	
12.6407	0.000111759	
12.641	0.000111759	
12.6413	0.000111759	
12.6416	0.000111759	
12.6419	0.000111759	
12.6422	0.000111759	
12.6425	0.000111759	
12.6428	0.000111759	
12.6432	0.000111759	
12.6435	0.000111759	
12.6438	0.000111759	
12.6441	0.000111759	
12.6444	0.000111759	
12.6447	0.000111386	
12.645	0.000111386	
12.6453	0.000111386	
12.6456	0.000111386	
12.6459	0.000111386	
12.6462	0.000111386	
12.6465	0.000111386	
12.6468	0.000111386	
12.6471	0.000111386	
12.6474	0.000111386	
12.6477	0.000111386	
12.648	0.000111386	
12.6483	0.000111386	
12.6487	0.000111386	
12.649	0.000111386	
12.6493	0.000111386	
12.6496	0.000111386	
12.6499	0.000111386	
12.6502	0.000111386	
12.6505	0.000111386	
12.6508	0.000111386	
12.6511	0.000111386	
12.6514	0.000111386	
12.6517	0.000111386	
12.652	0.000111386	
12.6523	0.000111386	
12.6526	0.000111386	
12.6529	0.000111386	
12.6532	0.000111386	
12.6535	0.000111386	
12.6538	0.000111386	
12.6542	0.000111386	
12.6545	0.000111386	
12.6548	0.000111386	
12.6551	0.000111386	
12.6554	0.000111386	
12.6557	0.000111386	
12.656	0.000111386	
12.6563	0.000111386	
12.6566	0.000111014	
12.6569	0.000111014	
12.6572	0.000111014	
12.6575	0.000111014	
12.6578	0.000111014	
12.6581	0.000111014	
12.6584	0.000111014	
12.6587	0.000111014	
12.659	0.000111014	
12.6593	0.000111014	
12.6597	0.000111014	
12.66	0.000111014	
12.6603	0.000111014	
12.6606	0.000111014	
12.6609	0.000111014	
12.6612	0.000111014	
12.6615	0.000111014	
12.6618	0.000111014	
12.6621	0.000111014	
12.6624	0.000111014	
12.6627	0.000111014	
12.663	0.000111014	
12.6633	0.000111014	
12.6636	0.000111014	
12.6639	0.000111014	
12.6642	0.000111014	
12.6645	0.000111014	
12.6648	0.000111014	
12.6652	0.000111014	
12.6655	0.000111014	
12.6658	0.000111014	
12.6661	0.000111014	
12.6664	0.000111014	
12.6667	0.000111014	
12.667	0.000111014	
12.6673	0.000111014	
12.6676	0.000111014	
12.6679	0.000111014	
12.6682	0.000111014	
12.6685	0.000111014	
12.6688	0.000110641	
12.6691	0.000110641	
12.6694	0.000110641	
12.6697	0.000110641	
12.67	0.000110641	
12.6703	0.000110641	
12.6707	0.000110641	
12.671	0.000110641	
12.6713	0.000110641	
12.6716	0.000110641	
12.6719	0.000110641	
12.6722	0.000110641	
12.6725	0.000110641	
12.6728	0.000110641	
12.6731	0.000110641	
12.6734	0.000110641	
12.6737	0.000110641	
12.674	0.000110641	
12.6743	0.000110641	
12.6746	0.000110641	
12.6749	0.000110641	
12.6752	0.000110641	
12.6755	0.000110641	
12.6758	0.000110641	
12.6762	0.000110641	
12.6765	0.000110641	
12.6768	0.000110641	
12.6771	0.000110641	
12.6774	0.000110641	
12.6777	0.000110641	
12.678	0.000110641	
12.6783	0.000110641	
12.6786	0.000110641	
12.6789	0.000110641	
12.6792	0.000110641	
12.6795	0.000110641	
12.6798	0.000110641	
12.6801	0.000110641	
12.6804	0.000110641	
12.6807	0.000110269	
12.681	0.000110269	
12.6813	0.000110269	
12.6817	0.000110269	
12.682	0.000110269	
12.6823	0.000110269	
12.6826	0.000110269	
12.6829	0.000110269	
12.6832	0.000110269	
12.6835	0.000110269	
12.6838	0.000110269	
12.6841	0.000110269	
12.6844	0.000110269	
12.6847	0.000110269	
12.685	0.000110269	
12.6853	0.000110269	
12.6856	0.000110269	
12.6859	0.000110269	
12.6862	0.000110269	
12.6865	0.000110269	
12.6868	0.000110269	
12.6872	0.000110269	
12.6875	0.000110269	
12.6878	0.000110269	
12.6881	0.000110269	
12.6884	0.000110269	
12.6887	0.000110269	
12.689	0.000110269	
12.6893	0.000110269	
12.6896	0.000110269	
12.6899	0.000110269	
12.6902	0.000110269	
12.6905	0.000110269	
12.6908	0.000110269	
12.6911	0.000110269	
12.6914	0.000110269	
12.6917	0.000110269	
12.692	0.000110269	
12.6923	0.000110269	
12.6927	0.000110269	
12.693	0.000109896	
12.6933	0.000109896	
12.6936	0.000109896	
12.6939	0.000109896	
12.6942	0.000109896	
12.6945	0.000109896	
12.6948	0.000109896	
12.6951	0.000109896	
12.6954	0.000109896	
12.6957	0.000109896	
12.696	0.000109896	
12.6963	0.000109896	
12.6966	0.000109896	
12.6969	0.000109896	
12.6972	0.000109896	
12.6975	0.000109896	
12.6978	0.000109896	
12.6982	0.000109896	
12.6985	0.000109896	
12.6988	0.000109896	
12.6991	0.000109896	
12.6994	0.000109896	
12.6997	0.000109896	
12.7	0.000109896	
12.7003	0.000109896	
12.7006	0.000109896	
12.7009	0.000109896	
12.7012	0.000109896	
12.7015	0.000109896	
12.7018	0.000109896	
12.7021	0.000109896	
12.7024	0.000109896	
12.7027	0.000109896	
12.703	0.000109896	
12.7033	0.000109896	
12.7037	0.000109896	
12.704	0.000109896	
12.7043	0.000109896	
12.7046	0.000109896	
12.7049	0.000109524	
12.7052	0.000109524	
12.7055	0.000109524	
12.7058	0.000109524	
12.7061	0.000109524	
12.7064	0.000109524	
12.7067	0.000109524	
12.707	0.000109524	
12.7073	0.000109524	
12.7076	0.000109524	
12.7079	0.000109524	
12.7082	0.000109524	
12.7085	0.000109524	
12.7088	0.000109524	
12.7092	0.000109524	
12.7095	0.000109524	
12.7098	0.000109524	
12.7101	0.000109524	
12.7104	0.000109524	
12.7107	0.000109524	
12.711	0.000109524	
12.7113	0.000109524	
12.7116	0.000109524	
12.7119	0.000109524	
12.7122	0.000109524	
12.7125	0.000109524	
12.7128	0.000109524	
12.7131	0.000109524	
12.7134	0.000109524	
12.7137	0.000109524	
12.714	0.000109524	
12.7143	0.000109524	
12.7147	0.000109524	
12.715	0.000109524	
12.7153	0.000109524	
12.7156	0.000109524	
12.7159	0.000109524	
12.7162	0.000109524	
12.7165	0.000109524	
12.7168	0.000109524	
12.7171	0.000109524	
12.7174	0.000109151	
12.7177	0.000109151	
12.718	0.000109151	
12.7183	0.000109151	
12.7186	0.000109151	
12.7189	0.000109151	
12.7192	0.000109151	
12.7195	0.000109151	
12.7198	0.000109151	
12.7202	0.000109151	
12.7205	0.000109151	
12.7208	0.000109151	
12.7211	0.000109151	
12.7214	0.000109151	
12.7217	0.000109151	
12.722	0.000109151	
12.7223	0.000109151	
12.7226	0.000109151	
12.7229	0.000109151	
12.7232	0.000109151	
12.7235	0.000109151	
12.7238	0.000109151	
12.7241	0.000109151	
12.7244	0.000109151	
12.7247	0.000109151	
12.725	0.000109151	
12.7253	0.000109151	
12.7257	0.000109151	
12.726	0.000109151	
12.7263	0.000109151	
12.7266	0.000109151	
12.7269	0.000109151	
12.7272	0.000109151	
12.7275	0.000109151	
12.7278	0.000109151	
12.7281	0.000109151	
12.7284	0.000109151	
12.7287	0.000109151	
12.729	0.000109151	
12.7293	0.000109151	
12.7296	0.000108778	
12.7299	0.000108778	
12.7302	0.000108778	
12.7305	0.000108778	
12.7308	0.000108778	
12.7312	0.000108778	
12.7315	0.000108778	
12.7318	0.000108778	
12.7321	0.000108778	
12.7324	0.000108778	
12.7327	0.000108778	
12.733	0.000108778	
12.7333	0.000108778	
12.7336	0.000108778	
12.7339	0.000108778	
12.7342	0.000108778	
12.7345	0.000108778	
12.7348	0.000108778	
12.7351	0.000108778	
12.7354	0.000108778	
12.7357	0.000108778	
12.736	0.000108778	
12.7363	0.000108778	
12.7367	0.000108778	
12.737	0.000108778	
12.7373	0.000108778	
12.7376	0.000108778	
12.7379	0.000108778	
12.7382	0.000108778	
12.7385	0.000108778	
12.7388	0.000108778	
12.7391	0.000108778	
12.7394	0.000108778	
12.7397	0.000108778	
12.74	0.000108778	
12.7403	0.000108778	
12.7406	0.000108778	
12.7409	0.000108778	
12.7412	0.000108778	
12.7415	0.000108778	
12.7418	0.000108406	
12.7422	0.000108406	
12.7425	0.000108406	
12.7428	0.000108406	
12.7431	0.000108406	
12.7434	0.000108406	
12.7437	0.000108406	
12.744	0.000108406	
12.7443	0.000108406	
12.7446	0.000108406	
12.7449	0.000108406	
12.7452	0.000108406	
12.7455	0.000108406	
12.7458	0.000108406	
12.7461	0.000108406	
12.7464	0.000108406	
12.7467	0.000108406	
12.747	0.000108406	
12.7473	0.000108406	
12.7477	0.000108406	
12.748	0.000108406	
12.7483	0.000108406	
12.7486	0.000108406	
12.7489	0.000108406	
12.7492	0.000108406	
12.7495	0.000108406	
12.7498	0.000108406	
12.7501	0.000108406	
12.7504	0.000108406	
12.7507	0.000108406	
12.751	0.000108406	
12.7513	0.000108406	
12.7516	0.000108406	
12.7519	0.000108406	
12.7522	0.000108406	
12.7525	0.000108406	
12.7528	0.000108406	
12.7532	0.000108406	
12.7535	0.000108406	
12.7538	0.000108406	
12.7541	0.000108406	
12.7544	0.000108033	
12.7547	0.000108033	
12.755	0.000108033	
12.7553	0.000108033	
12.7556	0.000108033	
12.7559	0.000108033	
12.7562	0.000108033	
12.7565	0.000108033	
12.7568	0.000108033	
12.7571	0.000108033	
12.7574	0.000108033	
12.7577	0.000108033	
12.758	0.000108033	
12.7583	0.000108033	
12.7587	0.000108033	
12.759	0.000108033	
12.7593	0.000108033	
12.7596	0.000108033	
12.7599	0.000108033	
12.7602	0.000108033	
12.7605	0.000108033	
12.7608	0.000108033	
12.7611	0.000108033	
12.7614	0.000108033	
12.7617	0.000108033	
12.762	0.000108033	
12.7623	0.000108033	
12.7626	0.000108033	
12.7629	0.000108033	
12.7632	0.000108033	
12.7635	0.000108033	
12.7638	0.000108033	
12.7642	0.000108033	
12.7645	0.000108033	
12.7648	0.000108033	
12.7651	0.000108033	
12.7654	0.000108033	
12.7657	0.000108033	
12.766	0.000108033	
12.7663	0.000108033	
12.7666	0.000108033	
12.7669	0.000107661	
12.7672	0.000107661	
12.7675	0.000107661	
12.7678	0.000107661	
12.7681	0.000107661	
12.7684	0.000107661	
12.7687	0.000107661	
12.769	0.000107661	
12.7693	0.000107661	
12.7697	0.000107661	
12.77	0.000107661	
12.7703	0.000107661	
12.7706	0.000107661	
12.7709	0.000107661	
12.7712	0.000107661	
12.7715	0.000107661	
12.7718	0.000107661	
12.7721	0.000107661	
12.7724	0.000107661	
12.7727	0.000107661	
12.773	0.000107661	
12.7733	0.000107661	
12.7736	0.000107661	
12.7739	0.000107661	
12.7742	0.000107661	
12.7745	0.000107661	
12.7748	0.000107661	
12.7752	0.000107661	
12.7755	0.000107661	
12.7758	0.000107661	
12.7761	0.000107661	
12.7764	0.000107661	
12.7767	0.000107661	
12.777	0.000107661	
12.7773	0.000107661	
12.7776	0.000107661	
12.7779	0.000107661	
12.7782	0.000107661	
12.7785	0.000107661	
12.7788	0.000107661	
12.7791	0.000107661	
12.7794	0.000107288	
12.7797	0.000107288	
12.78	0.000107288	
12.7803	0.000107288	
12.7807	0.000107288	
12.781	0.000107288	
12.7813	0.000107288	
12.7816	0.000107288	
12.7819	0.000107288	
12.7822	0.000107288	
12.7825	0.000107288	
12.7828	0.000107288	
12.7831	0.000107288	
12.7834	0.000107288	
12.7837	0.000107288	
12.784	0.000107288	
12.7843	0.000107288	
12.7846	0.000107288	
12.7849	0.000107288	
12.7852	0.000107288	
12.7855	0.000107288	
12.7859	0.000107288	
12.7862	0.000107288	
12.7865	0.000107288	
12.7868	0.000107288	
12.7871	0.000107288	
12.7874	0.000107288	
12.7877	0.000107288	
12.788	0.000107288	
12.7883	0.000107288	
12.7886	0.000107288	
12.7889	0.000107288	
12.7892	0.000107288	
12.7895	0.000107288	
12.7898	0.000107288	
12.7901	0.000107288	
12.7904	0.000107288	
12.7907	0.000107288	
12.791	0.000107288	
12.7914	0.000107288	
12.7917	0.000107288	
12.792	0.000106916	
12.7923	0.000106916	
12.7926	0.000106916	
12.7929	0.000106916	
12.7932	0.000106916	
12.7935	0.000106916	
12.7938	0.000106916	
12.7941	0.000106916	
12.7944	0.000106916	
12.7947	0.000106916	
12.795	0.000106916	
12.7953	0.000106916	
12.7956	0.000106916	
12.7959	0.000106916	
12.7962	0.000106916	
12.7965	0.000106916	
12.7969	0.000106916	
12.7972	0.000106916	
12.7975	0.000106916	
12.7978	0.000106916	
12.7981	0.000106916	
12.7984	0.000106916	
12.7987	0.000106916	
12.799	0.000106916	
12.7993	0.000106916	
12.7996	0.000106916	
12.7999	0.000106916	
12.8002	0.000106916	
12.8005	0.000106916	
12.8008	0.000106916	
12.8011	0.000106916	
12.8014	0.000106916	
12.8017	0.000106916	
12.802	0.000106916	
12.8024	0.000106916	
12.8027	0.000106916	
12.803	0.000106916	
12.8033	0.000106916	
12.8036	0.000106916	
12.8039	0.000106916	
12.8042	0.000106543	
12.8045	0.000106543	
12.8048	0.000106543	
12.8051	0.000106543	
12.8054	0.000106543	
12.8057	0.000106543	
12.806	0.000106543	
12.8063	0.000106543	
12.8066	0.000106543	
12.8069	0.000106543	
12.8072	0.000106543	
12.8075	0.000106543	
12.8079	0.000106543	
12.8082	0.000106543	
12.8085	0.000106543	
12.8088	0.000106543	
12.8091	0.000106543	
12.8094	0.000106543	
12.8097	0.000106543	
12.81	0.000106543	
12.8103	0.000106543	
12.8106	0.000106543	
12.8109	0.000106543	
12.8112	0.000106543	
12.8115	0.000106543	
12.8118	0.000106543	
12.8121	0.000106543	
12.8124	0.000106543	
12.8127	0.000106543	
12.813	0.000106543	
12.8134	0.000106543	
12.8137	0.000106543	
12.814	0.000106543	
12.8143	0.000106543	
12.8146	0.000106543	
12.8149	0.000106543	
12.8152	0.000106543	
12.8155	0.000106543	
12.8158	0.000106543	
12.8161	0.000106543	
12.8164	0.000106543	
12.8167	0.000106543	
12.817	0.000106171	
12.8173	0.000106171	
12.8176	0.000106171	
12.8179	0.000106171	
12.8182	0.000106171	
12.8185	0.000106171	
12.8189	0.000106171	
12.8192	0.000106171	
12.8195	0.000106171	
12.8198	0.000106171	
12.8201	0.000106171	
12.8204	0.000106171	
12.8207	0.000106171	
12.821	0.000106171	
12.8213	0.000106171	
12.8216	0.000106171	
12.8219	0.000106171	
12.8222	0.000106171	
12.8225	0.000106171	
12.8228	0.000106171	
12.8231	0.000106171	
12.8234	0.000106171	
12.8237	0.000106171	
12.824	0.000106171	
12.8244	0.000106171	
12.8247	0.000106171	
12.825	0.000106171	
12.8253	0.000106171	
12.8256	0.000106171	
12.8259	0.000106171	
12.8262	0.000106171	
12.8265	0.000106171	
12.8268	0.000106171	
12.8271	0.000106171	
12.8274	0.000106171	
12.8277	0.000106171	
12.828	0.000106171	
12.8283	0.000106171	
12.8286	0.000106171	
12.8289	0.000106171	
12.8292	0.000106171	
12.8295	0.000106171	
12.8299	0.000105798	
12.8302	0.000105798	
12.8305	0.000105798	
12.8308	0.000105798	
12.8311	0.000105798	
12.8314	0.000105798	
12.8317	0.000105798	
12.832	0.000105798	
12.8323	0.000105798	
12.8326	0.000105798	
12.8329	0.000105798	
12.8332	0.000105798	
12.8335	0.000105798	
12.8338	0.000105798	
12.8341	0.000105798	
12.8344	0.000105798	
12.8347	0.000105798	
12.835	0.000105798	
12.8354	0.000105798	
12.8357	0.000105798	
12.836	0.000105798	
12.8363	0.000105798	
12.8366	0.000105798	
12.8369	0.000105798	
12.8372	0.000105798	
12.8375	0.000105798	
12.8378	0.000105798	
12.8381	0.000105798	
12.8384	0.000105798	
12.8387	0.000105798	
12.839	0.000105798	
12.8393	0.000105798	
12.8396	0.000105798	
12.8399	0.000105798	
12.8402	0.000105798	
12.8405	0.000105798	
12.8409	0.000105798	
12.8412	0.000105798	
12.8415	0.000105798	
12.8418	0.000105798	
12.8421	0.000105798	
12.8424	0.000105798	
12.8427	0.000105426	
12.843	0.000105426	
12.8433	0.000105426	
12.8436	0.000105426	
12.8439	0.000105426	
12.8442	0.000105426	
12.8445	0.000105426	
12.8448	0.000105426	
12.8451	0.000105426	
12.8454	0.000105426	
12.8457	0.000105426	
12.846	0.000105426	
12.8464	0.000105426	
12.8467	0.000105426	
12.847	0.000105426	
12.8473	0.000105426	
12.8476	0.000105426	
12.8479	0.000105426	
12.8482	0.000105426	
12.8485	0.000105426	
12.8488	0.000105426	
12.8491	0.000105426	
12.8494	0.000105426	
12.8497	0.000105426	
12.85	0.000105426	
12.8503	0.000105426	
12.8506	0.000105426	
12.8509	0.000105426	
12.8512	0.000105426	
12.8515	0.000105426	
12.8519	0.000105426	
12.8522	0.000105426	
12.8525	0.000105426	
12.8528	0.000105426	
12.8531	0.000105426	
12.8534	0.000105426	
12.8537	0.000105426	
12.854	0.000105426	
12.8543	0.000105426	
12.8546	0.000105426	
12.8549	0.000105426	
12.8552	0.000105426	
12.8555	0.000105426	
12.8558	0.000105053	
12.8561	0.000105053	
12.8564	0.000105053	
12.8567	0.000105053	
12.857	0.000105053	
12.8574	0.000105053	
12.8577	0.000105053	
12.858	0.000105053	
12.8583	0.000105053	
12.8586	0.000105053	
12.8589	0.000105053	
12.8592	0.000105053	
12.8595	0.000105053	
12.8598	0.000105053	
12.8601	0.000105053	
12.8604	0.000105053	
12.8607	0.000105053	
12.861	0.000105053	
12.8613	0.000105053	
12.8616	0.000105053	
12.8619	0.000105053	
12.8622	0.000105053	
12.8625	0.000105053	
12.8629	0.000105053	
12.8632	0.000105053	
12.8635	0.000105053	
12.8638	0.000105053	
12.8641	0.000105053	
12.8644	0.000105053	
12.8647	0.000105053	
12.865	0.000105053	
12.8653	0.000105053	
12.8656	0.000105053	
12.8659	0.000105053	
12.8662	0.000105053	
12.8665	0.000105053	
12.8668	0.000105053	
12.8671	0.000105053	
12.8674	0.000105053	
12.8677	0.000105053	
12.868	0.000105053	
12.8684	0.000105053	
12.8687	0.000104681	
12.869	0.000104681	
12.8693	0.000104681	
12.8696	0.000104681	
12.8699	0.000104681	
12.8702	0.000104681	
12.8705	0.000104681	
12.8708	0.000104681	
12.8711	0.000104681	
12.8714	0.000104681	
12.8717	0.000104681	
12.872	0.000104681	
12.8723	0.000104681	
12.8726	0.000104681	
12.8729	0.000104681	
12.8732	0.000104681	
12.8735	0.000104681	
12.8739	0.000104681	
12.8742	0.000104681	
12.8745	0.000104681	
12.8748	0.000104681	
12.8751	0.000104681	
12.8754	0.000104681	
12.8757	0.000104681	
12.876	0.000104681	
12.8763	0.000104681	
12.8766	0.000104681	
12.8769	0.000104681	
12.8772	0.000104681	
12.8775	0.000104681	
12.8778	0.000104681	
12.8781	0.000104681	
12.8784	0.000104681	
12.8787	0.000104681	
12.879	0.000104681	
12.8794	0.000104681	
12.8797	0.000104681	
12.88	0.000104681	
12.8803	0.000104681	
12.8806	0.000104681	
12.8809	0.000104681	
12.8812	0.000104681	
12.8815	0.000104681	
12.8818	0.000104308	
12.8821	0.000104308	
12.8824	0.000104308	
12.8827	0.000104308	
12.883	0.000104308	
12.8833	0.000104308	
12.8836	0.000104308	
12.8839	0.000104308	
12.8842	0.000104308	
12.8845	0.000104308	
12.8849	0.000104308	
12.8852	0.000104308	
12.8855	0.000104308	
12.8858	0.000104308	
12.8861	0.000104308	
12.8864	0.000104308	
12.8867	0.000104308	
12.887	0.000104308	
12.8873	0.000104308	
12.8876	0.000104308	
12.8879	0.000104308	
12.8882	0.000104308	
12.8885	0.000104308	
12.8888	0.000104308	
12.8891	0.000104308	
12.8894	0.000104308	
12.8897	0.000104308	
12.89	0.000104308	
12.8904	0.000104308	
12.8907	0.000104308	
12.891	0.000104308	
12.8913	0.000104308	
12.8916	0.000104308	
12.8919	0.000104308	
12.8922	0.000104308	
12.8925	0.000104308	
12.8928	0.000104308	
12.8931	0.000104308	
12.8934	0.000104308	
12.8937	0.000104308	
12.894	0.000104308	
12.8943	0.000104308	
12.8946	0.000104308	
12.8949	0.000104308	
12.8952	0.000103936	
12.8955	0.000103936	
12.8959	0.000103936	
12.8962	0.000103936	
12.8965	0.000103936	
12.8968	0.000103936	
12.8971	0.000103936	
12.8974	0.000103936	
12.8977	0.000103936	
12.898	0.000103936	
12.8983	0.000103936	
12.8986	0.000103936	
12.8989	0.000103936	
12.8992	0.000103936	
12.8995	0.000103936	
12.8998	0.000103936	
12.9001	0.000103936	
12.9004	0.000103936	
12.9007	0.000103936	
12.901	0.000103936	
12.9014	0.000103936	
12.9017	0.000103936	
12.902	0.000103936	
12.9023	0.000103936	
12.9026	0.000103936	
12.9029	0.000103936	
12.9032	0.000103936	
12.9035	0.000103936	
12.9038	0.000103936	
12.9041	0.000103936	
12.9044	0.000103936	
12.9047	0.000103936	
12.905	0.000103936	
12.9053	0.000103936	
12.9056	0.000103936	
12.9059	0.000103936	
12.9062	0.000103936	
12.9065	0.000103936	
12.9069	0.000103936	
12.9072	0.000103936	
12.9075	0.000103936	
12.9078	0.000103936	
12.9081	0.000103936	
12.9084	0.000103563	
12.9087	0.000103563	
12.909	0.000103563	
12.9093	0.000103563	
12.9096	0.000103563	
12.9099	0.000103563	
12.9102	0.000103563	
12.9105	0.000103563	
12.9108	0.000103563	
12.9111	0.000103563	
12.9114	0.000103563	
12.9117	0.000103563	
12.912	0.000103563	
12.9124	0.000103563	
12.9127	0.000103563	
12.913	0.000103563	
12.9133	0.000103563	
12.9136	0.000103563	
12.9139	0.000103563	
12.9142	0.000103563	
12.9145	0.000103563	
12.9148	0.000103563	
12.9151	0.000103563	
12.9154	0.000103563	
12.9157	0.000103563	
12.916	0.000103563	
12.9163	0.000103563	
12.9166	0.000103563	
12.9169	0.000103563	
12.9172	0.000103563	
12.9175	0.000103563	
12.9179	0.000103563	
12.9182	0.000103563	
12.9185	0.000103563	
12.9188	0.000103563	
12.9191	0.000103563	
12.9194	0.000103563	
12.9197	0.000103563	
12.92	0.000103563	
12.9203	0.000103563	
12.9206	0.000103563	
12.9209	0.000103563	
12.9212	0.000103563	
12.9215	0.000103563	
12.9218	0.000103191	
12.9221	0.000103191	
12.9224	0.000103191	
12.9227	0.000103191	
12.923	0.000103191	
12.9234	0.000103191	
12.9237	0.000103191	
12.924	0.000103191	
12.9243	0.000103191	
12.9246	0.000103191	
12.9249	0.000103191	
12.9252	0.000103191	
12.9255	0.000103191	
12.9258	0.000103191	
12.9261	0.000103191	
12.9264	0.000103191	
12.9267	0.000103191	
12.927	0.000103191	
12.9273	0.000103191	
12.9276	0.000103191	
12.9279	0.000103191	
12.9282	0.000103191	
12.9285	0.000103191	
12.9289	0.000103191	
12.9292	0.000103191	
12.9295	0.000103191	
12.9298	0.000103191	
12.9301	0.000103191	
12.9304	0.000103191	
12.9307	0.000103191	
12.931	0.000103191	
12.9313	0.000103191	
12.9316	0.000103191	
12.9319	0.000103191	
12.9322	0.000103191	
12.9325	0.000103191	
12.9328	0.000103191	
12.9331	0.000103191	
12.9334	0.000103191	
12.9337	0.000103191	
12.934	0.000103191	
12.9344	0.000103191	
12.9347	0.000103191	
12.935	0.000103191	
12.9353	0.000102818	
12.9356	0.000102818	
12.9359	0.000102818	
12.9362	0.000102818	
12.9365	0.000102818	
12.9368	0.000102818	
12.9371	0.000102818	
12.9374	0.000102818	
12.9377	0.000102818	
12.938	0.000102818	
12.9383	0.000102818	
12.9386	0.000102818	
12.9389	0.000102818	
12.9392	0.000102818	
12.9395	0.000102818	
12.9399	0.000102818	
12.9402	0.000102818	
12.9405	0.000102818	
12.9408	0.000102818	
12.9411	0.000102818	
12.9414	0.000102818	
12.9417	0.000102818	
12.942	0.000102818	
12.9423	0.000102818	
12.9426	0.000102818	
12.9429	0.000102818	
12.9432	0.000102818	
12.9435	0.000102818	
12.9438	0.000102818	
12.9441	0.000102818	
12.9444	0.000102818	
12.9447	0.000102818	
12.945	0.000102818	
12.9454	0.000102818	
12.9457	0.000102818	
12.946	0.000102818	
12.9463	0.000102818	
12.9466	0.000102818	
12.9469	0.000102818	
12.9472	0.000102818	
12.9475	0.000102818	
12.9478	0.000102818	
12.9481	0.000102818	
12.9484	0.000102818	
12.9487	0.000102445	
12.949	0.000102445	
12.9493	0.000102445	
12.9496	0.000102445	
12.9499	0.000102445	
12.9502	0.000102445	
12.9505	0.000102445	
12.9509	0.000102445	
12.9512	0.000102445	
12.9515	0.000102445	
12.9518	0.000102445	
12.9521	0.000102445	
12.9524	0.000102445	
12.9527	0.000102445	
12.953	0.000102445	
12.9533	0.000102445	
12.9536	0.000102445	
12.9539	0.000102445	
12.9542	0.000102445	
12.9545	0.000102445	
12.9548	0.000102445	
12.9551	0.000102445	
12.9554	0.000102445	
12.9557	0.000102445	
12.9561	0.000102445	
12.9564	0.000102445	
12.9567	0.000102445	
12.957	0.000102445	
12.9573	0.000102445	
12.9576	0.000102445	
12.9579	0.000102445	
12.9582	0.000102445	
12.9585	0.000102445	
12.9588	0.000102445	
12.9591	0.000102445	
12.9594	0.000102445	
12.9597	0.000102445	
12.96	0.000102445	
12.9603	0.000102445	
12.9606	0.000102445	
12.9609	0.000102445	
12.9612	0.000102445	
12.9616	0.000102445	
12.9619	0.000102445	
12.9622	0.000102073	
12.9625	0.000102073	
12.9628	0.000102073	
12.9631	0.000102073	
12.9634	0.000102073	
12.9637	0.000102073	
12.964	0.000102073	
12.9643	0.000102073	
12.9646	0.000102073	
12.9649	0.000102073	
12.9652	0.000102073	
12.9655	0.000102073	
12.9658	0.000102073	
12.9661	0.000102073	
12.9664	0.000102073	
12.9667	0.000102073	
12.9671	0.000102073	
12.9674	0.000102073	
12.9677	0.000102073	
12.968	0.000102073	
12.9683	0.000102073	
12.9686	0.000102073	
12.9689	0.000102073	
12.9692	0.000102073	
12.9695	0.000102073	
12.9698	0.000102073	
12.9701	0.000102073	
12.9704	0.000102073	
12.9707	0.000102073	
12.971	0.000102073	
12.9713	0.000102073	
12.9716	0.000102073	
12.9719	0.000102073	
12.9722	0.000102073	
12.9726	0.000102073	
12.9729	0.000102073	
12.9732	0.000102073	
12.9735	0.000102073	
12.9738	0.000102073	
12.9741	0.000102073	
12.9744	0.000102073	
12.9747	0.000102073	
12.975	0.000102073	
12.9753	0.000102073	
12.9756	0.000102073	
12.9759	0.0001017	
12.9762	0.0001017	
12.9765	0.0001017	
12.9768	0.0001017	
12.9771	0.0001017	
12.9774	0.0001017	
12.9777	0.0001017	
12.9781	0.0001017	
12.9784	0.0001017	
12.9787	0.0001017	
12.979	0.0001017	
12.9793	0.0001017	
12.9796	0.0001017	
12.9799	0.0001017	
12.9802	0.0001017	
12.9805	0.0001017	
12.9808	0.0001017	
12.9811	0.0001017	
12.9814	0.0001017	
12.9817	0.0001017	
12.982	0.0001017	
12.9823	0.0001017	
12.9826	0.0001017	
12.9829	0.0001017	
12.9832	0.0001017	
12.9836	0.0001017	
12.9839	0.0001017	
12.9842	0.0001017	
12.9845	0.0001017	
12.9848	0.0001017	
12.9851	0.0001017	
12.9854	0.0001017	
12.9857	0.0001017	
12.986	0.0001017	
12.9863	0.0001017	
12.9866	0.0001017	
12.9869	0.0001017	
12.9872	0.0001017	
12.9875	0.0001017	
12.9878	0.0001017	
12.9881	0.0001017	
12.9884	0.0001017	
12.9887	0.0001017	
12.9891	0.0001017	
12.9894	0.0001017	
12.9897	0.000101328	
12.99	0.000101328	
12.9903	0.000101328	
12.9906	0.000101328	
12.9909	0.000101328	
12.9912	0.000101328	
12.9915	0.000101328	
12.9918	0.000101328	
12.9921	0.000101328	
12.9924	0.000101328	
12.9927	0.000101328	
12.993	0.000101328	
12.9933	0.000101328	
12.9936	0.000101328	
12.9939	0.000101328	
12.9942	0.000101328	
12.9946	0.000101328	
12.9949	0.000101328	
12.9952	0.000101328	
12.9955	0.000101328	
12.9958	0.000101328	
12.9961	0.000101328	
12.9964	0.000101328	
12.9967	0.000101328	
12.997	0.000101328	
12.9973	0.000101328	
12.9976	0.000101328	
12.9979	0.000101328	
12.9982	0.000101328	
12.9985	0.000101328	
12.9988	0.000101328	
12.9991	0.000101328	
12.9994	0.000101328	
12.9997	0.000101328	
13.0001	0.000101328	
13.0004	0.000101328	
13.0007	0.000101328	
13.001	0.000101328	
13.0013	0.000101328	
13.0016	0.000101328	
13.0019	0.000101328	
13.0022	0.000101328	
13.0025	0.000101328	
13.0028	0.000101328	
13.0031	0.000101328	
13.0034	0.000100955	
13.0037	0.000100955	
13.004	0.000100955	
13.0043	0.000100955	
13.0046	0.000100955	
13.0049	0.000100955	
13.0052	0.000100955	
13.0056	0.000100955	
13.0059	0.000100955	
13.0062	0.000100955	
13.0065	0.000100955	
13.0068	0.000100955	
13.0071	0.000100955	
13.0074	0.000100955	
13.0077	0.000100955	
13.008	0.000100955	
13.0083	0.000100955	
13.0086	0.000100955	
13.0089	0.000100955	
13.0092	0.000100955	
13.0095	0.000100955	
13.0098	0.000100955	
13.0101	0.000100955	
13.0104	0.000100955	
13.0107	0.000100955	
13.0111	0.000100955	
13.0114	0.000100955	
13.0117	0.000100955	
13.012	0.000100955	
13.0123	0.000100955	
13.0126	0.000100955	
13.0129	0.000100955	
13.0132	0.000100955	
13.0135	0.000100955	
13.0138	0.000100955	
13.0141	0.000100955	
13.0144	0.000100955	
13.0147	0.000100955	
13.015	0.000100955	
13.0153	0.000100955	
13.0156	0.000100955	
13.0159	0.000100955	
13.0162	0.000100955	
13.0166	0.000100955	
13.0169	0.000100955	
13.0172	0.000100583	
13.0175	0.000100583	
13.0178	0.000100583	
13.0181	0.000100583	
13.0184	0.000100583	
13.0187	0.000100583	
13.019	0.000100583	
13.0193	0.000100583	
13.0196	0.000100583	
13.0199	0.000100583	
13.0202	0.000100583	
13.0205	0.000100583	
13.0208	0.000100583	
13.0211	0.000100583	
13.0214	0.000100583	
13.0217	0.000100583	
13.0221	0.000100583	
13.0224	0.000100583	
13.0227	0.000100583	
13.023	0.000100583	
13.0233	0.000100583	
13.0236	0.000100583	
13.0239	0.000100583	
13.0242	0.000100583	
13.0245	0.000100583	
13.0248	0.000100583	
13.0251	0.000100583	
13.0254	0.000100583	
13.0257	0.000100583	
13.026	0.000100583	
13.0263	0.000100583	
13.0266	0.000100583	
13.0269	0.000100583	
13.0272	0.000100583	
13.0276	0.000100583	
13.0279	0.000100583	
13.0282	0.000100583	
13.0285	0.000100583	
13.0288	0.000100583	
13.0291	0.000100583	
13.0294	0.000100583	
13.0297	0.000100583	
13.03	0.000100583	
13.0303	0.000100583	
13.0306	0.000100583	
13.0309	0.000100583	
13.0312	0.00010021	
13.0315	0.00010021	
13.0318	0.00010021	
13.0321	0.00010021	
13.0324	0.00010021	
13.0327	0.00010021	
13.0331	0.00010021	
13.0334	0.00010021	
13.0337	0.00010021	
13.034	0.00010021	
13.0343	0.00010021	
13.0346	0.00010021	
13.0349	0.00010021	
13.0352	0.00010021	
13.0355	0.00010021	
13.0358	0.00010021	
13.0361	0.00010021	
13.0364	0.00010021	
13.0367	0.00010021	
13.037	0.00010021	
13.0373	0.00010021	
13.0376	0.00010021	
13.0379	0.00010021	
13.0382	0.00010021	
13.0386	0.00010021	
13.0389	0.00010021	
13.0392	0.00010021	
13.0395	0.00010021	
13.0398	0.00010021	
13.0401	0.00010021	
13.0404	0.00010021	
13.0407	0.00010021	
13.041	0.00010021	
13.0413	0.00010021	
13.0416	0.00010021	
13.0419	0.00010021	
13.0422	0.00010021	
13.0425	0.00010021	
13.0428	0.00010021	
13.0431	0.00010021	
13.0434	0.00010021	
13.0437	0.00010021	
13.0441	0.00010021	
13.0444	0.00010021	
13.0447	0.00010021	
13.045	0.00010021	
13.0453	9.98378e-05	
13.0456	9.98378e-05	
13.0459	9.98378e-05	
13.0462	9.98378e-05	
13.0465	9.98378e-05	
13.0468	9.98378e-05	
13.0471	9.98378e-05	
13.0474	9.98378e-05	
13.0477	9.98378e-05	
13.048	9.98378e-05	
13.0483	9.98378e-05	
13.0486	9.98378e-05	
13.0489	9.98378e-05	
13.0492	9.98378e-05	
13.0496	9.98378e-05	
13.0499	9.98378e-05	
13.0502	9.98378e-05	
13.0505	9.98378e-05	
13.0508	9.98378e-05	
13.0511	9.98378e-05	
13.0514	9.98378e-05	
13.0517	9.98378e-05	
13.052	9.98378e-05	
13.0523	9.98378e-05	
13.0526	9.98378e-05	
13.0529	9.98378e-05	
13.0532	9.98378e-05	
13.0535	9.98378e-05	
13.0538	9.98378e-05	
13.0541	9.98378e-05	
13.0544	9.98378e-05	
13.0547	9.98378e-05	
13.0551	9.98378e-05	
13.0554	9.98378e-05	
13.0557	9.98378e-05	
13.056	9.98378e-05	
13.0563	9.98378e-05	
13.0566	9.98378e-05	
13.0569	9.98378e-05	
13.0572	9.98378e-05	
13.0575	9.98378e-05	
13.0578	9.98378e-05	
13.0581	9.98378e-05	
13.0584	9.98378e-05	
13.0587	9.98378e-05	
13.059	9.98378e-05	
13.0593	9.94653e-05	
13.0596	9.94653e-05	
13.0599	9.94653e-05	
13.0602	9.94653e-05	
13.0606	9.94653e-05	
13.0609	9.94653e-05	
13.0612	9.94653e-05	
13.0615	9.94653e-05	
13.0618	9.94653e-05	
13.0621	9.94653e-05	
13.0624	9.94653e-05	
13.0627	9.94653e-05	
13.063	9.94653e-05	
13.0633	9.94653e-05	
13.0636	9.94653e-05	
13.0639	9.94653e-05	
13.0642	9.94653e-05	
13.0645	9.94653e-05	
13.0648	9.94653e-05	
13.0651	9.94653e-05	
13.0654	9.94653e-05	
13.0657	9.94653e-05	
13.0661	9.94653e-05	
13.0664	9.94653e-05	
13.0667	9.94653e-05	
13.067	9.94653e-05	
13.0673	9.94653e-05	
13.0676	9.94653e-05	
13.0679	9.94653e-05	
13.0682	9.94653e-05	
13.0685	9.94653e-05	
13.0688	9.94653e-05	
13.0691	9.94653e-05	
13.0694	9.94653e-05	
13.0697	9.94653e-05	
13.07	9.94653e-05	
13.0703	9.94653e-05	
13.0706	9.94653e-05	
13.0709	9.94653e-05	
13.0712	9.94653e-05	
13.0716	9.94653e-05	
13.0719	9.94653e-05	
13.0722	9.94653e-05	
13.0725	9.94653e-05	
13.0728	9.94653e-05	
13.0731	9.94653e-05	
13.0734	9.94653e-05	
13.0737	9.90927e-05	
13.074	9.90927e-05	
13.0743	9.90927e-05	
13.0746	9.90927e-05	
13.0749	9.94653e-05	
13.0752	9.94653e-05	
13.0755	9.94653e-05	
13.0758	9.94653e-05	
13.0761	9.94653e-05	
13.0764	9.94653e-05	
13.0767	9.94653e-05	
13.0771	9.90927e-05	
13.0774	9.90927e-05	
13.0777	9.90927e-05	
13.078	9.90927e-05	
13.0783	9.90927e-05	
13.0786	9.90927e-05	
13.0789	9.90927e-05	
13.0792	9.90927e-05	
13.0795	9.90927e-05	
13.0798	9.90927e-05	
13.0801	9.90927e-05	
13.0804	9.90927e-05	
13.0807	9.90927e-05	
13.081	9.90927e-05	
13.0813	9.90927e-05	
13.0816	9.90927e-05	
13.0819	9.90927e-05	
13.0822	9.90927e-05	
13.0826	9.90927e-05	
13.0829	9.90927e-05	
13.0832	9.90927e-05	
13.0835	9.90927e-05	
13.0838	9.90927e-05	
13.0841	9.90927e-05	
13.0844	9.90927e-05	
13.0847	9.90927e-05	
13.085	9.90927e-05	
13.0853	9.90927e-05	
13.0856	9.90927e-05	
13.0859	9.90927e-05	
13.0862	9.90927e-05	
13.0865	9.90927e-05	
13.0868	9.90927e-05	
13.0871	9.90927e-05	
13.0874	9.90927e-05	
13.0877	9.90927e-05	
13.0881	9.90927e-05	
13.0884	9.90927e-05	
13.0887	9.90927e-05	
13.089	9.90927e-05	
13.0893	9.90927e-05	
13.0896	9.90927e-05	
13.0899	9.90927e-05	
13.0902	9.90927e-05	
13.0905	9.90927e-05	
13.0908	9.90927e-05	
13.0911	9.90927e-05	
13.0914	9.90927e-05	
13.0917	9.90927e-05	
13.092	9.87202e-05	
13.0923	9.87202e-05	
13.0926	9.87202e-05	
13.0929	9.87202e-05	
13.0932	9.87202e-05	
13.0936	9.87202e-05	
13.0939	9.87202e-05	
13.0942	9.87202e-05	
13.0945	9.87202e-05	
13.0948	9.87202e-05	
13.0951	9.87202e-05	
13.0954	9.87202e-05	
13.0957	9.87202e-05	
13.096	9.87202e-05	
13.0963	9.87202e-05	
13.0966	9.87202e-05	
13.0969	9.87202e-05	
13.0972	9.87202e-05	
13.0975	9.87202e-05	
13.0978	9.87202e-05	
13.0981	9.87202e-05	
13.0984	9.87202e-05	
13.0987	9.87202e-05	
13.0991	9.87202e-05	
13.0994	9.87202e-05	
13.0997	9.87202e-05	
13.1	9.87202e-05	
13.1003	9.87202e-05	
13.1006	9.87202e-05	
13.1009	9.87202e-05	
13.1012	9.87202e-05	
13.1015	9.87202e-05	
13.1018	9.87202e-05	
13.1021	9.87202e-05	
13.1024	9.87202e-05	
13.1027	9.87202e-05	
13.103	9.87202e-05	
13.1033	9.87202e-05	
13.1036	9.87202e-05	
13.1039	9.87202e-05	
13.1042	9.87202e-05	
13.1046	9.87202e-05	
13.1049	9.87202e-05	
13.1052	9.87202e-05	
13.1055	9.87202e-05	
13.1058	9.87202e-05	
13.1061	9.87202e-05	
13.1064	9.87202e-05	
13.1067	9.87202e-05	
13.107	9.87202e-05	
13.1073	9.87202e-05	
13.1076	9.87202e-05	
13.1079	9.83477e-05	
13.1082	9.83477e-05	
13.1085	9.83477e-05	
13.1088	9.83477e-05	
13.1091	9.83477e-05	
13.1094	9.83477e-05	
13.1097	9.83477e-05	
13.1101	9.83477e-05	
13.1104	9.83477e-05	
13.1107	9.83477e-05	
13.111	9.83477e-05	
13.1113	9.83477e-05	
13.1116	9.83477e-05	
13.1119	9.83477e-05	
13.1122	9.83477e-05	
13.1125	9.83477e-05	
13.1128	9.83477e-05	
13.1131	9.83477e-05	
13.1134	9.83477e-05	
13.1137	9.83477e-05	
13.114	9.83477e-05	
13.1143	9.83477e-05	
13.1146	9.83477e-05	
13.1149	9.83477e-05	
13.1152	9.83477e-05	
13.1156	9.83477e-05	
13.1159	9.83477e-05	
13.1162	9.83477e-05	
13.1165	9.83477e-05	
13.1168	9.83477e-05	
13.1171	9.83477e-05	
13.1174	9.83477e-05	
13.1177	9.83477e-05	
13.118	9.83477e-05	
13.1183	9.83477e-05	
13.1186	9.83477e-05	
13.1189	9.83477e-05	
13.1192	9.83477e-05	
13.1195	9.83477e-05	
13.1198	9.83477e-05	
13.1201	9.83477e-05	
13.1204	9.83477e-05	
13.1207	9.83477e-05	
13.1211	9.83477e-05	
13.1214	9.83477e-05	
13.1217	9.83477e-05	
13.122	9.83477e-05	
13.1223	9.83477e-05	
13.1226	9.83477e-05	
13.1229	9.83477e-05	
13.1232	9.83477e-05	
13.1235	9.83477e-05	
13.1238	9.83477e-05	
13.1241	9.83477e-05	
13.1244	9.83477e-05	
13.1247	9.83477e-05	
13.125	9.79751e-05	
13.1253	9.79751e-05	
13.1256	9.79751e-05	
13.1259	9.79751e-05	
13.1263	9.79751e-05	
13.1266	9.79751e-05	
13.1269	9.79751e-05	
13.1272	9.79751e-05	
13.1275	9.79751e-05	
13.1278	9.79751e-05	
13.1281	9.79751e-05	
13.1284	9.79751e-05	
13.1287	9.79751e-05	
13.129	9.79751e-05	
13.1293	9.79751e-05	
13.1296	9.79751e-05	
13.1299	9.79751e-05	
13.1302	9.79751e-05	
13.1305	9.79751e-05	
13.1308	9.79751e-05	
13.1311	9.79751e-05	
13.1314	9.79751e-05	
13.1318	9.79751e-05	
13.1321	9.79751e-05	
13.1324	9.79751e-05	
13.1327	9.79751e-05	
13.133	9.79751e-05	
13.1333	9.79751e-05	
13.1336	9.79751e-05	
13.1339	9.79751e-05	
13.1342	9.79751e-05	
13.1345	9.79751e-05	
13.1348	9.79751e-05	
13.1351	9.79751e-05	
13.1354	9.79751e-05	
13.1357	9.79751e-05	
13.136	9.79751e-05	
13.1363	9.79751e-05	
13.1366	9.79751e-05	
13.1369	9.79751e-05	
13.1373	9.79751e-05	
13.1376	9.79751e-05	
13.1379	9.79751e-05	
13.1382	9.79751e-05	
13.1385	9.79751e-05	
13.1388	9.79751e-05	
13.1391	9.79751e-05	
13.1394	9.79751e-05	
13.1397	9.79751e-05	
13.14	9.79751e-05	
13.1403	9.79751e-05	
13.1406	9.79751e-05	
13.1409	9.79751e-05	
13.1412	9.79751e-05	
13.1415	9.79751e-05	
13.1418	9.79751e-05	
13.1421	9.79751e-05	
13.1424	9.79751e-05	
13.1428	9.79751e-05	
13.1431	9.79751e-05	
13.1434	9.79751e-05	
13.1437	9.79751e-05	
13.144	9.79751e-05	
13.1443	9.79751e-05	
13.1446	9.79751e-05	
13.1449	9.79751e-05	
13.1452	9.79751e-05	
13.1455	9.79751e-05	
13.1458	9.79751e-05	
13.1461	9.76026e-05	
13.1464	9.76026e-05	
13.1467	9.76026e-05	
13.147	9.76026e-05	
13.1473	9.76026e-05	
13.1476	9.76026e-05	
13.1479	9.76026e-05	
13.1483	9.76026e-05	
13.1486	9.76026e-05	
13.1489	9.76026e-05	
13.1492	9.76026e-05	
13.1495	9.76026e-05	
13.1498	9.76026e-05	
13.1501	9.76026e-05	
13.1504	9.76026e-05	
13.1507	9.76026e-05	
13.151	9.76026e-05	
13.1513	9.76026e-05	
13.1516	9.76026e-05	
13.1519	9.76026e-05	
13.1522	9.76026e-05	
13.1525	9.76026e-05	
13.1528	9.76026e-05	
13.1531	9.76026e-05	
13.1534	9.76026e-05	
13.1538	9.76026e-05	
13.1541	9.76026e-05	
13.1544	9.76026e-05	
13.1547	9.76026e-05	
13.155	9.76026e-05	
13.1553	9.76026e-05	
13.1556	9.76026e-05	
13.1559	9.76026e-05	
13.1562	9.76026e-05	
13.1565	9.76026e-05	
13.1568	9.76026e-05	
13.1571	9.76026e-05	
13.1574	9.76026e-05	
13.1577	9.76026e-05	
13.158	9.76026e-05	
13.1583	9.76026e-05	
13.1586	9.76026e-05	
13.1589	9.76026e-05	
13.1593	9.76026e-05	
13.1596	9.76026e-05	
13.1599	9.76026e-05	
13.1602	9.76026e-05	
13.1605	9.76026e-05	
13.1608	9.76026e-05	
13.1611	9.76026e-05	
13.1614	9.76026e-05	
13.1617	9.76026e-05	
13.162	9.76026e-05	
13.1623	9.76026e-05	
13.1626	9.76026e-05	
13.1629	9.76026e-05	
13.1632	9.76026e-05	
13.1635	9.76026e-05	
13.1638	9.76026e-05	
13.1641	9.76026e-05	
13.1644	9.76026e-05	
13.1648	9.76026e-05	
13.1651	9.76026e-05	
13.1654	9.76026e-05	
13.1657	9.76026e-05	
13.166	9.76026e-05	
13.1663	9.76026e-05	
13.1666	9.76026e-05	
13.1669	9.76026e-05	
13.1672	9.76026e-05	
13.1675	9.76026e-05	
13.1678	9.76026e-05	
13.1681	9.76026e-05	
13.1684	9.76026e-05	
13.1687	9.76026e-05	
13.169	9.76026e-05	
13.1693	9.76026e-05	
13.1696	9.76026e-05	
13.1699	9.76026e-05	
13.1703	9.76026e-05	
13.1706	9.79751e-05	
13.1709	9.79751e-05	
13.1712	9.79751e-05	
13.1715	9.79751e-05	
13.1718	9.79751e-05	
13.1721	9.79751e-05	
13.1724	9.79751e-05	
13.1727	9.79751e-05	
13.173	9.79751e-05	
13.1733	9.79751e-05	
13.1736	9.79751e-05	
13.1739	9.79751e-05	
13.1742	9.79751e-05	
13.1745	9.79751e-05	
13.1748	9.79751e-05	
13.1751	9.79751e-05	
13.1754	9.79751e-05	
13.1758	9.79751e-05	
13.1761	9.79751e-05	
13.1764	9.79751e-05	
13.1767	9.79751e-05	
13.177	9.79751e-05	
13.1773	9.79751e-05	
13.1776	9.79751e-05	
13.1779	9.79751e-05	
13.1782	9.79751e-05	
13.1785	9.83477e-05	
13.1788	9.83477e-05	
13.1791	9.83477e-05	
13.1794	9.83477e-05	
13.1797	9.83477e-05	
13.18	9.83477e-05	
13.1803	9.83477e-05	
13.1806	9.83477e-05	
13.1809	9.83477e-05	
13.1813	9.83477e-05	
13.1816	9.83477e-05	
13.1819	9.83477e-05	
13.1822	9.87202e-05	
13.1825	9.87202e-05	
13.1828	9.87202e-05	
13.1831	9.87202e-05	
13.1834	9.87202e-05	
13.1837	9.87202e-05	
13.184	9.87202e-05	
13.1843	9.87202e-05	
13.1846	9.87202e-05	
13.1849	9.90927e-05	
13.1852	9.90927e-05	
13.1855	9.90927e-05	
13.1858	9.90927e-05	
13.1861	9.90927e-05	
13.1864	9.90927e-05	
13.1868	9.94653e-05	
13.1871	9.94653e-05	
13.1874	9.94653e-05	
13.1877	9.94653e-05	
13.188	9.94653e-05	
13.1883	9.98378e-05	
13.1886	9.98378e-05	
13.1889	9.98378e-05	
13.1892	0.00010021	
13.1895	0.00010021	
13.1898	0.00010021	
13.1901	0.00010021	
13.1904	0.000100583	
13.1907	0.000100583	
13.191	0.000100583	
13.1913	0.000100955	
13.1916	0.000100955	
13.1919	0.000101328	
13.1923	0.000101328	
13.1926	0.0001017	
13.1929	0.0001017	
13.1932	0.000102073	
13.1935	0.000102073	
13.1938	0.000102445	
13.1941	0.000102818	
13.1944	0.000102818	
13.1947	0.000103191	
13.195	0.000103563	
13.1953	0.000103936	
13.1956	0.000104308	
13.1959	0.000104308	
13.1962	0.000105053	
13.1965	0.000105426	
13.1968	0.000105798	
13.1971	0.000106171	
13.1974	0.000106543	
13.1978	0.000107288	
13.1981	0.000108033	
13.1984	0.000108406	
13.1987	0.000109151	
13.199	0.000109896	
13.1993	0.000111014	
13.1996	0.000111759	
13.1999	0.000112876	
13.2002	0.000113994	
13.2005	0.000115111	
13.2008	0.000116602	
13.2011	0.000118092	
13.2014	0.000119954	
13.2017	0.000121817	
13.202	0.000124052	
13.2023	0.000126287	
13.2026	0.000129268	
13.2029	0.00013262	
13.2033	0.000136346	
13.2036	0.000140443	
13.2039	0.000145659	
13.2042	0.000151619	
13.2045	0.000158697	
13.2048	0.000167266	
13.2051	0.000177696	
13.2054	0.000190735	
13.2057	0.000206754	
13.206	0.000227615	
13.2063	0.000255182	
13.2066	0.00029169	
13.2069	0.000342354	
13.2072	0.000415742	
13.2075	0.000526384	
13.2078	0.000704825	
13.2081	0.00101626	
13.2084	0.00161715	
13.2088	0.00288039	
13.2091	0.00510328	
13.2094	0.0064496	
13.2097	0.00504553	
13.21	0.00283644	
13.2103	0.00159629	
13.2106	0.00100583	
13.2109	0.000699237	
13.2112	0.000523031	
13.2115	0.000413507	
13.2118	0.000340864	
13.2121	0.000290573	
13.2124	0.000254065	
13.2127	0.00022687	
13.213	0.000206381	
13.2133	0.00018999	
13.2136	0.000177324	
13.2139	0.000166893	
13.2143	0.000158325	
13.2146	0.000151247	
13.2149	0.000145286	
13.2152	0.000140071	
13.2155	0.000135601	
13.2158	0.000131875	
13.2161	0.000128895	
13.2164	0.000125915	
13.2167	0.00012368	
13.217	0.000121444	
13.2173	0.000119582	
13.2176	0.000117719	
13.2179	0.000116229	
13.2182	0.000114739	
13.2185	0.000113621	
13.2188	0.000112504	
13.2191	0.000111386	
13.2194	0.000110269	
13.2198	0.000109524	
13.2201	0.000108778	
13.2204	0.000108033	
13.2207	0.000107288	
13.221	0.000106543	
13.2213	0.000106171	
13.2216	0.000105426	
13.2219	0.000105053	
13.2222	0.000104681	
13.2225	0.000104308	
13.2228	0.000103936	
13.2231	0.000103563	
13.2234	0.000103191	
13.2237	0.000102818	
13.224	0.000102445	
13.2243	0.000102073	
13.2246	0.000102073	
13.2249	0.0001017	
13.2253	0.000101328	
13.2256	0.000101328	
13.2259	0.000100955	
13.2262	0.000100583	
13.2265	0.000100583	
13.2268	0.00010021	
13.2271	0.00010021	
13.2274	9.98378e-05	
13.2277	9.98378e-05	
13.228	9.98378e-05	
13.2283	9.94653e-05	
13.2286	9.94653e-05	
13.2289	9.90927e-05	
13.2292	9.90927e-05	
13.2295	9.90927e-05	
13.2298	9.90927e-05	
13.2301	9.87202e-05	
13.2304	9.87202e-05	
13.2308	9.87202e-05	
13.2311	9.83477e-05	
13.2314	9.83477e-05	
13.2317	9.83477e-05	
13.232	9.83477e-05	
13.2323	9.79751e-05	
13.2326	9.79751e-05	
13.2329	9.79751e-05	
13.2332	9.79751e-05	
13.2335	9.79751e-05	
13.2338	9.76026e-05	
13.2341	9.76026e-05	
13.2344	9.76026e-05	
13.2347	9.76026e-05	
13.235	9.76026e-05	
13.2353	9.72301e-05	
13.2356	9.72301e-05	
13.2359	9.72301e-05	
13.2363	9.72301e-05	
13.2366	9.72301e-05	
13.2369	9.72301e-05	
13.2372	9.72301e-05	
13.2375	9.68575e-05	
13.2378	9.68575e-05	
13.2381	9.68575e-05	
13.2384	9.68575e-05	
13.2387	9.68575e-05	
13.239	9.68575e-05	
13.2393	9.68575e-05	
13.2396	9.68575e-05	
13.2399	9.68575e-05	
13.2402	9.6485e-05	
13.2405	9.6485e-05	
13.2408	9.6485e-05	
13.2411	9.6485e-05	
13.2414	9.6485e-05	
13.2418	9.6485e-05	
13.2421	9.6485e-05	
13.2424	9.6485e-05	
13.2427	9.6485e-05	
13.243	9.6485e-05	
13.2433	9.61125e-05	
13.2436	9.61125e-05	
13.2439	9.61125e-05	
13.2442	9.61125e-05	
13.2445	9.61125e-05	
13.2448	9.61125e-05	
13.2451	9.61125e-05	
13.2454	9.61125e-05	
13.2457	9.61125e-05	
13.246	9.61125e-05	
13.2463	9.61125e-05	
13.2466	9.61125e-05	
13.2469	9.61125e-05	
13.2473	9.61125e-05	
13.2476	9.574e-05	
13.2479	9.574e-05	
13.2482	9.574e-05	
13.2485	9.574e-05	
13.2488	9.574e-05	
13.2491	9.574e-05	
13.2494	9.574e-05	
13.2497	9.574e-05	
13.25	9.574e-05	
13.2503	9.574e-05	
13.2506	9.574e-05	
13.2509	9.574e-05	
13.2512	9.574e-05	
13.2515	9.574e-05	
13.2518	9.574e-05	
13.2521	9.574e-05	
13.2524	9.574e-05	
13.2528	9.574e-05	
13.2531	9.53674e-05	
13.2534	9.53674e-05	
13.2537	9.53674e-05	
13.254	9.53674e-05	
13.2543	9.53674e-05	
13.2546	9.53674e-05	
13.2549	9.53674e-05	
13.2552	9.53674e-05	
13.2555	9.53674e-05	
13.2558	9.53674e-05	
13.2561	9.53674e-05	
13.2564	9.53674e-05	
13.2567	9.53674e-05	
13.257	9.53674e-05	
13.2573	9.53674e-05	
13.2576	9.53674e-05	
13.2579	9.53674e-05	
13.2583	9.53674e-05	
13.2586	9.53674e-05	
13.2589	9.53674e-05	
13.2592	9.53674e-05	
13.2595	9.53674e-05	
13.2598	9.49949e-05	
13.2601	9.49949e-05	
13.2604	9.49949e-05	
13.2607	9.49949e-05	
13.261	9.49949e-05	
13.2613	9.49949e-05	
13.2616	9.49949e-05	
13.2619	9.49949e-05	
13.2622	9.49949e-05	
13.2625	9.49949e-05	
13.2628	9.49949e-05	
13.2631	9.49949e-05	
13.2634	9.49949e-05	
13.2638	9.49949e-05	
13.2641	9.49949e-05	
13.2644	9.49949e-05	
13.2647	9.49949e-05	
13.265	9.49949e-05	
13.2653	9.49949e-05	
13.2656	9.49949e-05	
13.2659	9.49949e-05	
13.2662	9.49949e-05	
13.2665	9.49949e-05	
13.2668	9.49949e-05	
13.2671	9.49949e-05	
13.2674	9.49949e-05	
13.2677	9.49949e-05	
13.268	9.49949e-05	
13.2683	9.49949e-05	
13.2686	9.46224e-05	
13.2689	9.46224e-05	
13.2693	9.46224e-05	
13.2696	9.46224e-05	
13.2699	9.46224e-05	
13.2702	9.46224e-05	
13.2705	9.46224e-05	
13.2708	9.46224e-05	
13.2711	9.46224e-05	
13.2714	9.46224e-05	
13.2717	9.46224e-05	
13.272	9.46224e-05	
13.2723	9.46224e-05	
13.2726	9.46224e-05	
13.2729	9.46224e-05	
13.2732	9.46224e-05	
13.2735	9.46224e-05	
13.2738	9.46224e-05	
13.2741	9.46224e-05	
13.2744	9.46224e-05	
13.2748	9.46224e-05	
13.2751	9.46224e-05	
13.2754	9.46224e-05	
13.2757	9.46224e-05	
13.276	9.46224e-05	
13.2763	9.46224e-05	
13.2766	9.46224e-05	
13.2769	9.46224e-05	
13.2772	9.46224e-05	
13.2775	9.46224e-05	
13.2778	9.46224e-05	
13.2781	9.46224e-05	
13.2784	9.46224e-05	
13.2787	9.46224e-05	
13.279	9.42498e-05	
13.2793	9.42498e-05	
13.2796	9.42498e-05	
13.2799	9.42498e-05	
13.2803	9.42498e-05	
13.2806	9.42498e-05	
13.2809	9.42498e-05	
13.2812	9.42498e-05	
13.2815	9.42498e-05	
13.2818	9.42498e-05	
13.2821	9.42498e-05	
13.2824	9.42498e-05	
13.2827	9.42498e-05	
13.283	9.42498e-05	
13.2833	9.42498e-05	
13.2836	9.42498e-05	
13.2839	9.42498e-05	
13.2842	9.42498e-05	
13.2845	9.42498e-05	
13.2848	9.42498e-05	
13.2851	9.42498e-05	
13.2854	9.42498e-05	
13.2858	9.42498e-05	
13.2861	9.42498e-05	
13.2864	9.42498e-05	
13.2867	9.42498e-05	
13.287	9.42498e-05	
13.2873	9.42498e-05	
13.2876	9.42498e-05	
13.2879	9.42498e-05	
13.2882	9.42498e-05	
13.2885	9.42498e-05	
13.2888	9.42498e-05	
13.2891	9.42498e-05	
13.2894	9.42498e-05	
13.2897	9.42498e-05	
13.29	9.42498e-05	
13.2903	9.42498e-05	
13.2906	9.42498e-05	
13.2909	9.38773e-05	
13.2913	9.38773e-05	
13.2916	9.38773e-05	
13.2919	9.38773e-05	
13.2922	9.38773e-05	
13.2925	9.38773e-05	
13.2928	9.38773e-05	
13.2931	9.38773e-05	
13.2934	9.38773e-05	
13.2937	9.38773e-05	
13.294	9.38773e-05	
13.2943	9.38773e-05	
13.2946	9.38773e-05	
13.2949	9.38773e-05	
13.2952	9.38773e-05	
13.2955	9.38773e-05	
13.2958	9.38773e-05	
13.2961	9.38773e-05	
13.2965	9.38773e-05	
13.2968	9.38773e-05	
13.2971	9.38773e-05	
13.2974	9.38773e-05	
13.2977	9.38773e-05	
13.298	9.38773e-05	
13.2983	9.38773e-05	
13.2986	9.38773e-05	
13.2989	9.38773e-05	
13.2992	9.38773e-05	
13.2995	9.38773e-05	
13.2998	9.38773e-05	
13.3001	9.38773e-05	
13.3004	9.38773e-05	
13.3007	9.38773e-05	
13.301	9.38773e-05	
13.3013	9.38773e-05	
13.3016	9.38773e-05	
13.302	9.38773e-05	
13.3023	9.38773e-05	
13.3026	9.38773e-05	
13.3029	9.38773e-05	
13.3032	9.38773e-05	
13.3035	9.38773e-05	
13.3038	9.38773e-05	
13.3041	9.35048e-05	
13.3044	9.35048e-05	
13.3047	9.35048e-05	
13.305	9.35048e-05	
13.3053	9.35048e-05	
13.3056	9.35048e-05	
13.3059	9.35048e-05	
13.3062	9.35048e-05	
13.3065	9.35048e-05	
13.3068	9.35048e-05	
13.3071	9.35048e-05	
13.3075	9.35048e-05	
13.3078	9.35048e-05	
13.3081	9.35048e-05	
13.3084	9.35048e-05	
13.3087	9.35048e-05	
13.309	9.35048e-05	
13.3093	9.35048e-05	
13.3096	9.35048e-05	
13.3099	9.35048e-05	
13.3102	9.35048e-05	
13.3105	9.35048e-05	
13.3108	9.35048e-05	
13.3111	9.35048e-05	
13.3114	9.35048e-05	
13.3117	9.35048e-05	
13.312	9.35048e-05	
13.3123	9.35048e-05	
13.3126	9.35048e-05	
13.313	9.35048e-05	
13.3133	9.35048e-05	
13.3136	9.35048e-05	
13.3139	9.35048e-05	
13.3142	9.35048e-05	
13.3145	9.35048e-05	
13.3148	9.35048e-05	
13.3151	9.35048e-05	
13.3154	9.35048e-05	
13.3157	9.35048e-05	
13.316	9.35048e-05	
13.3163	9.35048e-05	
13.3166	9.35048e-05	
13.3169	9.35048e-05	
13.3172	9.35048e-05	
13.3175	9.35048e-05	
13.3178	9.35048e-05	
13.3181	9.31323e-05	
13.3185	9.31323e-05	
13.3188	9.31323e-05	
13.3191	9.31323e-05	
13.3194	9.31323e-05	
13.3197	9.31323e-05	
13.32	9.31323e-05	
13.3203	9.31323e-05	
13.3206	9.31323e-05	
13.3209	9.31323e-05	
13.3212	9.31323e-05	
13.3215	9.31323e-05	
13.3218	9.31323e-05	
13.3221	9.31323e-05	
13.3224	9.31323e-05	
13.3227	9.31323e-05	
13.323	9.31323e-05	
13.3233	9.31323e-05	
13.3236	9.31323e-05	
13.324	9.31323e-05	
13.3243	9.31323e-05	
13.3246	9.31323e-05	
13.3249	9.31323e-05	
13.3252	9.31323e-05	
13.3255	9.31323e-05	
13.3258	9.31323e-05	
13.3261	9.31323e-05	
13.3264	9.31323e-05	
13.3267	9.31323e-05	
13.327	9.31323e-05	
13.3273	9.31323e-05	
13.3276	9.31323e-05	
13.3279	9.31323e-05	
13.3282	9.31323e-05	
13.3285	9.31323e-05	
13.3288	9.31323e-05	
13.3291	9.31323e-05	
13.3295	9.31323e-05	
13.3298	9.31323e-05	
13.3301	9.31323e-05	
13.3304	9.31323e-05	
13.3307	9.31323e-05	
13.331	9.31323e-05	
13.3313	9.31323e-05	
13.3316	9.31323e-05	
13.3319	9.31323e-05	
13.3322	9.31323e-05	
13.3325	9.31323e-05	
13.3328	9.27597e-05	
13.3331	9.27597e-05	
13.3334	9.27597e-05	
13.3337	9.27597e-05	
13.334	9.27597e-05	
13.3343	9.27597e-05	
13.3346	9.27597e-05	
13.335	9.27597e-05	
13.3353	9.27597e-05	
13.3356	9.27597e-05	
13.3359	9.27597e-05	
13.3362	9.27597e-05	
13.3365	9.27597e-05	
13.3368	9.27597e-05	
13.3371	9.27597e-05	
13.3374	9.27597e-05	
13.3377	9.27597e-05	
13.338	9.27597e-05	
13.3383	9.27597e-05	
13.3386	9.27597e-05	
13.3389	9.27597e-05	
13.3392	9.27597e-05	
13.3395	9.27597e-05	
13.3398	9.27597e-05	
13.3401	9.27597e-05	
13.3405	9.27597e-05	
13.3408	9.27597e-05	
13.3411	9.27597e-05	
13.3414	9.27597e-05	
13.3417	9.27597e-05	
13.342	9.27597e-05	
13.3423	9.27597e-05	
13.3426	9.27597e-05	
13.3429	9.27597e-05	
13.3432	9.27597e-05	
13.3435	9.27597e-05	
13.3438	9.27597e-05	
13.3441	9.27597e-05	
13.3444	9.27597e-05	
13.3447	9.23872e-05	
13.345	9.23872e-05	
13.3453	9.23872e-05	
13.3456	9.23872e-05	
13.346	9.23872e-05	
13.3463	9.23872e-05	
13.3466	9.23872e-05	
13.3469	9.23872e-05	
13.3472	9.23872e-05	
13.3475	9.23872e-05	
13.3478	9.23872e-05	
13.3481	9.23872e-05	
13.3484	9.23872e-05	
13.3487	9.23872e-05	
13.349	9.23872e-05	
13.3493	9.23872e-05	
13.3496	9.23872e-05	
13.3499	9.23872e-05	
13.3502	9.23872e-05	
13.3505	9.23872e-05	
13.3508	9.23872e-05	
13.3511	9.23872e-05	
13.3515	9.23872e-05	
13.3518	9.23872e-05	
13.3521	9.23872e-05	
13.3524	9.23872e-05	
13.3527	9.23872e-05	
13.353	9.23872e-05	
13.3533	9.23872e-05	
13.3536	9.23872e-05	
13.3539	9.23872e-05	
13.3542	9.23872e-05	
13.3545	9.23872e-05	
13.3548	9.23872e-05	
13.3551	9.23872e-05	
13.3554	9.23872e-05	
13.3557	9.23872e-05	
13.356	9.23872e-05	
13.3563	9.23872e-05	
13.3566	9.23872e-05	
13.357	9.23872e-05	
13.3573	9.23872e-05	
13.3576	9.23872e-05	
13.3579	9.23872e-05	
13.3582	9.23872e-05	
13.3585	9.23872e-05	
13.3588	9.23872e-05	
13.3591	9.23872e-05	
13.3594	9.23872e-05	
13.3597	9.23872e-05	
13.36	9.23872e-05	
13.3603	9.20147e-05	
13.3606	9.20147e-05	
13.3609	9.20147e-05	
13.3612	9.20147e-05	
13.3615	9.20147e-05	
13.3618	9.20147e-05	
13.3621	9.20147e-05	
13.3625	9.20147e-05	
13.3628	9.20147e-05	
13.3631	9.20147e-05	
13.3634	9.20147e-05	
13.3637	9.20147e-05	
13.364	9.20147e-05	
13.3643	9.20147e-05	
13.3646	9.20147e-05	
13.3649	9.20147e-05	
13.3652	9.20147e-05	
13.3655	9.20147e-05	
13.3658	9.20147e-05	
13.3661	9.20147e-05	
13.3664	9.20147e-05	
13.3667	9.20147e-05	
13.367	9.20147e-05	
13.3673	9.20147e-05	
13.3676	9.20147e-05	
13.368	9.20147e-05	
13.3683	9.20147e-05	
13.3686	9.20147e-05	
13.3689	9.20147e-05	
13.3692	9.20147e-05	
13.3695	9.20147e-05	
13.3698	9.20147e-05	
13.3701	9.20147e-05	
13.3704	9.20147e-05	
13.3707	9.20147e-05	
13.371	9.20147e-05	
13.3713	9.20147e-05	
13.3716	9.20147e-05	
13.3719	9.20147e-05	
13.3722	9.20147e-05	
13.3725	9.20147e-05	
13.3728	9.20147e-05	
13.3731	9.20147e-05	
13.3735	9.20147e-05	
13.3738	9.20147e-05	
13.3741	9.20147e-05	
13.3744	9.20147e-05	
13.3747	9.20147e-05	
13.375	9.20147e-05	
13.3753	9.20147e-05	
13.3756	9.20147e-05	
13.3759	9.20147e-05	
13.3762	9.16421e-05	
13.3765	9.16421e-05	
13.3768	9.16421e-05	
13.3771	9.16421e-05	
13.3774	9.16421e-05	
13.3777	9.16421e-05	
13.378	9.16421e-05	
13.3783	9.16421e-05	
13.3786	9.16421e-05	
13.379	9.16421e-05	
13.3793	9.16421e-05	
13.3796	9.16421e-05	
13.3799	9.16421e-05	
13.3802	9.16421e-05	
13.3805	9.16421e-05	
13.3808	9.16421e-05	
13.3811	9.16421e-05	
13.3814	9.16421e-05	
13.3817	9.16421e-05	
13.382	9.16421e-05	
13.3823	9.16421e-05	
13.3826	9.16421e-05	
13.3829	9.16421e-05	
13.3832	9.16421e-05	
13.3835	9.16421e-05	
13.3838	9.16421e-05	
13.3841	9.16421e-05	
13.3845	9.16421e-05	
13.3848	9.16421e-05	
13.3851	9.16421e-05	
13.3854	9.16421e-05	
13.3857	9.16421e-05	
13.386	9.16421e-05	
13.3863	9.16421e-05	
13.3866	9.16421e-05	
13.3869	9.16421e-05	
13.3872	9.16421e-05	
13.3875	9.16421e-05	
13.3878	9.16421e-05	
13.3881	9.16421e-05	
13.3884	9.16421e-05	
13.3887	9.16421e-05	
13.389	9.16421e-05	
13.3893	9.16421e-05	
13.3896	9.16421e-05	
13.39	9.16421e-05	
13.3903	9.16421e-05	
13.3906	9.16421e-05	
13.3909	9.16421e-05	
13.3912	9.16421e-05	
13.3915	9.16421e-05	
13.3918	9.16421e-05	
13.3921	9.16421e-05	
13.3924	9.12696e-05	
13.3927	9.12696e-05	
13.393	9.12696e-05	
13.3933	9.12696e-05	
13.3936	9.12696e-05	
13.3939	9.12696e-05	
13.3942	9.12696e-05	
13.3945	9.12696e-05	
13.3948	9.12696e-05	
13.3951	9.12696e-05	
13.3955	9.12696e-05	
13.3958	9.12696e-05	
13.3961	9.12696e-05	
13.3964	9.12696e-05	
13.3967	9.12696e-05	
13.397	9.12696e-05	
13.3973	9.12696e-05	
13.3976	9.12696e-05	
13.3979	9.12696e-05	
13.3982	9.12696e-05	
13.3985	9.12696e-05	
13.3988	9.12696e-05	
13.3991	9.12696e-05	
13.3994	9.12696e-05	
13.3997	9.12696e-05	
13.4	9.12696e-05	
13.4003	9.12696e-05	
13.4006	9.12696e-05	
13.401	9.12696e-05	
13.4013	9.12696e-05	
13.4016	9.12696e-05	
13.4019	9.12696e-05	
13.4022	9.12696e-05	
13.4025	9.12696e-05	
13.4028	9.12696e-05	
13.4031	9.12696e-05	
13.4034	9.12696e-05	
13.4037	9.12696e-05	
13.404	9.12696e-05	
13.4043	9.12696e-05	
13.4046	9.12696e-05	
13.4049	9.12696e-05	
13.4052	9.12696e-05	
13.4055	9.12696e-05	
13.4058	9.12696e-05	
13.4061	9.12696e-05	
13.4065	9.12696e-05	
13.4068	9.12696e-05	
13.4071	9.12696e-05	
13.4074	9.12696e-05	
13.4077	9.12696e-05	
13.408	9.12696e-05	
13.4083	9.12696e-05	
13.4086	9.08971e-05	
13.4089	9.08971e-05	
13.4092	9.08971e-05	
13.4095	9.08971e-05	
13.4098	9.08971e-05	
13.4101	9.08971e-05	
13.4104	9.08971e-05	
13.4107	9.08971e-05	
13.411	9.08971e-05	
13.4113	9.08971e-05	
13.4116	9.08971e-05	
13.412	9.08971e-05	
13.4123	9.08971e-05	
13.4126	9.08971e-05	
13.4129	9.08971e-05	
13.4132	9.08971e-05	
13.4135	9.08971e-05	
13.4138	9.08971e-05	
13.4141	9.08971e-05	
13.4144	9.08971e-05	
13.4147	9.08971e-05	
13.415	9.08971e-05	
13.4153	9.08971e-05	
13.4156	9.08971e-05	
13.4159	9.08971e-05	
13.4162	9.08971e-05	
13.4165	9.08971e-05	
13.4168	9.08971e-05	
13.4171	9.08971e-05	
13.4175	9.08971e-05	
13.4178	9.08971e-05	
13.4181	9.08971e-05	
13.4184	9.08971e-05	
13.4187	9.08971e-05	
13.419	9.08971e-05	
13.4193	9.08971e-05	
13.4196	9.08971e-05	
13.4199	9.08971e-05	
13.4202	9.08971e-05	
13.4205	9.08971e-05	
13.4208	9.08971e-05	
13.4211	9.08971e-05	
13.4214	9.08971e-05	
13.4217	9.08971e-05	
13.422	9.08971e-05	
13.4223	9.08971e-05	
13.4226	9.08971e-05	
13.423	9.08971e-05	
13.4233	9.08971e-05	
13.4236	9.08971e-05	
13.4239	9.08971e-05	
13.4242	9.08971e-05	
13.4245	9.08971e-05	
13.4248	9.08971e-05	
13.4251	9.05246e-05	
13.4254	9.05246e-05	
13.4257	9.05246e-05	
13.426	9.05246e-05	
13.4263	9.05246e-05	
13.4266	9.05246e-05	
13.4269	9.05246e-05	
13.4272	9.05246e-05	
13.4275	9.05246e-05	
13.4278	9.05246e-05	
13.4281	9.05246e-05	
13.4285	9.05246e-05	
13.4288	9.05246e-05	
13.4291	9.05246e-05	
13.4294	9.05246e-05	
13.4297	9.05246e-05	
13.43	9.05246e-05	
13.4303	9.05246e-05	
13.4306	9.05246e-05	
13.4309	9.05246e-05	
13.4312	9.05246e-05	
13.4315	9.05246e-05	
13.4318	9.05246e-05	
13.4321	9.05246e-05	
13.4324	9.05246e-05	
13.4327	9.05246e-05	
13.433	9.05246e-05	
13.4333	9.05246e-05	
13.4336	9.05246e-05	
13.434	9.05246e-05	
13.4343	9.05246e-05	
13.4346	9.05246e-05	
13.4349	9.05246e-05	
13.4352	9.05246e-05	
13.4355	9.05246e-05	
13.4358	9.05246e-05	
13.4361	9.05246e-05	
13.4364	9.05246e-05	
13.4367	9.05246e-05	
13.437	9.05246e-05	
13.4373	9.05246e-05	
13.4376	9.05246e-05	
13.4379	9.05246e-05	
13.4382	9.05246e-05	
13.4385	9.05246e-05	
13.4388	9.05246e-05	
13.4391	9.05246e-05	
13.4395	9.05246e-05	
13.4398	9.05246e-05	
13.4401	9.05246e-05	
13.4404	9.05246e-05	
13.4407	9.05246e-05	
13.441	9.05246e-05	
13.4413	9.0152e-05	
13.4416	9.0152e-05	
13.4419	9.0152e-05	
13.4422	9.0152e-05	
13.4425	9.0152e-05	
13.4428	9.0152e-05	
13.4431	9.0152e-05	
13.4434	9.0152e-05	
13.4437	9.0152e-05	
13.444	9.0152e-05	
13.4443	9.0152e-05	
13.4446	9.0152e-05	
13.445	9.0152e-05	
13.4453	9.0152e-05	
13.4456	9.0152e-05	
13.4459	9.0152e-05	
13.4462	9.0152e-05	
13.4465	9.0152e-05	
13.4468	9.0152e-05	
13.4471	9.0152e-05	
13.4474	9.0152e-05	
13.4477	9.0152e-05	
13.448	9.0152e-05	
13.4483	9.0152e-05	
13.4486	9.0152e-05	
13.4489	9.0152e-05	
13.4492	9.0152e-05	
13.4495	9.0152e-05	
13.4498	9.0152e-05	
13.4501	9.0152e-05	
13.4505	9.0152e-05	
13.4508	9.0152e-05	
13.4511	9.0152e-05	
13.4514	9.0152e-05	
13.4517	9.0152e-05	
13.452	9.0152e-05	
13.4523	9.0152e-05	
13.4526	9.0152e-05	
13.4529	9.0152e-05	
13.4532	9.0152e-05	
13.4535	9.0152e-05	
13.4538	9.0152e-05	
13.4541	9.0152e-05	
13.4544	9.0152e-05	
13.4547	9.0152e-05	
13.455	9.0152e-05	
13.4553	9.0152e-05	
13.4556	9.0152e-05	
13.456	9.0152e-05	
13.4563	9.0152e-05	
13.4566	9.0152e-05	
13.4569	9.0152e-05	
13.4572	9.0152e-05	
13.4575	9.0152e-05	
13.4578	9.0152e-05	
13.4581	8.97795e-05	
13.4584	8.97795e-05	
13.4587	8.97795e-05	
13.459	8.97795e-05	
13.4593	8.97795e-05	
13.4596	8.97795e-05	
13.4599	8.97795e-05	
13.4602	8.97795e-05	
13.4605	8.97795e-05	
13.4608	8.97795e-05	
13.4611	8.97795e-05	
13.4615	8.97795e-05	
13.4618	8.97795e-05	
13.4621	8.97795e-05	
13.4624	8.97795e-05	
13.4627	8.97795e-05	
13.463	8.97795e-05	
13.4633	8.97795e-05	
13.4636	8.97795e-05	
13.4639	8.97795e-05	
13.4642	8.97795e-05	
13.4645	8.97795e-05	
13.4648	8.97795e-05	
13.4651	8.97795e-05	
13.4654	8.97795e-05	
13.4657	8.97795e-05	
13.466	8.97795e-05	
13.4663	8.97795e-05	
13.4667	8.97795e-05	
13.467	8.97795e-05	
13.4673	8.97795e-05	
13.4676	8.97795e-05	
13.4679	8.97795e-05	
13.4682	8.97795e-05	
13.4685	8.97795e-05	
13.4688	8.97795e-05	
13.4691	8.97795e-05	
13.4694	8.97795e-05	
13.4697	8.97795e-05	
13.47	8.97795e-05	
13.4703	8.97795e-05	
13.4706	8.97795e-05	
13.4709	8.97795e-05	
13.4712	8.97795e-05	
13.4715	8.97795e-05	
13.4718	8.97795e-05	
13.4722	8.97795e-05	
13.4725	8.97795e-05	
13.4728	8.97795e-05	
13.4731	8.97795e-05	
13.4734	8.97795e-05	
13.4737	8.97795e-05	
13.474	8.97795e-05	
13.4743	8.97795e-05	
13.4746	8.9407e-05	
13.4749	8.9407e-05	
13.4752	8.9407e-05	
13.4755	8.9407e-05	
13.4758	8.9407e-05	
13.4761	8.9407e-05	
13.4764	8.9407e-05	
13.4767	8.9407e-05	
13.477	8.9407e-05	
13.4773	8.9407e-05	
13.4777	8.9407e-05	
13.478	8.9407e-05	
13.4783	8.9407e-05	
13.4786	8.9407e-05	
13.4789	8.9407e-05	
13.4792	8.9407e-05	
13.4795	8.9407e-05	
13.4798	8.9407e-05	
13.4801	8.9407e-05	
13.4804	8.9407e-05	
13.4807	8.9407e-05	
13.481	8.9407e-05	
13.4813	8.9407e-05	
13.4816	8.9407e-05	
13.4819	8.9407e-05	
13.4822	8.9407e-05	
13.4825	8.9407e-05	
13.4828	8.9407e-05	
13.4832	8.9407e-05	
13.4835	8.9407e-05	
13.4838	8.9407e-05	
13.4841	8.9407e-05	
13.4844	8.9407e-05	
13.4847	8.9407e-05	
13.485	8.9407e-05	
13.4853	8.9407e-05	
13.4856	8.9407e-05	
13.4859	8.9407e-05	
13.4862	8.9407e-05	
13.4865	8.9407e-05	
13.4868	8.9407e-05	
13.4871	8.9407e-05	
13.4874	8.9407e-05	
13.4877	8.9407e-05	
13.488	8.9407e-05	
13.4883	8.9407e-05	
13.4887	8.9407e-05	
13.489	8.9407e-05	
13.4893	8.9407e-05	
13.4896	8.9407e-05	
13.4899	8.9407e-05	
13.4902	8.9407e-05	
13.4905	8.9407e-05	
13.4908	8.9407e-05	
13.4911	8.9407e-05	
13.4914	8.90344e-05	
13.4917	8.90344e-05	
13.492	8.90344e-05	
13.4923	8.90344e-05	
13.4926	8.90344e-05	
13.4929	8.90344e-05	
13.4932	8.90344e-05	
13.4935	8.90344e-05	
13.4938	8.90344e-05	
13.4942	8.90344e-05	
13.4945	8.90344e-05	
13.4948	8.90344e-05	
13.4951	8.90344e-05	
13.4954	8.90344e-05	
13.4957	8.90344e-05	
13.496	8.90344e-05	
13.4963	8.90344e-05	
13.4966	8.90344e-05	
13.4969	8.90344e-05	
13.4972	8.90344e-05	
13.4975	8.90344e-05	
13.4978	8.90344e-05	
13.4981	8.90344e-05	
13.4984	8.90344e-05	
13.4987	8.90344e-05	
13.499	8.90344e-05	
13.4993	8.90344e-05	
13.4997	8.90344e-05	
13.5	8.90344e-05	
13.5003	8.90344e-05	
13.5006	8.90344e-05	
13.5009	8.90344e-05	
13.5012	8.90344e-05	
13.5015	8.90344e-05	
13.5018	8.90344e-05	
13.5021	8.90344e-05	
13.5024	8.90344e-05	
13.5027	8.90344e-05	
13.503	8.90344e-05	
13.5033	8.90344e-05	
13.5036	8.90344e-05	
13.5039	8.90344e-05	
13.5042	8.90344e-05	
13.5045	8.90344e-05	
13.5048	8.90344e-05	
13.5052	8.90344e-05	
13.5055	8.90344e-05	
13.5058	8.90344e-05	
13.5061	8.90344e-05	
13.5064	8.90344e-05	
13.5067	8.90344e-05	
13.507	8.90344e-05	
13.5073	8.90344e-05	
13.5076	8.90344e-05	
13.5079	8.90344e-05	
13.5082	8.86619e-05	
13.5085	8.86619e-05	
13.5088	8.86619e-05	
13.5091	8.86619e-05	
13.5094	8.86619e-05	
13.5097	8.86619e-05	
13.51	8.86619e-05	
13.5103	8.86619e-05	
13.5107	8.86619e-05	
13.511	8.86619e-05	
13.5113	8.86619e-05	
13.5116	8.86619e-05	
13.5119	8.86619e-05	
13.5122	8.86619e-05	
13.5125	8.86619e-05	
13.5128	8.86619e-05	
13.5131	8.86619e-05	
13.5134	8.86619e-05	
13.5137	8.86619e-05	
13.514	8.86619e-05	
13.5143	8.86619e-05	
13.5146	8.86619e-05	
13.5149	8.86619e-05	
13.5152	8.86619e-05	
13.5155	8.86619e-05	
13.5158	8.86619e-05	
13.5162	8.86619e-05	
13.5165	8.86619e-05	
13.5168	8.86619e-05	
13.5171	8.86619e-05	
13.5174	8.86619e-05	
13.5177	8.86619e-05	
13.518	8.86619e-05	
13.5183	8.86619e-05	
13.5186	8.86619e-05	
13.5189	8.86619e-05	
13.5192	8.86619e-05	
13.5195	8.86619e-05	
13.5198	8.86619e-05	
13.5201	8.86619e-05	
13.5204	8.86619e-05	
13.5207	8.86619e-05	
13.521	8.86619e-05	
13.5213	8.86619e-05	
13.5217	8.86619e-05	
13.522	8.86619e-05	
13.5223	8.86619e-05	
13.5226	8.86619e-05	
13.5229	8.86619e-05	
13.5232	8.86619e-05	
13.5235	8.86619e-05	
13.5238	8.86619e-05	
13.5241	8.86619e-05	
13.5244	8.86619e-05	
13.5247	8.86619e-05	
13.525	8.82894e-05	
13.5253	8.82894e-05	
13.5256	8.82894e-05	
13.5259	8.82894e-05	
13.5262	8.82894e-05	
13.5265	8.82894e-05	
13.5268	8.82894e-05	
13.5272	8.82894e-05	
13.5275	8.82894e-05	
13.5278	8.82894e-05	
13.5281	8.82894e-05	
13.5284	8.82894e-05	
13.5287	8.82894e-05	
13.529	8.82894e-05	
13.5293	8.82894e-05	
13.5296	8.82894e-05	
13.5299	8.82894e-05	
13.5302	8.82894e-05	
13.5305	8.82894e-05	
13.5308	8.82894e-05	
13.5311	8.82894e-05	
13.5314	8.82894e-05	
13.5317	8.82894e-05	
13.532	8.82894e-05	
13.5323	8.82894e-05	
13.5327	8.82894e-05	
13.533	8.82894e-05	
13.5333	8.82894e-05	
13.5336	8.82894e-05	
13.5339	8.82894e-05	
13.5342	8.82894e-05	
13.5345	8.82894e-05	
13.5348	8.82894e-05	
13.5351	8.82894e-05	
13.5354	8.82894e-05	
13.5357	8.82894e-05	
13.536	8.82894e-05	
13.5363	8.82894e-05	
13.5366	8.82894e-05	
13.5369	8.82894e-05	
13.5372	8.82894e-05	
13.5375	8.82894e-05	
13.5378	8.82894e-05	
13.5382	8.82894e-05	
13.5385	8.82894e-05	
13.5388	8.82894e-05	
13.5391	8.82894e-05	
13.5394	8.82894e-05	
13.5397	8.82894e-05	
13.54	8.82894e-05	
13.5403	8.82894e-05	
13.5406	8.82894e-05	
13.5409	8.82894e-05	
13.5412	8.82894e-05	
13.5415	8.82894e-05	
13.5418	8.82894e-05	
13.5421	8.79169e-05	
13.5424	8.79169e-05	
13.5427	8.79169e-05	
13.543	8.79169e-05	
13.5433	8.79169e-05	
13.5437	8.79169e-05	
13.544	8.79169e-05	
13.5443	8.79169e-05	
13.5446	8.79169e-05	
13.5449	8.79169e-05	
13.5452	8.79169e-05	
13.5455	8.79169e-05	
13.5458	8.79169e-05	
13.5461	8.79169e-05	
13.5464	8.79169e-05	
13.5467	8.79169e-05	
13.547	8.79169e-05	
13.5473	8.79169e-05	
13.5476	8.79169e-05	
13.5479	8.79169e-05	
13.5482	8.79169e-05	
13.5485	8.79169e-05	
13.5488	8.79169e-05	
13.5492	8.79169e-05	
13.5495	8.79169e-05	
13.5498	8.79169e-05	
13.5501	8.79169e-05	
13.5504	8.79169e-05	
13.5507	8.79169e-05	
13.551	8.79169e-05	
13.5513	8.79169e-05	
13.5516	8.79169e-05	
13.5519	8.79169e-05	
13.5522	8.79169e-05	
13.5525	8.79169e-05	
13.5528	8.79169e-05	
13.5531	8.79169e-05	
13.5534	8.79169e-05	
13.5537	8.79169e-05	
13.554	8.79169e-05	
13.5543	8.79169e-05	
13.5547	8.79169e-05	
13.555	8.79169e-05	
13.5553	8.79169e-05	
13.5556	8.79169e-05	
13.5559	8.79169e-05	
13.5562	8.79169e-05	
13.5565	8.79169e-05	
13.5568	8.79169e-05	
13.5571	8.79169e-05	
13.5574	8.79169e-05	
13.5577	8.79169e-05	
13.558	8.79169e-05	
13.5583	8.79169e-05	
13.5586	8.79169e-05	
13.5589	8.79169e-05	
13.5592	8.75443e-05	
13.5595	8.75443e-05	
13.5598	8.75443e-05	
13.5602	8.75443e-05	
13.5605	8.75443e-05	
13.5608	8.75443e-05	
13.5611	8.75443e-05	
13.5614	8.75443e-05	
13.5617	8.75443e-05	
13.562	8.75443e-05	
13.5623	8.75443e-05	
13.5626	8.75443e-05	
13.5629	8.75443e-05	
13.5632	8.75443e-05	
13.5635	8.75443e-05	
13.5638	8.75443e-05	
13.5641	8.75443e-05	
13.5644	8.75443e-05	
13.5647	8.75443e-05	
13.565	8.75443e-05	
13.5653	8.75443e-05	
13.5657	8.75443e-05	
13.566	8.75443e-05	
13.5663	8.75443e-05	
13.5666	8.75443e-05	
13.5669	8.75443e-05	
13.5672	8.75443e-05	
13.5675	8.75443e-05	
13.5678	8.75443e-05	
13.5681	8.75443e-05	
13.5684	8.75443e-05	
13.5687	8.75443e-05	
13.569	8.75443e-05	
13.5693	8.75443e-05	
13.5696	8.75443e-05	
13.5699	8.75443e-05	
13.5702	8.75443e-05	
13.5705	8.75443e-05	
13.5708	8.75443e-05	
13.5712	8.75443e-05	
13.5715	8.75443e-05	
13.5718	8.75443e-05	
13.5721	8.75443e-05	
13.5724	8.75443e-05	
13.5727	8.75443e-05	
13.573	8.75443e-05	
13.5733	8.75443e-05	
13.5736	8.75443e-05	
13.5739	8.75443e-05	
13.5742	8.75443e-05	
13.5745	8.75443e-05	
13.5748	8.75443e-05	
13.5751	8.75443e-05	
13.5754	8.75443e-05	
13.5757	8.75443e-05	
13.576	8.75443e-05	
13.5763	8.75443e-05	
13.5767	8.71718e-05	
13.577	8.71718e-05	
13.5773	8.71718e-05	
13.5776	8.71718e-05	
13.5779	8.71718e-05	
13.5782	8.71718e-05	
13.5785	8.71718e-05	
13.5788	8.71718e-05	
13.5791	8.71718e-05	
13.5794	8.71718e-05	
13.5797	8.71718e-05	
13.58	8.71718e-05	
13.5803	8.71718e-05	
13.5806	8.71718e-05	
13.5809	8.71718e-05	
13.5812	8.71718e-05	
13.5815	8.71718e-05	
13.5818	8.71718e-05	
13.5822	8.71718e-05	
13.5825	8.71718e-05	
13.5828	8.71718e-05	
13.5831	8.71718e-05	
13.5834	8.71718e-05	
13.5837	8.71718e-05	
13.584	8.71718e-05	
13.5843	8.71718e-05	
13.5846	8.71718e-05	
13.5849	8.71718e-05	
13.5852	8.71718e-05	
13.5855	8.71718e-05	
13.5858	8.71718e-05	
13.5861	8.71718e-05	
13.5864	8.71718e-05	
13.5867	8.71718e-05	
13.587	8.71718e-05	
13.5873	8.71718e-05	
13.5877	8.71718e-05	
13.588	8.71718e-05	
13.5883	8.71718e-05	
13.5886	8.71718e-05	
13.5889	8.71718e-05	
13.5892	8.71718e-05	
13.5895	8.71718e-05	
13.5898	8.71718e-05	
13.5901	8.71718e-05	
13.5904	8.71718e-05	
13.5907	8.71718e-05	
13.591	8.71718e-05	
13.5913	8.71718e-05	
13.5916	8.71718e-05	
13.5919	8.71718e-05	
13.5922	8.71718e-05	
13.5925	8.71718e-05	
13.5928	8.71718e-05	
13.5932	8.71718e-05	
13.5935	8.71718e-05	
13.5938	8.71718e-05	
13.5941	8.67993e-05	
13.5944	8.67993e-05	
13.5947	8.67993e-05	
13.595	8.67993e-05	
13.5953	8.67993e-05	
13.5956	8.67993e-05	
13.5959	8.67993e-05	
13.5962	8.67993e-05	
13.5965	8.67993e-05	
13.5968	8.67993e-05	
13.5971	8.67993e-05	
13.5974	8.67993e-05	
13.5977	8.67993e-05	
13.598	8.67993e-05	
13.5983	8.67993e-05	
13.5987	8.67993e-05	
13.599	8.67993e-05	
13.5993	8.67993e-05	
13.5996	8.67993e-05	
13.5999	8.67993e-05	
13.6002	8.67993e-05	
13.6005	8.67993e-05	
13.6008	8.67993e-05	
13.6011	8.67993e-05	
13.6014	8.67993e-05	
13.6017	8.67993e-05	
13.602	8.67993e-05	
13.6023	8.67993e-05	
13.6026	8.67993e-05	
13.6029	8.67993e-05	
13.6032	8.67993e-05	
13.6035	8.67993e-05	
13.6038	8.67993e-05	
13.6042	8.67993e-05	
13.6045	8.67993e-05	
13.6048	8.67993e-05	
13.6051	8.67993e-05	
13.6054	8.67993e-05	
13.6057	8.67993e-05	
13.606	8.67993e-05	
13.6063	8.67993e-05	
13.6066	8.67993e-05	
13.6069	8.67993e-05	
13.6072	8.67993e-05	
13.6075	8.67993e-05	
13.6078	8.67993e-05	
13.6081	8.67993e-05	
13.6084	8.67993e-05	
13.6087	8.67993e-05	
13.609	8.67993e-05	
13.6093	8.67993e-05	
13.6097	8.67993e-05	
13.61	8.67993e-05	
13.6103	8.67993e-05	
13.6106	8.67993e-05	
13.6109	8.67993e-05	
13.6112	8.67993e-05	
13.6115	8.64267e-05	
13.6118	8.64267e-05	
13.6121	8.64267e-05	
13.6124	8.64267e-05	
13.6127	8.64267e-05	
13.613	8.64267e-05	
13.6133	8.64267e-05	
13.6136	8.64267e-05	
13.6139	8.64267e-05	
13.6142	8.64267e-05	
13.6145	8.64267e-05	
13.6148	8.64267e-05	
13.6152	8.64267e-05	
13.6155	8.64267e-05	
13.6158	8.64267e-05	
13.6161	8.64267e-05	
13.6164	8.64267e-05	
13.6167	8.64267e-05	
13.617	8.64267e-05	
13.6173	8.64267e-05	
13.6176	8.64267e-05	
13.6179	8.64267e-05	
13.6182	8.64267e-05	
13.6185	8.64267e-05	
13.6188	8.64267e-05	
13.6191	8.64267e-05	
13.6194	8.64267e-05	
13.6197	8.64267e-05	
13.62	8.64267e-05	
13.6203	8.64267e-05	
13.6207	8.64267e-05	
13.621	8.64267e-05	
13.6213	8.64267e-05	
13.6216	8.64267e-05	
13.6219	8.64267e-05	
13.6222	8.64267e-05	
13.6225	8.64267e-05	
13.6228	8.64267e-05	
13.6231	8.64267e-05	
13.6234	8.64267e-05	
13.6237	8.64267e-05	
13.624	8.64267e-05	
13.6243	8.64267e-05	
13.6246	8.64267e-05	
13.6249	8.64267e-05	
13.6252	8.64267e-05	
13.6255	8.64267e-05	
13.6258	8.64267e-05	
13.6262	8.64267e-05	
13.6265	8.64267e-05	
13.6268	8.64267e-05	
13.6271	8.64267e-05	
13.6274	8.64267e-05	
13.6277	8.64267e-05	
13.628	8.64267e-05	
13.6283	8.64267e-05	
13.6286	8.64267e-05	
13.6289	8.64267e-05	
13.6292	8.60542e-05	
13.6295	8.60542e-05	
13.6298	8.60542e-05	
13.6301	8.60542e-05	
13.6304	8.60542e-05	
13.6307	8.60542e-05	
13.631	8.60542e-05	
13.6313	8.60542e-05	
13.6317	8.60542e-05	
13.632	8.60542e-05	
13.6323	8.60542e-05	
13.6326	8.60542e-05	
13.6329	8.60542e-05	
13.6332	8.60542e-05	
13.6335	8.60542e-05	
13.6338	8.60542e-05	
13.6341	8.60542e-05	
13.6344	8.60542e-05	
13.6347	8.60542e-05	
13.635	8.60542e-05	
13.6353	8.60542e-05	
13.6356	8.60542e-05	
13.6359	8.60542e-05	
13.6362	8.60542e-05	
13.6365	8.60542e-05	
13.6369	8.60542e-05	
13.6372	8.60542e-05	
13.6375	8.60542e-05	
13.6378	8.60542e-05	
13.6381	8.60542e-05	
13.6384	8.60542e-05	
13.6387	8.60542e-05	
13.639	8.60542e-05	
13.6393	8.60542e-05	
13.6396	8.60542e-05	
13.6399	8.60542e-05	
13.6402	8.60542e-05	
13.6405	8.60542e-05	
13.6408	8.60542e-05	
13.6411	8.60542e-05	
13.6414	8.60542e-05	
13.6417	8.60542e-05	
13.642	8.60542e-05	
13.6424	8.60542e-05	
13.6427	8.60542e-05	
13.643	8.60542e-05	
13.6433	8.60542e-05	
13.6436	8.60542e-05	
13.6439	8.60542e-05	
13.6442	8.60542e-05	
13.6445	8.60542e-05	
13.6448	8.60542e-05	
13.6451	8.60542e-05	
13.6454	8.60542e-05	
13.6457	8.60542e-05	
13.646	8.60542e-05	
13.6463	8.60542e-05	
13.6466	8.60542e-05	
13.6469	8.56817e-05	
13.6472	8.56817e-05	
13.6475	8.56817e-05	
13.6479	8.56817e-05	
13.6482	8.56817e-05	
13.6485	8.56817e-05	
13.6488	8.56817e-05	
13.6491	8.56817e-05	
13.6494	8.56817e-05	
13.6497	8.56817e-05	
13.65	8.56817e-05	
13.6503	8.56817e-05	
13.6506	8.56817e-05	
13.6509	8.56817e-05	
13.6512	8.56817e-05	
13.6515	8.56817e-05	
13.6518	8.56817e-05	
13.6521	8.56817e-05	
13.6524	8.56817e-05	
13.6527	8.56817e-05	
13.653	8.56817e-05	
13.6534	8.56817e-05	
13.6537	8.56817e-05	
13.654	8.56817e-05	
13.6543	8.56817e-05	
13.6546	8.56817e-05	
13.6549	8.56817e-05	
13.6552	8.56817e-05	
13.6555	8.56817e-05	
13.6558	8.56817e-05	
13.6561	8.56817e-05	
13.6564	8.56817e-05	
13.6567	8.56817e-05	
13.657	8.56817e-05	
13.6573	8.56817e-05	
13.6576	8.56817e-05	
13.6579	8.56817e-05	
13.6582	8.56817e-05	
13.6585	8.56817e-05	
13.6589	8.56817e-05	
13.6592	8.56817e-05	
13.6595	8.56817e-05	
13.6598	8.56817e-05	
13.6601	8.56817e-05	
13.6604	8.56817e-05	
13.6607	8.56817e-05	
13.661	8.56817e-05	
13.6613	8.56817e-05	
13.6616	8.56817e-05	
13.6619	8.56817e-05	
13.6622	8.56817e-05	
13.6625	8.56817e-05	
13.6628	8.56817e-05	
13.6631	8.56817e-05	
13.6634	8.56817e-05	
13.6637	8.56817e-05	
13.664	8.56817e-05	
13.6644	8.56817e-05	
13.6647	8.56817e-05	
13.665	8.53091e-05	
13.6653	8.53091e-05	
13.6656	8.53091e-05	
13.6659	8.53091e-05	
13.6662	8.53091e-05	
13.6665	8.53091e-05	
13.6668	8.53091e-05	
13.6671	8.53091e-05	
13.6674	8.53091e-05	
13.6677	8.53091e-05	
13.668	8.53091e-05	
13.6683	8.53091e-05	
13.6686	8.53091e-05	
13.6689	8.53091e-05	
13.6692	8.53091e-05	
13.6695	8.53091e-05	
13.6699	8.53091e-05	
13.6702	8.53091e-05	
13.6705	8.53091e-05	
13.6708	8.53091e-05	
13.6711	8.53091e-05	
13.6714	8.53091e-05	
13.6717	8.53091e-05	
13.672	8.53091e-05	
13.6723	8.53091e-05	
13.6726	8.53091e-05	
13.6729	8.53091e-05	
13.6732	8.53091e-05	
13.6735	8.53091e-05	
13.6738	8.53091e-05	
13.6741	8.53091e-05	
13.6744	8.53091e-05	
13.6747	8.53091e-05	
13.675	8.53091e-05	
13.6754	8.53091e-05	
13.6757	8.53091e-05	
13.676	8.53091e-05	
13.6763	8.53091e-05	
13.6766	8.53091e-05	
13.6769	8.53091e-05	
13.6772	8.53091e-05	
13.6775	8.53091e-05	
13.6778	8.53091e-05	
13.6781	8.53091e-05	
13.6784	8.53091e-05	
13.6787	8.53091e-05	
13.679	8.53091e-05	
13.6793	8.53091e-05	
13.6796	8.53091e-05	
13.6799	8.53091e-05	
13.6802	8.53091e-05	
13.6805	8.53091e-05	
13.6809	8.53091e-05	
13.6812	8.53091e-05	
13.6815	8.53091e-05	
13.6818	8.53091e-05	
13.6821	8.53091e-05	
13.6824	8.53091e-05	
13.6827	8.53091e-05	
13.683	8.49366e-05	
13.6833	8.49366e-05	
13.6836	8.49366e-05	
13.6839	8.49366e-05	
13.6842	8.49366e-05	
13.6845	8.49366e-05	
13.6848	8.49366e-05	
13.6851	8.49366e-05	
13.6854	8.49366e-05	
13.6857	8.49366e-05	
13.686	8.49366e-05	
13.6864	8.49366e-05	
13.6867	8.49366e-05	
13.687	8.49366e-05	
13.6873	8.49366e-05	
13.6876	8.49366e-05	
13.6879	8.49366e-05	
13.6882	8.49366e-05	
13.6885	8.49366e-05	
13.6888	8.49366e-05	
13.6891	8.49366e-05	
13.6894	8.49366e-05	
13.6897	8.49366e-05	
13.69	8.49366e-05	
13.6903	8.49366e-05	
13.6906	8.49366e-05	
13.6909	8.49366e-05	
13.6912	8.49366e-05	
13.6915	8.49366e-05	
13.6919	8.49366e-05	
13.6922	8.49366e-05	
13.6925	8.49366e-05	
13.6928	8.49366e-05	
13.6931	8.49366e-05	
13.6934	8.49366e-05	
13.6937	8.49366e-05	
13.694	8.49366e-05	
13.6943	8.49366e-05	
13.6946	8.49366e-05	
13.6949	8.49366e-05	
13.6952	8.49366e-05	
13.6955	8.49366e-05	
13.6958	8.49366e-05	
13.6961	8.49366e-05	
13.6964	8.49366e-05	
13.6967	8.49366e-05	
13.697	8.49366e-05	
13.6974	8.49366e-05	
13.6977	8.49366e-05	
13.698	8.49366e-05	
13.6983	8.49366e-05	
13.6986	8.49366e-05	
13.6989	8.49366e-05	
13.6992	8.49366e-05	
13.6995	8.49366e-05	
13.6998	8.49366e-05	
13.7001	8.49366e-05	
13.7004	8.49366e-05	
13.7007	8.49366e-05	
13.701	8.45641e-05	
13.7013	8.45641e-05	
13.7016	8.45641e-05	
13.7019	8.45641e-05	
13.7022	8.45641e-05	
13.7025	8.45641e-05	
13.7029	8.45641e-05	
13.7032	8.45641e-05	
13.7035	8.45641e-05	
13.7038	8.45641e-05	
13.7041	8.45641e-05	
13.7044	8.45641e-05	
13.7047	8.45641e-05	
13.705	8.45641e-05	
13.7053	8.45641e-05	
13.7056	8.45641e-05	
13.7059	8.45641e-05	
13.7062	8.45641e-05	
13.7065	8.45641e-05	
13.7068	8.45641e-05	
13.7071	8.45641e-05	
13.7074	8.45641e-05	
13.7077	8.45641e-05	
13.708	8.45641e-05	
13.7084	8.45641e-05	
13.7087	8.45641e-05	
13.709	8.45641e-05	
13.7093	8.45641e-05	
13.7096	8.45641e-05	
13.7099	8.45641e-05	
13.7102	8.45641e-05	
13.7105	8.45641e-05	
13.7108	8.45641e-05	
13.7111	8.45641e-05	
13.7114	8.45641e-05	
13.7117	8.45641e-05	
13.712	8.45641e-05	
13.7123	8.45641e-05	
13.7126	8.45641e-05	
13.7129	8.45641e-05	
13.7132	8.45641e-05	
13.7135	8.45641e-05	
13.7139	8.45641e-05	
13.7142	8.45641e-05	
13.7145	8.45641e-05	
13.7148	8.45641e-05	
13.7151	8.45641e-05	
13.7154	8.45641e-05	
13.7157	8.45641e-05	
13.716	8.45641e-05	
13.7163	8.45641e-05	
13.7166	8.45641e-05	
13.7169	8.45641e-05	
13.7172	8.45641e-05	
13.7175	8.45641e-05	
13.7178	8.45641e-05	
13.7181	8.45641e-05	
13.7184	8.45641e-05	
13.7187	8.45641e-05	
13.719	8.45641e-05	
13.7194	8.41916e-05	
13.7197	8.41916e-05	
13.72	8.41916e-05	
13.7203	8.41916e-05	
13.7206	8.41916e-05	
13.7209	8.41916e-05	
13.7212	8.41916e-05	
13.7215	8.41916e-05	
13.7218	8.41916e-05	
13.7221	8.41916e-05	
13.7224	8.41916e-05	
13.7227	8.41916e-05	
13.723	8.41916e-05	
13.7233	8.41916e-05	
13.7236	8.41916e-05	
13.7239	8.41916e-05	
13.7242	8.41916e-05	
13.7245	8.41916e-05	
13.7249	8.41916e-05	
13.7252	8.41916e-05	
13.7255	8.41916e-05	
13.7258	8.41916e-05	
13.7261	8.41916e-05	
13.7264	8.41916e-05	
13.7267	8.41916e-05	
13.727	8.41916e-05	
13.7273	8.41916e-05	
13.7276	8.41916e-05	
13.7279	8.41916e-05	
13.7282	8.41916e-05	
13.7285	8.41916e-05	
13.7288	8.41916e-05	
13.7291	8.41916e-05	
13.7294	8.41916e-05	
13.7297	8.41916e-05	
13.73	8.41916e-05	
13.7304	8.41916e-05	
13.7307	8.41916e-05	
13.731	8.41916e-05	
13.7313	8.41916e-05	
13.7316	8.41916e-05	
13.7319	8.41916e-05	
13.7322	8.41916e-05	
13.7325	8.41916e-05	
13.7328	8.41916e-05	
13.7331	8.41916e-05	
13.7334	8.41916e-05	
13.7337	8.41916e-05	
13.734	8.41916e-05	
13.7343	8.41916e-05	
13.7346	8.41916e-05	
13.7349	8.41916e-05	
13.7352	8.41916e-05	
13.7355	8.41916e-05	
13.7359	8.41916e-05	
13.7362	8.41916e-05	
13.7365	8.41916e-05	
13.7368	8.41916e-05	
13.7371	8.41916e-05	
13.7374	8.41916e-05	
13.7377	8.3819e-05	
13.738	8.3819e-05	
13.7383	8.3819e-05	
13.7386	8.3819e-05	
13.7389	8.3819e-05	
13.7392	8.3819e-05	
13.7395	8.3819e-05	
13.7398	8.3819e-05	
13.7401	8.3819e-05	
13.7404	8.3819e-05	
13.7407	8.3819e-05	
13.741	8.3819e-05	
13.7414	8.3819e-05	
13.7417	8.3819e-05	
13.742	8.3819e-05	
13.7423	8.3819e-05	
13.7426	8.3819e-05	
13.7429	8.3819e-05	
13.7432	8.3819e-05	
13.7435	8.3819e-05	
13.7438	8.3819e-05	
13.7441	8.3819e-05	
13.7444	8.3819e-05	
13.7447	8.3819e-05	
13.745	8.3819e-05	
13.7453	8.3819e-05	
13.7456	8.3819e-05	
13.7459	8.3819e-05	
13.7462	8.3819e-05	
13.7465	8.3819e-05	
13.7469	8.3819e-05	
13.7472	8.3819e-05	
13.7475	8.3819e-05	
13.7478	8.3819e-05	
13.7481	8.3819e-05	
13.7484	8.3819e-05	
13.7487	8.3819e-05	
13.749	8.3819e-05	
13.7493	8.3819e-05	
13.7496	8.3819e-05	
13.7499	8.3819e-05	
13.7502	8.3819e-05	
13.7505	8.3819e-05	
13.7508	8.3819e-05	
13.7511	8.3819e-05	
13.7514	8.3819e-05	
13.7517	8.3819e-05	
13.752	8.3819e-05	
13.7524	8.3819e-05	
13.7527	8.3819e-05	
13.753	8.3819e-05	
13.7533	8.3819e-05	
13.7536	8.3819e-05	
13.7539	8.3819e-05	
13.7542	8.3819e-05	
13.7545	8.3819e-05	
13.7548	8.3819e-05	
13.7551	8.3819e-05	
13.7554	8.3819e-05	
13.7557	8.3819e-05	
13.756	8.34465e-05	
13.7563	8.34465e-05	
13.7566	8.34465e-05	
13.7569	8.34465e-05	
13.7572	8.34465e-05	
13.7575	8.34465e-05	
13.7579	8.34465e-05	
13.7582	8.34465e-05	
13.7585	8.34465e-05	
13.7588	8.34465e-05	
13.7591	8.34465e-05	
13.7594	8.34465e-05	
13.7597	8.34465e-05	
13.76	8.34465e-05	
13.7603	8.34465e-05	
13.7606	8.34465e-05	
13.7609	8.34465e-05	
13.7612	8.34465e-05	
13.7615	8.34465e-05	
13.7618	8.34465e-05	
13.7621	8.34465e-05	
13.7624	8.34465e-05	
13.7627	8.34465e-05	
13.763	8.34465e-05	
13.7634	8.34465e-05	
13.7637	8.34465e-05	
13.764	8.34465e-05	
13.7643	8.34465e-05	
13.7646	8.34465e-05	
13.7649	8.34465e-05	
13.7652	8.34465e-05	
13.7655	8.34465e-05	
13.7658	8.34465e-05	
13.7661	8.34465e-05	
13.7664	8.34465e-05	
13.7667	8.34465e-05	
13.767	8.34465e-05	
13.7673	8.34465e-05	
13.7676	8.34465e-05	
13.7679	8.34465e-05	
13.7682	8.34465e-05	
13.7685	8.34465e-05	
13.7689	8.34465e-05	
13.7692	8.34465e-05	
13.7695	8.34465e-05	
13.7698	8.34465e-05	
13.7701	8.34465e-05	
13.7704	8.34465e-05	
13.7707	8.34465e-05	
13.771	8.34465e-05	
13.7713	8.34465e-05	
13.7716	8.34465e-05	
13.7719	8.34465e-05	
13.7722	8.34465e-05	
13.7725	8.34465e-05	
13.7728	8.34465e-05	
13.7731	8.34465e-05	
13.7734	8.34465e-05	
13.7737	8.34465e-05	
13.774	8.34465e-05	
13.7744	8.34465e-05	
13.7747	8.3074e-05	
13.775	8.3074e-05	
13.7753	8.3074e-05	
13.7756	8.3074e-05	
13.7759	8.3074e-05	
13.7762	8.3074e-05	
13.7765	8.3074e-05	
13.7768	8.3074e-05	
13.7771	8.3074e-05	
13.7774	8.3074e-05	
13.7777	8.3074e-05	
13.778	8.3074e-05	
13.7783	8.3074e-05	
13.7786	8.3074e-05	
13.7789	8.3074e-05	
13.7792	8.3074e-05	
13.7795	8.3074e-05	
13.7799	8.3074e-05	
13.7802	8.3074e-05	
13.7805	8.3074e-05	
13.7808	8.3074e-05	
13.7811	8.3074e-05	
13.7814	8.3074e-05	
13.7817	8.3074e-05	
13.782	8.3074e-05	
13.7823	8.3074e-05	
13.7826	8.3074e-05	
13.7829	8.3074e-05	
13.7832	8.3074e-05	
13.7835	8.3074e-05	
13.7838	8.3074e-05	
13.7841	8.3074e-05	
13.7844	8.3074e-05	
13.7847	8.3074e-05	
13.785	8.3074e-05	
13.7854	8.3074e-05	
13.7857	8.3074e-05	
13.786	8.3074e-05	
13.7863	8.3074e-05	
13.7866	8.3074e-05	
13.7869	8.3074e-05	
13.7872	8.3074e-05	
13.7875	8.3074e-05	
13.7878	8.3074e-05	
13.7881	8.3074e-05	
13.7884	8.3074e-05	
13.7887	8.3074e-05	
13.789	8.3074e-05	
13.7893	8.3074e-05	
13.7896	8.3074e-05	
13.7899	8.3074e-05	
13.7902	8.3074e-05	
13.7905	8.3074e-05	
13.7909	8.3074e-05	
13.7912	8.3074e-05	
13.7915	8.3074e-05	
13.7918	8.3074e-05	
13.7921	8.3074e-05	
13.7924	8.3074e-05	
13.7927	8.3074e-05	
13.793	8.3074e-05	
13.7933	8.3074e-05	
13.7936	8.27014e-05	
13.7939	8.27014e-05	
13.7942	8.27014e-05	
13.7945	8.27014e-05	
13.7948	8.27014e-05	
13.7951	8.27014e-05	
13.7954	8.27014e-05	
13.7957	8.27014e-05	
13.796	8.27014e-05	
13.7964	8.27014e-05	
13.7967	8.27014e-05	
13.797	8.27014e-05	
13.7973	8.27014e-05	
13.7976	8.27014e-05	
13.7979	8.27014e-05	
13.7982	8.27014e-05	
13.7985	8.27014e-05	
13.7988	8.27014e-05	
13.7991	8.27014e-05	
13.7994	8.27014e-05	
13.7997	8.27014e-05	
13.8	8.27014e-05	
13.8003	8.27014e-05	
13.8006	8.27014e-05	
13.8009	8.27014e-05	
13.8012	8.27014e-05	
13.8015	8.27014e-05	
13.8019	8.27014e-05	
13.8022	8.27014e-05	
13.8025	8.27014e-05	
13.8028	8.27014e-05	
13.8031	8.27014e-05	
13.8034	8.27014e-05	
13.8037	8.27014e-05	
13.804	8.27014e-05	
13.8043	8.27014e-05	
13.8046	8.27014e-05	
13.8049	8.27014e-05	
13.8052	8.27014e-05	
13.8055	8.27014e-05	
13.8058	8.27014e-05	
13.8061	8.27014e-05	
13.8064	8.27014e-05	
13.8067	8.27014e-05	
13.8071	8.27014e-05	
13.8074	8.27014e-05	
13.8077	8.27014e-05	
13.808	8.27014e-05	
13.8083	8.27014e-05	
13.8086	8.27014e-05	
13.8089	8.27014e-05	
13.8092	8.27014e-05	
13.8095	8.27014e-05	
13.8098	8.27014e-05	
13.8101	8.27014e-05	
13.8104	8.27014e-05	
13.8107	8.27014e-05	
13.811	8.27014e-05	
13.8113	8.27014e-05	
13.8116	8.27014e-05	
13.8119	8.27014e-05	
13.8122	8.27014e-05	
13.8126	8.23289e-05	
13.8129	8.23289e-05	
13.8132	8.23289e-05	
13.8135	8.23289e-05	
13.8138	8.23289e-05	
13.8141	8.23289e-05	
13.8144	8.23289e-05	
13.8147	8.23289e-05	
13.815	8.23289e-05	
13.8153	8.23289e-05	
13.8156	8.23289e-05	
13.8159	8.23289e-05	
13.8162	8.23289e-05	
13.8165	8.23289e-05	
13.8168	8.23289e-05	
13.8171	8.23289e-05	
13.8174	8.23289e-05	
13.8177	8.23289e-05	
13.8181	8.23289e-05	
13.8184	8.23289e-05	
13.8187	8.23289e-05	
13.819	8.23289e-05	
13.8193	8.23289e-05	
13.8196	8.23289e-05	
13.8199	8.23289e-05	
13.8202	8.23289e-05	
13.8205	8.23289e-05	
13.8208	8.23289e-05	
13.8211	8.23289e-05	
13.8214	8.23289e-05	
13.8217	8.23289e-05	
13.822	8.23289e-05	
13.8223	8.23289e-05	
13.8226	8.23289e-05	
13.8229	8.23289e-05	
13.8232	8.23289e-05	
13.8236	8.23289e-05	
13.8239	8.23289e-05	
13.8242	8.23289e-05	
13.8245	8.23289e-05	
13.8248	8.23289e-05	
13.8251	8.23289e-05	
13.8254	8.23289e-05	
13.8257	8.23289e-05	
13.826	8.23289e-05	
13.8263	8.23289e-05	
13.8266	8.23289e-05	
13.8269	8.23289e-05	
13.8272	8.23289e-05	
13.8275	8.23289e-05	
13.8278	8.23289e-05	
13.8281	8.23289e-05	
13.8284	8.23289e-05	
13.8287	8.23289e-05	
13.8291	8.23289e-05	
13.8294	8.23289e-05	
13.8297	8.23289e-05	
13.83	8.23289e-05	
13.8303	8.23289e-05	
13.8306	8.23289e-05	
13.8309	8.23289e-05	
13.8312	8.23289e-05	
13.8315	8.19564e-05	
13.8318	8.19564e-05	
13.8321	8.19564e-05	
13.8324	8.19564e-05	
13.8327	8.19564e-05	
13.833	8.19564e-05	
13.8333	8.19564e-05	
13.8336	8.19564e-05	
13.8339	8.19564e-05	
13.8342	8.19564e-05	
13.8346	8.19564e-05	
13.8349	8.19564e-05	
13.8352	8.19564e-05	
13.8355	8.19564e-05	
13.8358	8.19564e-05	
13.8361	8.19564e-05	
13.8364	8.19564e-05	
13.8367	8.19564e-05	
13.837	8.19564e-05	
13.8373	8.19564e-05	
13.8376	8.19564e-05	
13.8379	8.19564e-05	
13.8382	8.19564e-05	
13.8385	8.19564e-05	
13.8388	8.19564e-05	
13.8391	8.19564e-05	
13.8394	8.19564e-05	
13.8397	8.19564e-05	
13.8401	8.19564e-05	
13.8404	8.19564e-05	
13.8407	8.19564e-05	
13.841	8.19564e-05	
13.8413	8.19564e-05	
13.8416	8.19564e-05	
13.8419	8.19564e-05	
13.8422	8.19564e-05	
13.8425	8.19564e-05	
13.8428	8.19564e-05	
13.8431	8.19564e-05	
13.8434	8.19564e-05	
13.8437	8.19564e-05	
13.844	8.19564e-05	
13.8443	8.19564e-05	
13.8446	8.19564e-05	
13.8449	8.19564e-05	
13.8452	8.19564e-05	
13.8456	8.19564e-05	
13.8459	8.19564e-05	
13.8462	8.19564e-05	
13.8465	8.19564e-05	
13.8468	8.19564e-05	
13.8471	8.19564e-05	
13.8474	8.19564e-05	
13.8477	8.19564e-05	
13.848	8.19564e-05	
13.8483	8.19564e-05	
13.8486	8.19564e-05	
13.8489	8.19564e-05	
13.8492	8.19564e-05	
13.8495	8.19564e-05	
13.8498	8.19564e-05	
13.8501	8.19564e-05	
13.8504	8.19564e-05	
13.8507	8.15839e-05	
13.8511	8.15839e-05	
13.8514	8.15839e-05	
13.8517	8.15839e-05	
13.852	8.15839e-05	
13.8523	8.15839e-05	
13.8526	8.15839e-05	
13.8529	8.15839e-05	
13.8532	8.15839e-05	
13.8535	8.15839e-05	
13.8538	8.15839e-05	
13.8541	8.15839e-05	
13.8544	8.15839e-05	
13.8547	8.15839e-05	
13.855	8.15839e-05	
13.8553	8.15839e-05	
13.8556	8.15839e-05	
13.8559	8.15839e-05	
13.8562	8.15839e-05	
13.8566	8.15839e-05	
13.8569	8.15839e-05	
13.8572	8.15839e-05	
13.8575	8.15839e-05	
13.8578	8.15839e-05	
13.8581	8.15839e-05	
13.8584	8.15839e-05	
13.8587	8.15839e-05	
13.859	8.15839e-05	
13.8593	8.15839e-05	
13.8596	8.15839e-05	
13.8599	8.15839e-05	
13.8602	8.15839e-05	
13.8605	8.15839e-05	
13.8608	8.15839e-05	
13.8611	8.15839e-05	
13.8614	8.15839e-05	
13.8617	8.15839e-05	
13.8621	8.15839e-05	
13.8624	8.15839e-05	
13.8627	8.15839e-05	
13.863	8.15839e-05	
13.8633	8.15839e-05	
13.8636	8.15839e-05	
13.8639	8.15839e-05	
13.8642	8.15839e-05	
13.8645	8.15839e-05	
13.8648	8.15839e-05	
13.8651	8.15839e-05	
13.8654	8.15839e-05	
13.8657	8.15839e-05	
13.866	8.15839e-05	
13.8663	8.15839e-05	
13.8666	8.15839e-05	
13.8669	8.15839e-05	
13.8672	8.15839e-05	
13.8676	8.15839e-05	
13.8679	8.15839e-05	
13.8682	8.15839e-05	
13.8685	8.15839e-05	
13.8688	8.15839e-05	
13.8691	8.15839e-05	
13.8694	8.15839e-05	
13.8697	8.15839e-05	
13.87	8.12113e-05	
13.8703	8.12113e-05	
13.8706	8.12113e-05	
13.8709	8.12113e-05	
13.8712	8.12113e-05	
13.8715	8.12113e-05	
13.8718	8.12113e-05	
13.8721	8.12113e-05	
13.8724	8.12113e-05	
13.8727	8.12113e-05	
13.8731	8.12113e-05	
13.8734	8.12113e-05	
13.8737	8.12113e-05	
13.874	8.12113e-05	
13.8743	8.12113e-05	
13.8746	8.12113e-05	
13.8749	8.12113e-05	
13.8752	8.12113e-05	
13.8755	8.12113e-05	
13.8758	8.12113e-05	
13.8761	8.12113e-05	
13.8764	8.12113e-05	
13.8767	8.12113e-05	
13.877	8.12113e-05	
13.8773	8.12113e-05	
13.8776	8.12113e-05	
13.8779	8.12113e-05	
13.8782	8.12113e-05	
13.8786	8.12113e-05	
13.8789	8.12113e-05	
13.8792	8.12113e-05	
13.8795	8.12113e-05	
13.8798	8.12113e-05	
13.8801	8.12113e-05	
13.8804	8.12113e-05	
13.8807	8.12113e-05	
13.881	8.12113e-05	
13.8813	8.12113e-05	
13.8816	8.12113e-05	
13.8819	8.12113e-05	
13.8822	8.12113e-05	
13.8825	8.12113e-05	
13.8828	8.12113e-05	
13.8831	8.12113e-05	
13.8834	8.12113e-05	
13.8837	8.12113e-05	
13.8841	8.12113e-05	
13.8844	8.12113e-05	
13.8847	8.12113e-05	
13.885	8.12113e-05	
13.8853	8.12113e-05	
13.8856	8.12113e-05	
13.8859	8.12113e-05	
13.8862	8.12113e-05	
13.8865	8.12113e-05	
13.8868	8.12113e-05	
13.8871	8.12113e-05	
13.8874	8.12113e-05	
13.8877	8.12113e-05	
13.888	8.12113e-05	
13.8883	8.12113e-05	
13.8886	8.12113e-05	
13.8889	8.12113e-05	
13.8892	8.08388e-05	
13.8896	8.08388e-05	
13.8899	8.08388e-05	
13.8902	8.08388e-05	
13.8905	8.08388e-05	
13.8908	8.08388e-05	
13.8911	8.08388e-05	
13.8914	8.08388e-05	
13.8917	8.08388e-05	
13.892	8.08388e-05	
13.8923	8.08388e-05	
13.8926	8.08388e-05	
13.8929	8.08388e-05	
13.8932	8.08388e-05	
13.8935	8.08388e-05	
13.8938	8.08388e-05	
13.8941	8.08388e-05	
13.8944	8.08388e-05	
13.8947	8.08388e-05	
13.8951	8.08388e-05	
13.8954	8.08388e-05	
13.8957	8.08388e-05	
13.896	8.08388e-05	
13.8963	8.08388e-05	
13.8966	8.08388e-05	
13.8969	8.08388e-05	
13.8972	8.08388e-05	
13.8975	8.08388e-05	
13.8978	8.08388e-05	
13.8981	8.08388e-05	
13.8984	8.08388e-05	
13.8987	8.08388e-05	
13.899	8.08388e-05	
13.8993	8.08388e-05	
13.8996	8.08388e-05	
13.8999	8.08388e-05	
13.9002	8.08388e-05	
13.9006	8.08388e-05	
13.9009	8.08388e-05	
13.9012	8.08388e-05	
13.9015	8.08388e-05	
13.9018	8.08388e-05	
13.9021	8.08388e-05	
13.9024	8.08388e-05	
13.9027	8.08388e-05	
13.903	8.08388e-05	
13.9033	8.08388e-05	
13.9036	8.08388e-05	
13.9039	8.08388e-05	
13.9042	8.08388e-05	
13.9045	8.08388e-05	
13.9048	8.08388e-05	
13.9051	8.08388e-05	
13.9054	8.08388e-05	
13.9057	8.08388e-05	
13.9061	8.08388e-05	
13.9064	8.08388e-05	
13.9067	8.08388e-05	
13.907	8.08388e-05	
13.9073	8.08388e-05	
13.9076	8.08388e-05	
13.9079	8.08388e-05	
13.9082	8.08388e-05	
13.9085	8.08388e-05	
13.9088	8.04663e-05	
13.9091	8.04663e-05	
13.9094	8.04663e-05	
13.9097	8.04663e-05	
13.91	8.04663e-05	
13.9103	8.04663e-05	
13.9106	8.04663e-05	
13.9109	8.04663e-05	
13.9112	8.04663e-05	
13.9116	8.04663e-05	
13.9119	8.04663e-05	
13.9122	8.04663e-05	
13.9125	8.04663e-05	
13.9128	8.04663e-05	
13.9131	8.04663e-05	
13.9134	8.04663e-05	
13.9137	8.04663e-05	
13.914	8.04663e-05	
13.9143	8.04663e-05	
13.9146	8.04663e-05	
13.9149	8.04663e-05	
13.9152	8.04663e-05	
13.9155	8.04663e-05	
13.9158	8.04663e-05	
13.9161	8.04663e-05	
13.9164	8.04663e-05	
13.9167	8.04663e-05	
13.9171	8.04663e-05	
13.9174	8.04663e-05	
13.9177	8.04663e-05	
13.918	8.04663e-05	
13.9183	8.04663e-05	
13.9186	8.04663e-05	
13.9189	8.04663e-05	
13.9192	8.04663e-05	
13.9195	8.04663e-05	
13.9198	8.04663e-05	
13.9201	8.04663e-05	
13.9204	8.04663e-05	
13.9207	8.04663e-05	
13.921	8.04663e-05	
13.9213	8.04663e-05	
13.9216	8.04663e-05	
13.9219	8.04663e-05	
13.9222	8.04663e-05	
13.9226	8.04663e-05	
13.9229	8.04663e-05	
13.9232	8.04663e-05	
13.9235	8.04663e-05	
13.9238	8.04663e-05	
13.9241	8.04663e-05	
13.9244	8.04663e-05	
13.9247	8.04663e-05	
13.925	8.04663e-05	
13.9253	8.04663e-05	
13.9256	8.04663e-05	
13.9259	8.04663e-05	
13.9262	8.04663e-05	
13.9265	8.04663e-05	
13.9268	8.04663e-05	
13.9271	8.04663e-05	
13.9274	8.04663e-05	
13.9277	8.04663e-05	
13.9281	8.04663e-05	
13.9284	8.04663e-05	
13.9287	8.00937e-05	
13.929	8.00937e-05	
13.9293	8.00937e-05	
13.9296	8.00937e-05	
13.9299	8.00937e-05	
13.9302	8.00937e-05	
13.9305	8.00937e-05	
13.9308	8.00937e-05	
13.9311	8.00937e-05	
13.9314	8.00937e-05	
13.9317	8.00937e-05	
13.932	8.00937e-05	
13.9323	8.00937e-05	
13.9326	8.00937e-05	
13.9329	8.00937e-05	
13.9332	8.00937e-05	
13.9336	8.00937e-05	
13.9339	8.00937e-05	
13.9342	8.00937e-05	
13.9345	8.00937e-05	
13.9348	8.00937e-05	
13.9351	8.00937e-05	
13.9354	8.00937e-05	
13.9357	8.00937e-05	
13.936	8.00937e-05	
13.9363	8.00937e-05	
13.9366	8.00937e-05	
13.9369	8.00937e-05	
13.9372	8.00937e-05	
13.9375	8.00937e-05	
13.9378	8.00937e-05	
13.9381	8.00937e-05	
13.9384	8.00937e-05	
13.9387	8.00937e-05	
13.9391	8.00937e-05	
13.9394	8.00937e-05	
13.9397	8.00937e-05	
13.94	8.00937e-05	
13.9403	8.00937e-05	
13.9406	8.00937e-05	
13.9409	8.00937e-05	
13.9412	8.00937e-05	
13.9415	8.00937e-05	
13.9418	8.00937e-05	
13.9421	8.00937e-05	
13.9424	8.00937e-05	
13.9427	8.00937e-05	
13.943	8.00937e-05	
13.9433	8.00937e-05	
13.9436	8.00937e-05	
13.9439	8.00937e-05	
13.9442	8.00937e-05	
13.9446	8.00937e-05	
13.9449	8.00937e-05	
13.9452	8.00937e-05	
13.9455	8.00937e-05	
13.9458	8.00937e-05	
13.9461	8.00937e-05	
13.9464	8.00937e-05	
13.9467	8.00937e-05	
13.947	8.00937e-05	
13.9473	8.00937e-05	
13.9476	8.00937e-05	
13.9479	8.00937e-05	
13.9482	8.00937e-05	
13.9485	7.97212e-05	
13.9488	7.97212e-05	
13.9491	7.97212e-05	
13.9494	7.97212e-05	
13.9497	7.97212e-05	
13.9501	7.97212e-05	
13.9504	7.97212e-05	
13.9507	7.97212e-05	
13.951	7.97212e-05	
13.9513	7.97212e-05	
13.9516	7.97212e-05	
13.9519	7.97212e-05	
13.9522	7.97212e-05	
13.9525	7.97212e-05	
13.9528	7.97212e-05	
13.9531	7.97212e-05	
13.9534	7.97212e-05	
13.9537	7.97212e-05	
13.954	7.97212e-05	
13.9543	7.97212e-05	
13.9546	7.97212e-05	
13.9549	7.97212e-05	
13.9552	7.97212e-05	
13.9556	7.97212e-05	
13.9559	7.97212e-05	
13.9562	7.97212e-05	
13.9565	7.97212e-05	
13.9568	7.97212e-05	
13.9571	7.97212e-05	
13.9574	7.97212e-05	
13.9577	7.97212e-05	
13.958	7.97212e-05	
13.9583	7.97212e-05	
13.9586	7.97212e-05	
13.9589	7.97212e-05	
13.9592	7.97212e-05	
13.9595	7.97212e-05	
13.9598	7.97212e-05	
13.9601	7.97212e-05	
13.9604	7.97212e-05	
13.9607	7.97212e-05	
13.9611	7.97212e-05	
13.9614	7.97212e-05	
13.9617	7.97212e-05	
13.962	7.97212e-05	
13.9623	7.97212e-05	
13.9626	7.97212e-05	
13.9629	7.97212e-05	
13.9632	7.97212e-05	
13.9635	7.97212e-05	
13.9638	7.97212e-05	
13.9641	7.97212e-05	
13.9644	7.97212e-05	
13.9647	7.97212e-05	
13.965	7.97212e-05	
13.9653	7.97212e-05	
13.9656	7.97212e-05	
13.9659	7.97212e-05	
13.9662	7.97212e-05	
13.9666	7.97212e-05	
13.9669	7.97212e-05	
13.9672	7.97212e-05	
13.9675	7.97212e-05	
13.9678	7.97212e-05	
13.9681	7.97212e-05	
13.9684	7.93487e-05	
13.9687	7.93487e-05	
13.969	7.93487e-05	
13.9693	7.93487e-05	
13.9696	7.93487e-05	
13.9699	7.93487e-05	
13.9702	7.93487e-05	
13.9705	7.93487e-05	
13.9708	7.93487e-05	
13.9711	7.93487e-05	
13.9714	7.93487e-05	
13.9717	7.93487e-05	
13.9721	7.93487e-05	
13.9724	7.93487e-05	
13.9727	7.93487e-05	
13.973	7.93487e-05	
13.9733	7.93487e-05	
13.9736	7.93487e-05	
13.9739	7.93487e-05	
13.9742	7.93487e-05	
13.9745	7.93487e-05	
13.9748	7.93487e-05	
13.9751	7.93487e-05	
13.9754	7.93487e-05	
13.9757	7.93487e-05	
13.976	7.93487e-05	
13.9763	7.93487e-05	
13.9766	7.93487e-05	
13.9769	7.93487e-05	
13.9773	7.93487e-05	
13.9776	7.93487e-05	
13.9779	7.93487e-05	
13.9782	7.93487e-05	
13.9785	7.93487e-05	
13.9788	7.93487e-05	
13.9791	7.93487e-05	
13.9794	7.93487e-05	
13.9797	7.93487e-05	
13.98	7.93487e-05	
13.9803	7.93487e-05	
13.9806	7.93487e-05	
13.9809	7.93487e-05	
13.9812	7.93487e-05	
13.9815	7.93487e-05	
13.9818	7.93487e-05	
13.9821	7.93487e-05	
13.9824	7.93487e-05	
13.9828	7.93487e-05	
13.9831	7.93487e-05	
13.9834	7.93487e-05	
13.9837	7.93487e-05	
13.984	7.93487e-05	
13.9843	7.93487e-05	
13.9846	7.93487e-05	
13.9849	7.93487e-05	
13.9852	7.93487e-05	
13.9855	7.93487e-05	
13.9858	7.93487e-05	
13.9861	7.93487e-05	
13.9864	7.93487e-05	
13.9867	7.93487e-05	
13.987	7.93487e-05	
13.9873	7.93487e-05	
13.9876	7.93487e-05	
13.9879	7.93487e-05	
13.9883	7.93487e-05	
13.9886	7.89762e-05	
13.9889	7.89762e-05	
13.9892	7.89762e-05	
13.9895	7.89762e-05	
13.9898	7.89762e-05	
13.9901	7.89762e-05	
13.9904	7.89762e-05	
13.9907	7.89762e-05	
13.991	7.89762e-05	
13.9913	7.89762e-05	
13.9916	7.89762e-05	
13.9919	7.89762e-05	
13.9922	7.89762e-05	
13.9925	7.89762e-05	
13.9928	7.89762e-05	
13.9931	7.89762e-05	
13.9934	7.89762e-05	
13.9938	7.89762e-05	
13.9941	7.89762e-05	
13.9944	7.89762e-05	
13.9947	7.89762e-05	
13.995	7.89762e-05	
13.9953	7.89762e-05	
13.9956	7.89762e-05	
13.9959	7.89762e-05	
13.9962	7.89762e-05	
13.9965	7.89762e-05	
13.9968	7.89762e-05	
13.9971	7.89762e-05	
13.9974	7.89762e-05	
13.9977	7.89762e-05	
13.998	7.89762e-05	
13.9983	7.89762e-05	
13.9986	7.89762e-05	
13.9989	7.89762e-05	
13.9993	7.89762e-05	
13.9996	7.89762e-05	
13.9999	7.89762e-05	
14.0002	7.89762e-05	
14.0005	7.89762e-05	
14.0008	7.89762e-05	
14.0011	7.89762e-05	
14.0014	7.89762e-05	
14.0017	7.89762e-05	
14.002	7.89762e-05	
14.0023	7.89762e-05	
14.0026	7.89762e-05	
14.0029	7.89762e-05	
14.0032	7.89762e-05	
14.0035	7.89762e-05	
14.0038	7.89762e-05	
14.0041	7.89762e-05	
14.0044	7.89762e-05	
14.0048	7.89762e-05	
14.0051	7.89762e-05	
14.0054	7.89762e-05	
14.0057	7.89762e-05	
14.006	7.89762e-05	
14.0063	7.89762e-05	
14.0066	7.89762e-05	
14.0069	7.89762e-05	
14.0072	7.89762e-05	
14.0075	7.89762e-05	
14.0078	7.89762e-05	
14.0081	7.89762e-05	
14.0084	7.89762e-05	
14.0087	7.86036e-05	
14.009	7.86036e-05	
14.0093	7.86036e-05	
14.0096	7.86036e-05	
14.0099	7.86036e-05	
14.0103	7.86036e-05	
14.0106	7.86036e-05	
14.0109	7.86036e-05	
14.0112	7.86036e-05	
14.0115	7.86036e-05	
14.0118	7.86036e-05	
14.0121	7.86036e-05	
14.0124	7.86036e-05	
14.0127	7.86036e-05	
14.013	7.86036e-05	
14.0133	7.86036e-05	
14.0136	7.86036e-05	
14.0139	7.86036e-05	
14.0142	7.86036e-05	
14.0145	7.86036e-05	
14.0148	7.86036e-05	
14.0151	7.86036e-05	
14.0154	7.86036e-05	
14.0158	7.86036e-05	
14.0161	7.86036e-05	
14.0164	7.86036e-05	
14.0167	7.86036e-05	
14.017	7.86036e-05	
14.0173	7.86036e-05	
14.0176	7.86036e-05	
14.0179	7.86036e-05	
14.0182	7.86036e-05	
14.0185	7.86036e-05	
14.0188	7.86036e-05	
14.0191	7.86036e-05	
14.0194	7.86036e-05	
14.0197	7.86036e-05	
14.02	7.86036e-05	
14.0203	7.86036e-05	
14.0206	7.86036e-05	
14.0209	7.86036e-05	
14.0213	7.86036e-05	
14.0216	7.86036e-05	
14.0219	7.86036e-05	
14.0222	7.86036e-05	
14.0225	7.86036e-05	
14.0228	7.86036e-05	
14.0231	7.86036e-05	
14.0234	7.86036e-05	
14.0237	7.86036e-05	
14.024	7.86036e-05	
14.0243	7.86036e-05	
14.0246	7.86036e-05	
14.0249	7.86036e-05	
14.0252	7.86036e-05	
14.0255	7.86036e-05	
14.0258	7.86036e-05	
14.0261	7.86036e-05	
14.0264	7.86036e-05	
14.0268	7.86036e-05	
14.0271	7.86036e-05	
14.0274	7.86036e-05	
14.0277	7.86036e-05	
14.028	7.86036e-05	
14.0283	7.86036e-05	
14.0286	7.86036e-05	
14.0289	7.86036e-05	
14.0292	7.82311e-05	
14.0295	7.82311e-05	
14.0298	7.82311e-05	
14.0301	7.82311e-05	
14.0304	7.82311e-05	
14.0307	7.82311e-05	
14.031	7.82311e-05	
14.0313	7.82311e-05	
14.0316	7.82311e-05	
14.0319	7.82311e-05	
14.0323	7.82311e-05	
14.0326	7.82311e-05	
14.0329	7.82311e-05	
14.0332	7.82311e-05	
14.0335	7.82311e-05	
14.0338	7.82311e-05	
14.0341	7.82311e-05	
14.0344	7.82311e-05	
14.0347	7.82311e-05	
14.035	7.82311e-05	
14.0353	7.82311e-05	
14.0356	7.82311e-05	
14.0359	7.82311e-05	
14.0362	7.82311e-05	
14.0365	7.82311e-05	
14.0368	7.82311e-05	
14.0371	7.82311e-05	
14.0374	7.82311e-05	
14.0378	7.82311e-05	
14.0381	7.82311e-05	
14.0384	7.82311e-05	
14.0387	7.82311e-05	
14.039	7.82311e-05	
14.0393	7.82311e-05	
14.0396	7.82311e-05	
14.0399	7.82311e-05	
14.0402	7.82311e-05	
14.0405	7.82311e-05	
14.0408	7.82311e-05	
14.0411	7.82311e-05	
14.0414	7.82311e-05	
14.0417	7.82311e-05	
14.042	7.82311e-05	
14.0423	7.82311e-05	
14.0426	7.82311e-05	
14.0429	7.82311e-05	
14.0433	7.82311e-05	
14.0436	7.82311e-05	
14.0439	7.82311e-05	
14.0442	7.82311e-05	
14.0445	7.82311e-05	
14.0448	7.82311e-05	
14.0451	7.82311e-05	
14.0454	7.82311e-05	
14.0457	7.82311e-05	
14.046	7.82311e-05	
14.0463	7.82311e-05	
14.0466	7.82311e-05	
14.0469	7.82311e-05	
14.0472	7.82311e-05	
14.0475	7.82311e-05	
14.0478	7.82311e-05	
14.0481	7.82311e-05	
14.0484	7.82311e-05	
14.0488	7.82311e-05	
14.0491	7.82311e-05	
14.0494	7.82311e-05	
14.0497	7.78586e-05	
14.05	7.78586e-05	
14.0503	7.78586e-05	
14.0506	7.78586e-05	
14.0509	7.78586e-05	
14.0512	7.78586e-05	
14.0515	7.78586e-05	
14.0518	7.78586e-05	
14.0521	7.78586e-05	
14.0524	7.78586e-05	
14.0527	7.78586e-05	
14.053	7.78586e-05	
14.0533	7.78586e-05	
14.0536	7.78586e-05	
14.0539	7.78586e-05	
14.0543	7.78586e-05	
14.0546	7.78586e-05	
14.0549	7.78586e-05	
14.0552	7.78586e-05	
14.0555	7.78586e-05	
14.0558	7.78586e-05	
14.0561	7.78586e-05	
14.0564	7.78586e-05	
14.0567	7.78586e-05	
14.057	7.78586e-05	
14.0573	7.78586e-05	
14.0576	7.78586e-05	
14.0579	7.78586e-05	
14.0582	7.78586e-05	
14.0585	7.78586e-05	
14.0588	7.78586e-05	
14.0591	7.78586e-05	
14.0594	7.78586e-05	
14.0598	7.78586e-05	
14.0601	7.78586e-05	
14.0604	7.78586e-05	
14.0607	7.78586e-05	
14.061	7.78586e-05	
14.0613	7.78586e-05	
14.0616	7.78586e-05	
14.0619	7.78586e-05	
14.0622	7.78586e-05	
14.0625	7.78586e-05	
14.0628	7.78586e-05	
14.0631	7.78586e-05	
14.0634	7.78586e-05	
14.0637	7.78586e-05	
14.064	7.78586e-05	
14.0643	7.78586e-05	
14.0646	7.78586e-05	
14.0649	7.78586e-05	
14.0653	7.78586e-05	
14.0656	7.78586e-05	
14.0659	7.78586e-05	
14.0662	7.78586e-05	
14.0665	7.78586e-05	
14.0668	7.78586e-05	
14.0671	7.78586e-05	
14.0674	7.78586e-05	
14.0677	7.78586e-05	
14.068	7.78586e-05	
14.0683	7.78586e-05	
14.0686	7.78586e-05	
14.0689	7.78586e-05	
14.0692	7.78586e-05	
14.0695	7.78586e-05	
14.0698	7.78586e-05	
14.0701	7.78586e-05	
14.0704	7.7486e-05	
14.0708	7.7486e-05	
14.0711	7.7486e-05	
14.0714	7.7486e-05	
14.0717	7.7486e-05	
14.072	7.7486e-05	
14.0723	7.7486e-05	
14.0726	7.7486e-05	
14.0729	7.7486e-05	
14.0732	7.7486e-05	
14.0735	7.7486e-05	
14.0738	7.7486e-05	
14.0741	7.7486e-05	
14.0744	7.7486e-05	
14.0747	7.7486e-05	
14.075	7.7486e-05	
14.0753	7.7486e-05	
14.0756	7.7486e-05	
14.0759	7.7486e-05	
14.0763	7.7486e-05	
14.0766	7.7486e-05	
14.0769	7.7486e-05	
14.0772	7.7486e-05	
14.0775	7.7486e-05	
14.0778	7.7486e-05	
14.0781	7.7486e-05	
14.0784	7.7486e-05	
14.0787	7.7486e-05	
14.079	7.7486e-05	
14.0793	7.7486e-05	
14.0796	7.7486e-05	
14.0799	7.7486e-05	
14.0802	7.7486e-05	
14.0805	7.7486e-05	
14.0808	7.7486e-05	
14.0811	7.7486e-05	
14.0814	7.7486e-05	
14.0818	7.7486e-05	
14.0821	7.7486e-05	
14.0824	7.7486e-05	
14.0827	7.7486e-05	
14.083	7.7486e-05	
14.0833	7.7486e-05	
14.0836	7.7486e-05	
14.0839	7.7486e-05	
14.0842	7.7486e-05	
14.0845	7.7486e-05	
14.0848	7.7486e-05	
14.0851	7.7486e-05	
14.0854	7.7486e-05	
14.0857	7.7486e-05	
14.086	7.7486e-05	
14.0863	7.7486e-05	
14.0866	7.7486e-05	
14.0869	7.7486e-05	
14.0873	7.7486e-05	
14.0876	7.7486e-05	
14.0879	7.7486e-05	
14.0882	7.7486e-05	
14.0885	7.7486e-05	
14.0888	7.7486e-05	
14.0891	7.7486e-05	
14.0894	7.7486e-05	
14.0897	7.7486e-05	
14.09	7.7486e-05	
14.0903	7.7486e-05	
14.0906	7.7486e-05	
14.0909	7.7486e-05	
14.0912	7.7486e-05	
14.0915	7.71135e-05	
14.0918	7.71135e-05	
14.0921	7.71135e-05	
14.0924	7.71135e-05	
14.0928	7.71135e-05	
14.0931	7.71135e-05	
14.0934	7.71135e-05	
14.0937	7.71135e-05	
14.094	7.71135e-05	
14.0943	7.71135e-05	
14.0946	7.71135e-05	
14.0949	7.71135e-05	
14.0952	7.71135e-05	
14.0955	7.71135e-05	
14.0958	7.71135e-05	
14.0961	7.71135e-05	
14.0964	7.71135e-05	
14.0967	7.71135e-05	
14.097	7.71135e-05	
14.0973	7.71135e-05	
14.0976	7.71135e-05	
14.0979	7.71135e-05	
14.0983	7.71135e-05	
14.0986	7.71135e-05	
14.0989	7.71135e-05	
14.0992	7.71135e-05	
14.0995	7.71135e-05	
14.0998	7.71135e-05	
14.1001	7.71135e-05	
14.1004	7.71135e-05	
14.1007	7.71135e-05	
14.101	7.71135e-05	
14.1013	7.71135e-05	
14.1016	7.71135e-05	
14.1019	7.71135e-05	
14.1022	7.71135e-05	
14.1025	7.71135e-05	
14.1028	7.71135e-05	
14.1031	7.71135e-05	
14.1034	7.71135e-05	
14.1038	7.71135e-05	
14.1041	7.71135e-05	
14.1044	7.71135e-05	
14.1047	7.71135e-05	
14.105	7.71135e-05	
14.1053	7.71135e-05	
14.1056	7.71135e-05	
14.1059	7.71135e-05	
14.1062	7.71135e-05	
14.1065	7.71135e-05	
14.1068	7.71135e-05	
14.1071	7.71135e-05	
14.1074	7.71135e-05	
14.1077	7.71135e-05	
14.108	7.71135e-05	
14.1083	7.71135e-05	
14.1086	7.71135e-05	
14.1089	7.71135e-05	
14.1093	7.71135e-05	
14.1096	7.71135e-05	
14.1099	7.71135e-05	
14.1102	7.71135e-05	
14.1105	7.71135e-05	
14.1108	7.71135e-05	
14.1111	7.71135e-05	
14.1114	7.71135e-05	
14.1117	7.71135e-05	
14.112	7.71135e-05	
14.1123	7.6741e-05	
14.1126	7.6741e-05	
14.1129	7.6741e-05	
14.1132	7.6741e-05	
14.1135	7.6741e-05	
14.1138	7.6741e-05	
14.1141	7.6741e-05	
14.1144	7.6741e-05	
14.1148	7.6741e-05	
14.1151	7.6741e-05	
14.1154	7.6741e-05	
14.1157	7.6741e-05	
14.116	7.6741e-05	
14.1163	7.6741e-05	
14.1166	7.6741e-05	
14.1169	7.6741e-05	
14.1172	7.6741e-05	
14.1175	7.6741e-05	
14.1178	7.6741e-05	
14.1181	7.6741e-05	
14.1184	7.6741e-05	
14.1187	7.6741e-05	
14.119	7.6741e-05	
14.1193	7.6741e-05	
14.1196	7.6741e-05	
14.1199	7.6741e-05	
14.1203	7.6741e-05	
14.1206	7.6741e-05	
14.1209	7.6741e-05	
14.1212	7.6741e-05	
14.1215	7.6741e-05	
14.1218	7.6741e-05	
14.1221	7.6741e-05	
14.1224	7.6741e-05	
14.1227	7.6741e-05	
14.123	7.6741e-05	
14.1233	7.6741e-05	
14.1236	7.6741e-05	
14.1239	7.6741e-05	
14.1242	7.6741e-05	
14.1245	7.6741e-05	
14.1248	7.6741e-05	
14.1251	7.6741e-05	
14.1254	7.6741e-05	
14.1258	7.6741e-05	
14.1261	7.6741e-05	
14.1264	7.6741e-05	
14.1267	7.6741e-05	
14.127	7.6741e-05	
14.1273	7.6741e-05	
14.1276	7.6741e-05	
14.1279	7.6741e-05	
14.1282	7.6741e-05	
14.1285	7.6741e-05	
14.1288	7.6741e-05	
14.1291	7.6741e-05	
14.1294	7.6741e-05	
14.1297	7.6741e-05	
14.13	7.6741e-05	
14.1303	7.6741e-05	
14.1306	7.6741e-05	
14.1309	7.6741e-05	
14.1313	7.6741e-05	
14.1316	7.6741e-05	
14.1319	7.6741e-05	
14.1322	7.6741e-05	
14.1325	7.6741e-05	
14.1328	7.6741e-05	
14.1331	7.6741e-05	
14.1334	7.6741e-05	
14.1337	7.63685e-05	
14.134	7.63685e-05	
14.1343	7.63685e-05	
14.1346	7.63685e-05	
14.1349	7.63685e-05	
14.1352	7.63685e-05	
14.1355	7.63685e-05	
14.1358	7.63685e-05	
14.1361	7.63685e-05	
14.1364	7.63685e-05	
14.1368	7.63685e-05	
14.1371	7.63685e-05	
14.1374	7.63685e-05	
14.1377	7.63685e-05	
14.138	7.63685e-05	
14.1383	7.63685e-05	
14.1386	7.63685e-05	
14.1389	7.63685e-05	
14.1392	7.63685e-05	
14.1395	7.63685e-05	
14.1398	7.63685e-05	
14.1401	7.63685e-05	
14.1404	7.63685e-05	
14.1407	7.63685e-05	
14.141	7.63685e-05	
14.1413	7.63685e-05	
14.1416	7.63685e-05	
14.1419	7.63685e-05	
14.1423	7.63685e-05	
14.1426	7.63685e-05	
14.1429	7.63685e-05	
14.1432	7.63685e-05	
14.1435	7.63685e-05	
14.1438	7.63685e-05	
14.1441	7.63685e-05	
14.1444	7.63685e-05	
14.1447	7.63685e-05	
14.145	7.63685e-05	
14.1453	7.63685e-05	
14.1456	7.63685e-05	
14.1459	7.63685e-05	
14.1462	7.63685e-05	
14.1465	7.63685e-05	
14.1468	7.63685e-05	
14.1471	7.63685e-05	
14.1475	7.63685e-05	
14.1478	7.63685e-05	
14.1481	7.63685e-05	
14.1484	7.63685e-05	
14.1487	7.63685e-05	
14.149	7.63685e-05	
14.1493	7.63685e-05	
14.1496	7.63685e-05	
14.1499	7.63685e-05	
14.1502	7.63685e-05	
14.1505	7.63685e-05	
14.1508	7.63685e-05	
14.1511	7.63685e-05	
14.1514	7.63685e-05	
14.1517	7.63685e-05	
14.152	7.63685e-05	
14.1523	7.63685e-05	
14.1526	7.63685e-05	
14.153	7.63685e-05	
14.1533	7.63685e-05	
14.1536	7.63685e-05	
14.1539	7.63685e-05	
14.1542	7.63685e-05	
14.1545	7.63685e-05	
14.1548	7.63685e-05	
14.1551	7.59959e-05	
14.1554	7.59959e-05	
14.1557	7.59959e-05	
14.156	7.59959e-05	
14.1563	7.59959e-05	
14.1566	7.59959e-05	
14.1569	7.59959e-05	
14.1572	7.59959e-05	
14.1575	7.59959e-05	
14.1578	7.59959e-05	
14.1581	7.59959e-05	
14.1585	7.59959e-05	
14.1588	7.59959e-05	
14.1591	7.59959e-05	
14.1594	7.59959e-05	
14.1597	7.59959e-05	
14.16	7.59959e-05	
14.1603	7.59959e-05	
14.1606	7.59959e-05	
14.1609	7.59959e-05	
14.1612	7.59959e-05	
14.1615	7.59959e-05	
14.1618	7.59959e-05	
14.1621	7.59959e-05	
14.1624	7.59959e-05	
14.1627	7.59959e-05	
14.163	7.59959e-05	
14.1633	7.59959e-05	
14.1636	7.59959e-05	
14.164	7.59959e-05	
14.1643	7.59959e-05	
14.1646	7.59959e-05	
14.1649	7.59959e-05	
14.1652	7.59959e-05	
14.1655	7.59959e-05	
14.1658	7.59959e-05	
14.1661	7.59959e-05	
14.1664	7.59959e-05	
14.1667	7.59959e-05	
14.167	7.59959e-05	
14.1673	7.59959e-05	
14.1676	7.59959e-05	
14.1679	7.59959e-05	
14.1682	7.59959e-05	
14.1685	7.59959e-05	
14.1688	7.59959e-05	
14.1691	7.59959e-05	
14.1695	7.59959e-05	
14.1698	7.59959e-05	
14.1701	7.59959e-05	
14.1704	7.59959e-05	
14.1707	7.59959e-05	
14.171	7.59959e-05	
14.1713	7.59959e-05	
14.1716	7.59959e-05	
14.1719	7.59959e-05	
14.1722	7.59959e-05	
14.1725	7.59959e-05	
14.1728	7.59959e-05	
14.1731	7.59959e-05	
14.1734	7.59959e-05	
14.1737	7.59959e-05	
14.174	7.59959e-05	
14.1743	7.59959e-05	
14.1746	7.59959e-05	
14.175	7.59959e-05	
14.1753	7.59959e-05	
14.1756	7.59959e-05	
14.1759	7.59959e-05	
14.1762	7.59959e-05	
14.1765	7.56234e-05	
14.1768	7.56234e-05	
14.1771	7.56234e-05	
14.1774	7.56234e-05	
14.1777	7.56234e-05	
14.178	7.56234e-05	
14.1783	7.56234e-05	
14.1786	7.56234e-05	
14.1789	7.56234e-05	
14.1792	7.56234e-05	
14.1795	7.56234e-05	
14.1798	7.56234e-05	
14.1801	7.56234e-05	
14.1805	7.56234e-05	
14.1808	7.56234e-05	
14.1811	7.56234e-05	
14.1814	7.56234e-05	
14.1817	7.56234e-05	
14.182	7.56234e-05	
14.1823	7.56234e-05	
14.1826	7.56234e-05	
14.1829	7.56234e-05	
14.1832	7.56234e-05	
14.1835	7.56234e-05	
14.1838	7.56234e-05	
14.1841	7.56234e-05	
14.1844	7.56234e-05	
14.1847	7.56234e-05	
14.185	7.56234e-05	
14.1853	7.56234e-05	
14.1856	7.56234e-05	
14.186	7.56234e-05	
14.1863	7.56234e-05	
14.1866	7.56234e-05	
14.1869	7.56234e-05	
14.1872	7.56234e-05	
14.1875	7.56234e-05	
14.1878	7.56234e-05	
14.1881	7.56234e-05	
14.1884	7.56234e-05	
14.1887	7.56234e-05	
14.189	7.56234e-05	
14.1893	7.56234e-05	
14.1896	7.56234e-05	
14.1899	7.56234e-05	
14.1902	7.56234e-05	
14.1905	7.56234e-05	
14.1908	7.56234e-05	
14.1911	7.56234e-05	
14.1915	7.56234e-05	
14.1918	7.56234e-05	
14.1921	7.56234e-05	
14.1924	7.56234e-05	
14.1927	7.56234e-05	
14.193	7.56234e-05	
14.1933	7.56234e-05	
14.1936	7.56234e-05	
14.1939	7.56234e-05	
14.1942	7.56234e-05	
14.1945	7.56234e-05	
14.1948	7.56234e-05	
14.1951	7.56234e-05	
14.1954	7.56234e-05	
14.1957	7.56234e-05	
14.196	7.56234e-05	
14.1963	7.56234e-05	
14.1966	7.56234e-05	
14.197	7.56234e-05	
14.1973	7.56234e-05	
14.1976	7.56234e-05	
14.1979	7.56234e-05	
14.1982	7.52509e-05	
14.1985	7.52509e-05	
14.1988	7.52509e-05	
14.1991	7.52509e-05	
14.1994	7.52509e-05	
14.1997	7.52509e-05	
14.2	7.52509e-05	
14.2003	7.52509e-05	
14.2006	7.52509e-05	
14.2009	7.52509e-05	
14.2012	7.52509e-05	
14.2015	7.52509e-05	
14.2018	7.52509e-05	
14.2021	7.52509e-05	
14.2025	7.52509e-05	
14.2028	7.52509e-05	
14.2031	7.52509e-05	
14.2034	7.52509e-05	
14.2037	7.52509e-05	
14.204	7.52509e-05	
14.2043	7.52509e-05	
14.2046	7.52509e-05	
14.2049	7.52509e-05	
14.2052	7.52509e-05	
14.2055	7.52509e-05	
14.2058	7.52509e-05	
14.2061	7.52509e-05	
14.2064	7.52509e-05	
14.2067	7.52509e-05	
14.207	7.52509e-05	
14.2073	7.52509e-05	
14.2076	7.52509e-05	
14.208	7.52509e-05	
14.2083	7.52509e-05	
14.2086	7.52509e-05	
14.2089	7.52509e-05	
14.2092	7.52509e-05	
14.2095	7.52509e-05	
14.2098	7.52509e-05	
14.2101	7.52509e-05	
14.2104	7.52509e-05	
14.2107	7.52509e-05	
14.211	7.52509e-05	
14.2113	7.52509e-05	
14.2116	7.52509e-05	
14.2119	7.52509e-05	
14.2122	7.52509e-05	
14.2125	7.52509e-05	
14.2128	7.52509e-05	
14.2131	7.52509e-05	
14.2135	7.52509e-05	
14.2138	7.52509e-05	
14.2141	7.52509e-05	
14.2144	7.52509e-05	
14.2147	7.52509e-05	
14.215	7.52509e-05	
14.2153	7.52509e-05	
14.2156	7.52509e-05	
14.2159	7.52509e-05	
14.2162	7.52509e-05	
14.2165	7.52509e-05	
14.2168	7.52509e-05	
14.2171	7.52509e-05	
14.2174	7.52509e-05	
14.2177	7.52509e-05	
14.218	7.52509e-05	
14.2183	7.52509e-05	
14.2186	7.52509e-05	
14.219	7.52509e-05	
14.2193	7.52509e-05	
14.2196	7.52509e-05	
14.2199	7.48783e-05	
14.2202	7.48783e-05	
14.2205	7.48783e-05	
14.2208	7.48783e-05	
14.2211	7.48783e-05	
14.2214	7.48783e-05	
14.2217	7.48783e-05	
14.222	7.48783e-05	
14.2223	7.48783e-05	
14.2226	7.48783e-05	
14.2229	7.48783e-05	
14.2232	7.48783e-05	
14.2235	7.48783e-05	
14.2238	7.48783e-05	
14.2241	7.48783e-05	
14.2245	7.48783e-05	
14.2248	7.48783e-05	
14.2251	7.48783e-05	
14.2254	7.48783e-05	
14.2257	7.48783e-05	
14.226	7.48783e-05	
14.2263	7.48783e-05	
14.2266	7.48783e-05	
14.2269	7.48783e-05	
14.2272	7.48783e-05	
14.2275	7.48783e-05	
14.2278	7.48783e-05	
14.2281	7.48783e-05	
14.2284	7.48783e-05	
14.2287	7.48783e-05	
14.229	7.48783e-05	
14.2293	7.48783e-05	
14.2296	7.48783e-05	
14.23	7.48783e-05	
14.2303	7.48783e-05	
14.2306	7.48783e-05	
14.2309	7.48783e-05	
14.2312	7.48783e-05	
14.2315	7.48783e-05	
14.2318	7.48783e-05	
14.2321	7.48783e-05	
14.2324	7.48783e-05	
14.2327	7.48783e-05	
14.233	7.48783e-05	
14.2333	7.48783e-05	
14.2336	7.48783e-05	
14.2339	7.48783e-05	
14.2342	7.48783e-05	
14.2345	7.48783e-05	
14.2348	7.48783e-05	
14.2351	7.48783e-05	
14.2355	7.48783e-05	
14.2358	7.48783e-05	
14.2361	7.48783e-05	
14.2364	7.48783e-05	
14.2367	7.48783e-05	
14.237	7.48783e-05	
14.2373	7.48783e-05	
14.2376	7.48783e-05	
14.2379	7.48783e-05	
14.2382	7.48783e-05	
14.2385	7.48783e-05	
14.2388	7.48783e-05	
14.2391	7.48783e-05	
14.2394	7.48783e-05	
14.2397	7.48783e-05	
14.24	7.48783e-05	
14.2403	7.48783e-05	
14.2406	7.48783e-05	
14.241	7.48783e-05	
14.2413	7.48783e-05	
14.2416	7.48783e-05	
14.2419	7.45058e-05	
14.2422	7.45058e-05	
14.2425	7.45058e-05	
14.2428	7.45058e-05	
14.2431	7.45058e-05	
14.2434	7.45058e-05	
14.2437	7.45058e-05	
14.244	7.45058e-05	
14.2443	7.45058e-05	
14.2446	7.45058e-05	
14.2449	7.45058e-05	
14.2452	7.45058e-05	
14.2455	7.45058e-05	
14.2458	7.45058e-05	
14.2461	7.45058e-05	
14.2465	7.45058e-05	
14.2468	7.45058e-05	
14.2471	7.45058e-05	
14.2474	7.45058e-05	
14.2477	7.45058e-05	
14.248	7.45058e-05	
14.2483	7.45058e-05	
14.2486	7.45058e-05	
14.2489	7.45058e-05	
14.2492	7.45058e-05	
14.2495	7.45058e-05	
14.2498	7.45058e-05	
14.2501	7.45058e-05	
14.2504	7.45058e-05	
14.2507	7.45058e-05	
14.251	7.45058e-05	
14.2513	7.45058e-05	
14.2516	7.45058e-05	
14.252	7.45058e-05	
14.2523	7.45058e-05	
14.2526	7.45058e-05	
14.2529	7.45058e-05	
14.2532	7.45058e-05	
14.2535	7.45058e-05	
14.2538	7.45058e-05	
14.2541	7.45058e-05	
14.2544	7.45058e-05	
14.2547	7.45058e-05	
14.255	7.45058e-05	
14.2553	7.45058e-05	
14.2556	7.45058e-05	
14.2559	7.45058e-05	
14.2562	7.45058e-05	
14.2565	7.45058e-05	
14.2568	7.45058e-05	
14.2571	7.45058e-05	
14.2575	7.45058e-05	
14.2578	7.45058e-05	
14.2581	7.45058e-05	
14.2584	7.45058e-05	
14.2587	7.45058e-05	
14.259	7.45058e-05	
14.2593	7.45058e-05	
14.2596	7.45058e-05	
14.2599	7.45058e-05	
14.2602	7.45058e-05	
14.2605	7.45058e-05	
14.2608	7.45058e-05	
14.2611	7.45058e-05	
14.2614	7.45058e-05	
14.2617	7.45058e-05	
14.262	7.45058e-05	
14.2623	7.45058e-05	
14.2626	7.45058e-05	
14.263	7.45058e-05	
14.2633	7.45058e-05	
14.2636	7.45058e-05	
14.2639	7.45058e-05	
14.2642	7.41333e-05	
14.2645	7.41333e-05	
14.2648	7.41333e-05	
14.2651	7.41333e-05	
14.2654	7.41333e-05	
14.2657	7.41333e-05	
14.266	7.41333e-05	
14.2663	7.41333e-05	
14.2666	7.41333e-05	
14.2669	7.41333e-05	
14.2672	7.41333e-05	
14.2675	7.41333e-05	
14.2678	7.41333e-05	
14.2681	7.41333e-05	
14.2685	7.41333e-05	
14.2688	7.41333e-05	
14.2691	7.41333e-05	
14.2694	7.41333e-05	
14.2697	7.41333e-05	
14.27	7.41333e-05	
14.2703	7.41333e-05	
14.2706	7.41333e-05	
14.2709	7.41333e-05	
14.2712	7.41333e-05	
14.2715	7.41333e-05	
14.2718	7.41333e-05	
14.2721	7.41333e-05	
14.2724	7.41333e-05	
14.2727	7.41333e-05	
14.273	7.41333e-05	
14.2733	7.41333e-05	
14.2736	7.41333e-05	
14.274	7.41333e-05	
14.2743	7.41333e-05	
14.2746	7.41333e-05	
14.2749	7.41333e-05	
14.2752	7.41333e-05	
14.2755	7.41333e-05	
14.2758	7.41333e-05	
14.2761	7.41333e-05	
14.2764	7.41333e-05	
14.2767	7.41333e-05	
14.277	7.41333e-05	
14.2773	7.41333e-05	
14.2776	7.41333e-05	
14.2779	7.41333e-05	
14.2782	7.41333e-05	
14.2785	7.41333e-05	
14.2788	7.41333e-05	
14.2791	7.41333e-05	
14.2795	7.41333e-05	
14.2798	7.41333e-05	
14.2801	7.41333e-05	
14.2804	7.41333e-05	
14.2807	7.41333e-05	
14.281	7.41333e-05	
14.2813	7.41333e-05	
14.2816	7.41333e-05	
14.2819	7.41333e-05	
14.2822	7.41333e-05	
14.2825	7.41333e-05	
14.2828	7.41333e-05	
14.2831	7.41333e-05	
14.2834	7.41333e-05	
14.2837	7.41333e-05	
14.284	7.41333e-05	
14.2843	7.41333e-05	
14.2846	7.41333e-05	
14.285	7.41333e-05	
14.2853	7.41333e-05	
14.2856	7.41333e-05	
14.2859	7.41333e-05	
14.2862	7.41333e-05	
14.2865	7.37607e-05	
14.2868	7.37607e-05	
14.2871	7.37607e-05	
14.2874	7.37607e-05	
14.2877	7.37607e-05	
14.288	7.37607e-05	
14.2883	7.37607e-05	
14.2886	7.37607e-05	
14.2889	7.37607e-05	
14.2892	7.37607e-05	
14.2895	7.37607e-05	
14.2898	7.37607e-05	
14.2901	7.37607e-05	
14.2905	7.37607e-05	
14.2908	7.37607e-05	
14.2911	7.37607e-05	
14.2914	7.37607e-05	
14.2917	7.37607e-05	
14.292	7.37607e-05	
14.2923	7.37607e-05	
14.2926	7.37607e-05	
14.2929	7.37607e-05	
14.2932	7.37607e-05	
14.2935	7.37607e-05	
14.2938	7.37607e-05	
14.2941	7.37607e-05	
14.2944	7.37607e-05	
14.2947	7.37607e-05	
14.295	7.37607e-05	
14.2953	7.37607e-05	
14.2956	7.37607e-05	
14.296	7.37607e-05	
14.2963	7.37607e-05	
14.2966	7.37607e-05	
14.2969	7.37607e-05	
14.2972	7.37607e-05	
14.2975	7.37607e-05	
14.2978	7.37607e-05	
14.2981	7.37607e-05	
14.2984	7.37607e-05	
14.2987	7.37607e-05	
14.299	7.37607e-05	
14.2993	7.37607e-05	
14.2996	7.37607e-05	
14.2999	7.37607e-05	
14.3002	7.37607e-05	
14.3005	7.37607e-05	
14.3008	7.37607e-05	
14.3011	7.37607e-05	
14.3015	7.37607e-05	
14.3018	7.37607e-05	
14.3021	7.37607e-05	
14.3024	7.37607e-05	
14.3027	7.37607e-05	
14.303	7.37607e-05	
14.3033	7.37607e-05	
14.3036	7.37607e-05	
14.3039	7.37607e-05	
14.3042	7.37607e-05	
14.3045	7.37607e-05	
14.3048	7.37607e-05	
14.3051	7.37607e-05	
14.3054	7.37607e-05	
14.3057	7.37607e-05	
14.306	7.37607e-05	
14.3063	7.37607e-05	
14.3066	7.37607e-05	
14.307	7.37607e-05	
14.3073	7.37607e-05	
14.3076	7.37607e-05	
14.3079	7.37607e-05	
14.3082	7.37607e-05	
14.3085	7.37607e-05	
14.3088	7.37607e-05	
14.3091	7.33882e-05	
14.3094	7.33882e-05	
14.3097	7.33882e-05	
14.31	7.33882e-05	
14.3103	7.33882e-05	
14.3106	7.33882e-05	
14.3109	7.33882e-05	
14.3112	7.33882e-05	
14.3115	7.33882e-05	
14.3118	7.33882e-05	
14.3121	7.33882e-05	
14.3125	7.33882e-05	
14.3128	7.33882e-05	
14.3131	7.33882e-05	
14.3134	7.33882e-05	
14.3137	7.33882e-05	
14.314	7.33882e-05	
14.3143	7.33882e-05	
14.3146	7.33882e-05	
14.3149	7.33882e-05	
14.3152	7.33882e-05	
14.3155	7.33882e-05	
14.3158	7.33882e-05	
14.3161	7.33882e-05	
14.3164	7.33882e-05	
14.3167	7.33882e-05	
14.317	7.33882e-05	
14.3173	7.33882e-05	
14.3177	7.33882e-05	
14.318	7.33882e-05	
14.3183	7.33882e-05	
14.3186	7.33882e-05	
14.3189	7.33882e-05	
14.3192	7.33882e-05	
14.3195	7.33882e-05	
14.3198	7.33882e-05	
14.3201	7.33882e-05	
14.3204	7.33882e-05	
14.3207	7.33882e-05	
14.321	7.33882e-05	
14.3213	7.33882e-05	
14.3216	7.33882e-05	
14.3219	7.33882e-05	
14.3222	7.33882e-05	
14.3225	7.33882e-05	
14.3228	7.33882e-05	
14.3232	7.33882e-05	
14.3235	7.33882e-05	
14.3238	7.33882e-05	
14.3241	7.33882e-05	
14.3244	7.33882e-05	
14.3247	7.33882e-05	
14.325	7.33882e-05	
14.3253	7.33882e-05	
14.3256	7.33882e-05	
14.3259	7.33882e-05	
14.3262	7.33882e-05	
14.3265	7.33882e-05	
14.3268	7.33882e-05	
14.3271	7.33882e-05	
14.3274	7.33882e-05	
14.3277	7.33882e-05	
14.328	7.33882e-05	
14.3283	7.33882e-05	
14.3287	7.33882e-05	
14.329	7.33882e-05	
14.3293	7.33882e-05	
14.3296	7.33882e-05	
14.3299	7.33882e-05	
14.3302	7.33882e-05	
14.3305	7.33882e-05	
14.3308	7.33882e-05	
14.3311	7.33882e-05	
14.3314	7.33882e-05	
14.3317	7.30157e-05	
14.332	7.30157e-05	
14.3323	7.30157e-05	
14.3326	7.30157e-05	
14.3329	7.30157e-05	
14.3332	7.30157e-05	
14.3335	7.30157e-05	
14.3338	7.30157e-05	
14.3342	7.30157e-05	
14.3345	7.30157e-05	
14.3348	7.30157e-05	
14.3351	7.30157e-05	
14.3354	7.30157e-05	
14.3357	7.30157e-05	
14.336	7.30157e-05	
14.3363	7.30157e-05	
14.3366	7.30157e-05	
14.3369	7.30157e-05	
14.3372	7.30157e-05	
14.3375	7.30157e-05	
14.3378	7.30157e-05	
14.3381	7.30157e-05	
14.3384	7.30157e-05	
14.3387	7.30157e-05	
14.339	7.30157e-05	
14.3393	7.30157e-05	
14.3397	7.30157e-05	
14.34	7.30157e-05	
14.3403	7.30157e-05	
14.3406	7.30157e-05	
14.3409	7.30157e-05	
14.3412	7.30157e-05	
14.3415	7.30157e-05	
14.3418	7.30157e-05	
14.3421	7.30157e-05	
14.3424	7.30157e-05	
14.3427	7.30157e-05	
14.343	7.30157e-05	
14.3433	7.30157e-05	
14.3436	7.30157e-05	
14.3439	7.30157e-05	
14.3442	7.30157e-05	
14.3445	7.30157e-05	
14.3448	7.30157e-05	
14.3452	7.30157e-05	
14.3455	7.30157e-05	
14.3458	7.30157e-05	
14.3461	7.30157e-05	
14.3464	7.30157e-05	
14.3467	7.30157e-05	
14.347	7.30157e-05	
14.3473	7.30157e-05	
14.3476	7.30157e-05	
14.3479	7.30157e-05	
14.3482	7.30157e-05	
14.3485	7.30157e-05	
14.3488	7.30157e-05	
14.3491	7.30157e-05	
14.3494	7.30157e-05	
14.3497	7.30157e-05	
14.35	7.30157e-05	
14.3503	7.30157e-05	
14.3507	7.30157e-05	
14.351	7.30157e-05	
14.3513	7.30157e-05	
14.3516	7.30157e-05	
14.3519	7.30157e-05	
14.3522	7.30157e-05	
14.3525	7.30157e-05	
14.3528	7.30157e-05	
14.3531	7.30157e-05	
14.3534	7.30157e-05	
14.3537	7.30157e-05	
14.354	7.30157e-05	
14.3543	7.30157e-05	
14.3546	7.26432e-05	
14.3549	7.26432e-05	
14.3552	7.26432e-05	
14.3555	7.26432e-05	
14.3558	7.26432e-05	
14.3562	7.26432e-05	
14.3565	7.26432e-05	
14.3568	7.26432e-05	
14.3571	7.26432e-05	
14.3574	7.26432e-05	
14.3577	7.26432e-05	
14.358	7.26432e-05	
14.3583	7.26432e-05	
14.3586	7.26432e-05	
14.3589	7.26432e-05	
14.3592	7.26432e-05	
14.3595	7.26432e-05	
14.3598	7.26432e-05	
14.3601	7.26432e-05	
14.3604	7.26432e-05	
14.3607	7.26432e-05	
14.361	7.26432e-05	
14.3613	7.26432e-05	
14.3617	7.26432e-05	
14.362	7.26432e-05	
14.3623	7.26432e-05	
14.3626	7.26432e-05	
14.3629	7.26432e-05	
14.3632	7.26432e-05	
14.3635	7.26432e-05	
14.3638	7.26432e-05	
14.3641	7.26432e-05	
14.3644	7.26432e-05	
14.3647	7.26432e-05	
14.365	7.26432e-05	
14.3653	7.26432e-05	
14.3656	7.26432e-05	
14.3659	7.26432e-05	
14.3662	7.26432e-05	
14.3665	7.26432e-05	
14.3668	7.26432e-05	
14.3672	7.26432e-05	
14.3675	7.26432e-05	
14.3678	7.26432e-05	
14.3681	7.26432e-05	
14.3684	7.26432e-05	
14.3687	7.26432e-05	
14.369	7.26432e-05	
14.3693	7.26432e-05	
14.3696	7.26432e-05	
14.3699	7.26432e-05	
14.3702	7.26432e-05	
14.3705	7.26432e-05	
14.3708	7.26432e-05	
14.3711	7.26432e-05	
14.3714	7.26432e-05	
14.3717	7.26432e-05	
14.372	7.26432e-05	
14.3723	7.26432e-05	
14.3727	7.26432e-05	
14.373	7.26432e-05	
14.3733	7.26432e-05	
14.3736	7.26432e-05	
14.3739	7.26432e-05	
14.3742	7.26432e-05	
14.3745	7.26432e-05	
14.3748	7.26432e-05	
14.3751	7.26432e-05	
14.3754	7.26432e-05	
14.3757	7.26432e-05	
14.376	7.26432e-05	
14.3763	7.26432e-05	
14.3766	7.26432e-05	
14.3769	7.26432e-05	
14.3772	7.26432e-05	
14.3775	7.22706e-05	
14.3778	7.22706e-05	
14.3782	7.22706e-05	
14.3785	7.22706e-05	
14.3788	7.22706e-05	
14.3791	7.22706e-05	
14.3794	7.22706e-05	
14.3797	7.22706e-05	
14.38	7.22706e-05	
14.3803	7.22706e-05	
14.3806	7.22706e-05	
14.3809	7.22706e-05	
14.3812	7.22706e-05	
14.3815	7.22706e-05	
14.3818	7.22706e-05	
14.3821	7.22706e-05	
14.3824	7.22706e-05	
14.3827	7.22706e-05	
14.383	7.22706e-05	
14.3833	7.22706e-05	
14.3837	7.22706e-05	
14.384	7.22706e-05	
14.3843	7.22706e-05	
14.3846	7.22706e-05	
14.3849	7.22706e-05	
14.3852	7.22706e-05	
14.3855	7.22706e-05	
14.3858	7.22706e-05	
14.3861	7.22706e-05	
14.3864	7.22706e-05	
14.3867	7.22706e-05	
14.387	7.22706e-05	
14.3873	7.22706e-05	
14.3876	7.22706e-05	
14.3879	7.22706e-05	
14.3882	7.22706e-05	
14.3885	7.22706e-05	
14.3888	7.22706e-05	
14.3892	7.22706e-05	
14.3895	7.22706e-05	
14.3898	7.22706e-05	
14.3901	7.22706e-05	
14.3904	7.22706e-05	
14.3907	7.22706e-05	
14.391	7.22706e-05	
14.3913	7.22706e-05	
14.3916	7.22706e-05	
14.3919	7.22706e-05	
14.3922	7.22706e-05	
14.3925	7.22706e-05	
14.3928	7.22706e-05	
14.3931	7.22706e-05	
14.3934	7.22706e-05	
14.3937	7.22706e-05	
14.394	7.22706e-05	
14.3943	7.22706e-05	
14.3947	7.22706e-05	
14.395	7.22706e-05	
14.3953	7.22706e-05	
14.3956	7.22706e-05	
14.3959	7.22706e-05	
14.3962	7.22706e-05	
14.3965	7.22706e-05	
14.3968	7.22706e-05	
14.3971	7.22706e-05	
14.3974	7.22706e-05	
14.3977	7.22706e-05	
14.398	7.22706e-05	
14.3983	7.22706e-05	
14.3986	7.22706e-05	
14.3989	7.22706e-05	
14.3992	7.22706e-05	
14.3995	7.22706e-05	
14.3998	7.22706e-05	
14.4002	7.22706e-05	
14.4005	7.22706e-05	
14.4008	7.18981e-05	
14.4011	7.18981e-05	
14.4014	7.18981e-05	
14.4017	7.18981e-05	
14.402	7.18981e-05	
14.4023	7.18981e-05	
14.4026	7.18981e-05	
14.4029	7.18981e-05	
14.4032	7.18981e-05	
14.4035	7.18981e-05	
14.4038	7.18981e-05	
14.4041	7.18981e-05	
14.4044	7.18981e-05	
14.4047	7.18981e-05	
14.405	7.18981e-05	
14.4053	7.18981e-05	
14.4057	7.18981e-05	
14.406	7.18981e-05	
14.4063	7.18981e-05	
14.4066	7.18981e-05	
14.4069	7.18981e-05	
14.4072	7.18981e-05	
14.4075	7.18981e-05	
14.4078	7.18981e-05	
14.4081	7.18981e-05	
14.4084	7.18981e-05	
14.4087	7.18981e-05	
14.409	7.18981e-05	
14.4093	7.18981e-05	
14.4096	7.18981e-05	
14.4099	7.18981e-05	
14.4102	7.18981e-05	
14.4105	7.18981e-05	
14.4108	7.18981e-05	
14.4112	7.18981e-05	
14.4115	7.18981e-05	
14.4118	7.18981e-05	
14.4121	7.18981e-05	
14.4124	7.18981e-05	
14.4127	7.18981e-05	
14.413	7.18981e-05	
14.4133	7.18981e-05	
14.4136	7.18981e-05	
14.4139	7.18981e-05	
14.4142	7.18981e-05	
14.4145	7.18981e-05	
14.4148	7.18981e-05	
14.4151	7.18981e-05	
14.4154	7.18981e-05	
14.4157	7.18981e-05	
14.416	7.18981e-05	
14.4163	7.18981e-05	
14.4167	7.18981e-05	
14.417	7.18981e-05	
14.4173	7.18981e-05	
14.4176	7.18981e-05	
14.4179	7.18981e-05	
14.4182	7.18981e-05	
14.4185	7.18981e-05	
14.4188	7.18981e-05	
14.4191	7.18981e-05	
14.4194	7.18981e-05	
14.4197	7.18981e-05	
14.42	7.18981e-05	
14.4203	7.18981e-05	
14.4206	7.18981e-05	
14.4209	7.18981e-05	
14.4212	7.18981e-05	
14.4215	7.18981e-05	
14.4218	7.18981e-05	
14.4222	7.18981e-05	
14.4225	7.18981e-05	
14.4228	7.18981e-05	
14.4231	7.18981e-05	
14.4234	7.18981e-05	
14.4237	7.18981e-05	
14.424	7.18981e-05	
14.4243	7.15256e-05	
14.4246	7.15256e-05	
14.4249	7.15256e-05	
14.4252	7.15256e-05	
14.4255	7.15256e-05	
14.4258	7.15256e-05	
14.4261	7.15256e-05	
14.4264	7.15256e-05	
14.4267	7.15256e-05	
14.427	7.15256e-05	
14.4273	7.15256e-05	
14.4277	7.15256e-05	
14.428	7.15256e-05	
14.4283	7.15256e-05	
14.4286	7.15256e-05	
14.4289	7.15256e-05	
14.4292	7.15256e-05	
14.4295	7.15256e-05	
14.4298	7.15256e-05	
14.4301	7.15256e-05	
14.4304	7.15256e-05	
14.4307	7.15256e-05	
14.431	7.15256e-05	
14.4313	7.15256e-05	
14.4316	7.15256e-05	
14.4319	7.15256e-05	
14.4322	7.15256e-05	
14.4325	7.15256e-05	
14.4328	7.15256e-05	
14.4332	7.15256e-05	
14.4335	7.15256e-05	
14.4338	7.15256e-05	
14.4341	7.15256e-05	
14.4344	7.15256e-05	
14.4347	7.15256e-05	
14.435	7.15256e-05	
14.4353	7.15256e-05	
14.4356	7.15256e-05	
14.4359	7.15256e-05	
14.4362	7.15256e-05	
14.4365	7.15256e-05	
14.4368	7.15256e-05	
14.4371	7.15256e-05	
14.4374	7.15256e-05	
14.4377	7.15256e-05	
14.438	7.15256e-05	
14.4383	7.15256e-05	
14.4387	7.15256e-05	
14.439	7.15256e-05	
14.4393	7.15256e-05	
14.4396	7.15256e-05	
14.4399	7.15256e-05	
14.4402	7.15256e-05	
14.4405	7.15256e-05	
14.4408	7.15256e-05	
14.4411	7.15256e-05	
14.4414	7.15256e-05	
14.4417	7.15256e-05	
14.442	7.15256e-05	
14.4423	7.15256e-05	
14.4426	7.15256e-05	
14.4429	7.15256e-05	
14.4432	7.15256e-05	
14.4435	7.15256e-05	
14.4438	7.15256e-05	
14.4442	7.15256e-05	
14.4445	7.15256e-05	
14.4448	7.15256e-05	
14.4451	7.15256e-05	
14.4454	7.15256e-05	
14.4457	7.15256e-05	
14.446	7.15256e-05	
14.4463	7.15256e-05	
14.4466	7.15256e-05	
14.4469	7.15256e-05	
14.4472	7.15256e-05	
14.4475	7.15256e-05	
14.4478	7.1153e-05	
14.4481	7.1153e-05	
14.4484	7.1153e-05	
14.4487	7.1153e-05	
14.449	7.1153e-05	
14.4493	7.1153e-05	
14.4497	7.1153e-05	
14.45	7.1153e-05	
14.4503	7.1153e-05	
14.4506	7.1153e-05	
14.4509	7.1153e-05	
14.4512	7.1153e-05	
14.4515	7.1153e-05	
14.4518	7.1153e-05	
14.4521	7.1153e-05	
14.4524	7.1153e-05	
14.4527	7.1153e-05	
14.453	7.1153e-05	
14.4533	7.1153e-05	
14.4536	7.1153e-05	
14.4539	7.1153e-05	
14.4542	7.1153e-05	
14.4545	7.1153e-05	
14.4548	7.1153e-05	
14.4552	7.1153e-05	
14.4555	7.1153e-05	
14.4558	7.1153e-05	
14.4561	7.1153e-05	
14.4564	7.1153e-05	
14.4567	7.1153e-05	
14.457	7.1153e-05	
14.4573	7.1153e-05	
14.4576	7.1153e-05	
14.4579	7.1153e-05	
14.4582	7.1153e-05	
14.4585	7.1153e-05	
14.4588	7.1153e-05	
14.4591	7.1153e-05	
14.4594	7.1153e-05	
14.4597	7.1153e-05	
14.46	7.1153e-05	
14.4603	7.1153e-05	
14.4607	7.1153e-05	
14.461	7.1153e-05	
14.4613	7.1153e-05	
14.4616	7.1153e-05	
14.4619	7.1153e-05	
14.4622	7.1153e-05	
14.4625	7.1153e-05	
14.4628	7.1153e-05	
14.4631	7.1153e-05	
14.4634	7.1153e-05	
14.4637	7.1153e-05	
14.464	7.1153e-05	
14.4643	7.1153e-05	
14.4646	7.1153e-05	
14.4649	7.1153e-05	
14.4652	7.1153e-05	
14.4655	7.1153e-05	
14.4658	7.1153e-05	
14.4662	7.1153e-05	
14.4665	7.1153e-05	
14.4668	7.1153e-05	
14.4671	7.1153e-05	
14.4674	7.1153e-05	
14.4677	7.1153e-05	
14.468	7.1153e-05	
14.4683	7.1153e-05	
14.4686	7.1153e-05	
14.4689	7.1153e-05	
14.4692	7.1153e-05	
14.4695	7.1153e-05	
14.4698	7.1153e-05	
14.4701	7.1153e-05	
14.4704	7.1153e-05	
14.4707	7.1153e-05	
14.471	7.1153e-05	
14.4713	7.1153e-05	
14.4717	7.07805e-05	
14.472	7.07805e-05	
14.4723	7.07805e-05	
14.4726	7.07805e-05	
14.4729	7.07805e-05	
14.4732	7.07805e-05	
14.4735	7.07805e-05	
14.4738	7.07805e-05	
14.4741	7.07805e-05	
14.4744	7.07805e-05	
14.4747	7.07805e-05	
14.475	7.07805e-05	
14.4753	7.07805e-05	
14.4756	7.07805e-05	
14.4759	7.07805e-05	
14.4762	7.07805e-05	
14.4765	7.07805e-05	
14.4768	7.07805e-05	
14.4772	7.07805e-05	
14.4775	7.07805e-05	
14.4778	7.07805e-05	
14.4781	7.07805e-05	
14.4784	7.07805e-05	
14.4787	7.07805e-05	
14.479	7.07805e-05	
14.4793	7.07805e-05	
14.4796	7.07805e-05	
14.4799	7.07805e-05	
14.4802	7.07805e-05	
14.4805	7.07805e-05	
14.4808	7.07805e-05	
14.4811	7.07805e-05	
14.4814	7.07805e-05	
14.4817	7.07805e-05	
14.482	7.07805e-05	
14.4823	7.07805e-05	
14.4827	7.07805e-05	
14.483	7.07805e-05	
14.4833	7.07805e-05	
14.4836	7.07805e-05	
14.4839	7.07805e-05	
14.4842	7.07805e-05	
14.4845	7.07805e-05	
14.4848	7.07805e-05	
14.4851	7.07805e-05	
14.4854	7.07805e-05	
14.4857	7.07805e-05	
14.486	7.07805e-05	
14.4863	7.07805e-05	
14.4866	7.07805e-05	
14.4869	7.07805e-05	
14.4872	7.07805e-05	
14.4875	7.07805e-05	
14.4879	7.07805e-05	
14.4882	7.07805e-05	
14.4885	7.07805e-05	
14.4888	7.07805e-05	
14.4891	7.07805e-05	
14.4894	7.07805e-05	
14.4897	7.07805e-05	
14.49	7.07805e-05	
14.4903	7.07805e-05	
14.4906	7.07805e-05	
14.4909	7.07805e-05	
14.4912	7.07805e-05	
14.4915	7.07805e-05	
14.4918	7.07805e-05	
14.4921	7.07805e-05	
14.4924	7.07805e-05	
14.4927	7.07805e-05	
14.493	7.07805e-05	
14.4934	7.07805e-05	
14.4937	7.07805e-05	
14.494	7.07805e-05	
14.4943	7.07805e-05	
14.4946	7.07805e-05	
14.4949	7.07805e-05	
14.4952	7.07805e-05	
14.4955	7.0408e-05	
14.4958	7.0408e-05	
14.4961	7.0408e-05	
14.4964	7.0408e-05	
14.4967	7.0408e-05	
14.497	7.0408e-05	
14.4973	7.0408e-05	
14.4976	7.0408e-05	
14.4979	7.0408e-05	
14.4982	7.0408e-05	
14.4985	7.0408e-05	
14.4989	7.0408e-05	
14.4992	7.0408e-05	
14.4995	7.0408e-05	
14.4998	7.0408e-05	
14.5001	7.0408e-05	
14.5004	7.0408e-05	
14.5007	7.0408e-05	
14.501	7.0408e-05	
14.5013	7.0408e-05	
14.5016	7.0408e-05	
14.5019	7.0408e-05	
14.5022	7.0408e-05	
14.5025	7.0408e-05	
14.5028	7.0408e-05	
14.5031	7.0408e-05	
14.5034	7.0408e-05	
14.5037	7.0408e-05	
14.504	7.0408e-05	
14.5044	7.0408e-05	
14.5047	7.0408e-05	
14.505	7.0408e-05	
14.5053	7.0408e-05	
14.5056	7.0408e-05	
14.5059	7.0408e-05	
14.5062	7.0408e-05	
14.5065	7.0408e-05	
14.5068	7.0408e-05	
14.5071	7.0408e-05	
14.5074	7.0408e-05	
14.5077	7.0408e-05	
14.508	7.0408e-05	
14.5083	7.0408e-05	
14.5086	7.0408e-05	
14.5089	7.0408e-05	
14.5092	7.0408e-05	
14.5095	7.0408e-05	
14.5099	7.0408e-05	
14.5102	7.0408e-05	
14.5105	7.0408e-05	
14.5108	7.0408e-05	
14.5111	7.0408e-05	
14.5114	7.0408e-05	
14.5117	7.0408e-05	
14.512	7.0408e-05	
14.5123	7.0408e-05	
14.5126	7.0408e-05	
14.5129	7.0408e-05	
14.5132	7.0408e-05	
14.5135	7.0408e-05	
14.5138	7.0408e-05	
14.5141	7.0408e-05	
14.5144	7.0408e-05	
14.5147	7.0408e-05	
14.515	7.0408e-05	
14.5154	7.0408e-05	
14.5157	7.0408e-05	
14.516	7.0408e-05	
14.5163	7.0408e-05	
14.5166	7.0408e-05	
14.5169	7.0408e-05	
14.5172	7.0408e-05	
14.5175	7.0408e-05	
14.5178	7.0408e-05	
14.5181	7.0408e-05	
14.5184	7.0408e-05	
14.5187	7.0408e-05	
14.519	7.0408e-05	
14.5193	7.0408e-05	
14.5196	7.00355e-05	
14.5199	7.00355e-05	
14.5202	7.00355e-05	
14.5205	7.00355e-05	
14.5209	7.00355e-05	
14.5212	7.00355e-05	
14.5215	7.00355e-05	
14.5218	7.00355e-05	
14.5221	7.00355e-05	
14.5224	7.00355e-05	
14.5227	7.00355e-05	
14.523	7.00355e-05	
14.5233	7.00355e-05	
14.5236	7.00355e-05	
14.5239	7.00355e-05	
14.5242	7.00355e-05	
14.5245	7.00355e-05	
14.5248	7.00355e-05	
14.5251	7.00355e-05	
14.5254	7.00355e-05	
14.5257	7.00355e-05	
14.526	7.00355e-05	
14.5264	7.00355e-05	
14.5267	7.00355e-05	
14.527	7.00355e-05	
14.5273	7.00355e-05	
14.5276	7.00355e-05	
14.5279	7.00355e-05	
14.5282	7.00355e-05	
14.5285	7.00355e-05	
14.5288	7.00355e-05	
14.5291	7.00355e-05	
14.5294	7.00355e-05	
14.5297	7.00355e-05	
14.53	7.00355e-05	
14.5303	7.00355e-05	
14.5306	7.00355e-05	
14.5309	7.00355e-05	
14.5312	7.00355e-05	
14.5315	7.00355e-05	
14.5319	7.00355e-05	
14.5322	7.00355e-05	
14.5325	7.00355e-05	
14.5328	7.00355e-05	
14.5331	7.00355e-05	
14.5334	7.00355e-05	
14.5337	7.00355e-05	
14.534	7.00355e-05	
14.5343	7.00355e-05	
14.5346	7.00355e-05	
14.5349	7.00355e-05	
14.5352	7.00355e-05	
14.5355	7.00355e-05	
14.5358	7.00355e-05	
14.5361	7.00355e-05	
14.5364	7.00355e-05	
14.5367	7.00355e-05	
14.537	7.00355e-05	
14.5374	7.00355e-05	
14.5377	7.00355e-05	
14.538	7.00355e-05	
14.5383	7.00355e-05	
14.5386	7.00355e-05	
14.5389	7.00355e-05	
14.5392	7.00355e-05	
14.5395	7.00355e-05	
14.5398	7.00355e-05	
14.5401	7.00355e-05	
14.5404	7.00355e-05	
14.5407	7.00355e-05	
14.541	7.00355e-05	
14.5413	7.00355e-05	
14.5416	7.00355e-05	
14.5419	7.00355e-05	
14.5422	7.00355e-05	
14.5425	7.00355e-05	
14.5429	7.00355e-05	
14.5432	7.00355e-05	
14.5435	7.00355e-05	
14.5438	7.00355e-05	
14.5441	6.96629e-05	
14.5444	6.96629e-05	
14.5447	6.96629e-05	
14.545	6.96629e-05	
14.5453	6.96629e-05	
14.5456	6.96629e-05	
14.5459	6.96629e-05	
14.5462	6.96629e-05	
14.5465	6.96629e-05	
14.5468	6.96629e-05	
14.5471	6.96629e-05	
14.5474	6.96629e-05	
14.5477	6.96629e-05	
14.548	6.96629e-05	
14.5484	6.96629e-05	
14.5487	6.96629e-05	
14.549	6.96629e-05	
14.5493	6.96629e-05	
14.5496	6.96629e-05	
14.5499	6.96629e-05	
14.5502	6.96629e-05	
14.5505	6.96629e-05	
14.5508	6.96629e-05	
14.5511	6.96629e-05	
14.5514	6.96629e-05	
14.5517	6.96629e-05	
14.552	6.96629e-05	
14.5523	6.96629e-05	
14.5526	6.96629e-05	
14.5529	6.96629e-05	
14.5532	6.96629e-05	
14.5535	6.96629e-05	
14.5539	6.96629e-05	
14.5542	6.96629e-05	
14.5545	6.96629e-05	
14.5548	6.96629e-05	
14.5551	6.96629e-05	
14.5554	6.96629e-05	
14.5557	6.96629e-05	
14.556	6.96629e-05	
14.5563	6.96629e-05	
14.5566	6.96629e-05	
14.5569	6.96629e-05	
14.5572	6.96629e-05	
14.5575	6.96629e-05	
14.5578	6.96629e-05	
14.5581	6.96629e-05	
14.5584	6.96629e-05	
14.5587	6.96629e-05	
14.559	6.96629e-05	
14.5594	6.96629e-05	
14.5597	6.96629e-05	
14.56	6.96629e-05	
14.5603	6.96629e-05	
14.5606	6.96629e-05	
14.5609	6.96629e-05	
14.5612	6.96629e-05	
14.5615	6.96629e-05	
14.5618	6.96629e-05	
14.5621	6.96629e-05	
14.5624	6.96629e-05	
14.5627	6.96629e-05	
14.563	6.96629e-05	
14.5633	6.96629e-05	
14.5636	6.96629e-05	
14.5639	6.96629e-05	
14.5642	6.96629e-05	
14.5645	6.96629e-05	
14.5649	6.96629e-05	
14.5652	6.96629e-05	
14.5655	6.96629e-05	
14.5658	6.96629e-05	
14.5661	6.96629e-05	
14.5664	6.96629e-05	
14.5667	6.96629e-05	
14.567	6.96629e-05	
14.5673	6.96629e-05	
14.5676	6.96629e-05	
14.5679	6.96629e-05	
14.5682	6.96629e-05	
14.5685	6.96629e-05	
14.5688	6.92904e-05	
14.5691	6.92904e-05	
14.5694	6.92904e-05	
14.5697	6.92904e-05	
14.57	6.92904e-05	
14.5704	6.92904e-05	
14.5707	6.92904e-05	
14.571	6.92904e-05	
14.5713	6.92904e-05	
14.5716	6.92904e-05	
14.5719	6.92904e-05	
14.5722	6.92904e-05	
14.5725	6.92904e-05	
14.5728	6.92904e-05	
14.5731	6.92904e-05	
14.5734	6.92904e-05	
14.5737	6.92904e-05	
14.574	6.92904e-05	
14.5743	6.92904e-05	
14.5746	6.92904e-05	
14.5749	6.92904e-05	
14.5752	6.92904e-05	
14.5755	6.92904e-05	
14.5759	6.92904e-05	
14.5762	6.92904e-05	
14.5765	6.92904e-05	
14.5768	6.92904e-05	
14.5771	6.92904e-05	
14.5774	6.92904e-05	
14.5777	6.92904e-05	
14.578	6.92904e-05	
14.5783	6.92904e-05	
14.5786	6.92904e-05	
14.5789	6.92904e-05	
14.5792	6.92904e-05	
14.5795	6.92904e-05	
14.5798	6.92904e-05	
14.5801	6.92904e-05	
14.5804	6.92904e-05	
14.5807	6.92904e-05	
14.581	6.92904e-05	
14.5814	6.92904e-05	
14.5817	6.92904e-05	
14.582	6.92904e-05	
14.5823	6.92904e-05	
14.5826	6.92904e-05	
14.5829	6.92904e-05	
14.5832	6.92904e-05	
14.5835	6.92904e-05	
14.5838	6.92904e-05	
14.5841	6.92904e-05	
14.5844	6.92904e-05	
14.5847	6.92904e-05	
14.585	6.92904e-05	
14.5853	6.92904e-05	
14.5856	6.92904e-05	
14.5859	6.92904e-05	
14.5862	6.92904e-05	
14.5865	6.92904e-05	
14.5869	6.92904e-05	
14.5872	6.92904e-05	
14.5875	6.92904e-05	
14.5878	6.92904e-05	
14.5881	6.92904e-05	
14.5884	6.92904e-05	
14.5887	6.92904e-05	
14.589	6.92904e-05	
14.5893	6.92904e-05	
14.5896	6.92904e-05	
14.5899	6.92904e-05	
14.5902	6.92904e-05	
14.5905	6.92904e-05	
14.5908	6.92904e-05	
14.5911	6.92904e-05	
14.5914	6.92904e-05	
14.5917	6.92904e-05	
14.592	6.92904e-05	
14.5924	6.92904e-05	
14.5927	6.92904e-05	
14.593	6.92904e-05	
14.5933	6.92904e-05	
14.5936	6.89179e-05	
14.5939	6.89179e-05	
14.5942	6.89179e-05	
14.5945	6.89179e-05	
14.5948	6.89179e-05	
14.5951	6.89179e-05	
14.5954	6.89179e-05	
14.5957	6.89179e-05	
14.596	6.89179e-05	
14.5963	6.89179e-05	
14.5966	6.89179e-05	
14.5969	6.89179e-05	
14.5972	6.89179e-05	
14.5975	6.89179e-05	
14.5979	6.89179e-05	
14.5982	6.89179e-05	
14.5985	6.89179e-05	
14.5988	6.89179e-05	
14.5991	6.89179e-05	
14.5994	6.89179e-05	
14.5997	6.89179e-05	
14.6	6.89179e-05	
14.6003	6.89179e-05	
14.6006	6.89179e-05	
14.6009	6.89179e-05	
14.6012	6.89179e-05	
14.6015	6.89179e-05	
14.6018	6.89179e-05	
14.6021	6.89179e-05	
14.6024	6.89179e-05	
14.6027	6.89179e-05	
14.603	6.89179e-05	
14.6034	6.89179e-05	
14.6037	6.89179e-05	
14.604	6.89179e-05	
14.6043	6.89179e-05	
14.6046	6.89179e-05	
14.6049	6.89179e-05	
14.6052	6.89179e-05	
14.6055	6.89179e-05	
14.6058	6.89179e-05	
14.6061	6.89179e-05	
14.6064	6.89179e-05	
14.6067	6.89179e-05	
14.607	6.89179e-05	
14.6073	6.89179e-05	
14.6076	6.89179e-05	
14.6079	6.89179e-05	
14.6082	6.89179e-05	
14.6085	6.89179e-05	
14.6089	6.89179e-05	
14.6092	6.89179e-05	
14.6095	6.89179e-05	
14.6098	6.89179e-05	
14.6101	6.89179e-05	
14.6104	6.89179e-05	
14.6107	6.89179e-05	
14.611	6.89179e-05	
14.6113	6.89179e-05	
14.6116	6.89179e-05	
14.6119	6.89179e-05	
14.6122	6.89179e-05	
14.6125	6.89179e-05	
14.6128	6.89179e-05	
14.6131	6.89179e-05	
14.6134	6.89179e-05	
14.6137	6.89179e-05	
14.614	6.89179e-05	
14.6144	6.89179e-05	
14.6147	6.89179e-05	
14.615	6.89179e-05	
14.6153	6.89179e-05	
14.6156	6.89179e-05	
14.6159	6.89179e-05	
14.6162	6.89179e-05	
14.6165	6.89179e-05	
14.6168	6.89179e-05	
14.6171	6.89179e-05	
14.6174	6.89179e-05	
14.6177	6.89179e-05	
14.618	6.89179e-05	
14.6183	6.85453e-05	
14.6186	6.85453e-05	
14.6189	6.85453e-05	
14.6192	6.85453e-05	
14.6195	6.85453e-05	
14.6199	6.85453e-05	
14.6202	6.85453e-05	
14.6205	6.85453e-05	
14.6208	6.85453e-05	
14.6211	6.85453e-05	
14.6214	6.85453e-05	
14.6217	6.85453e-05	
14.622	6.85453e-05	
14.6223	6.85453e-05	
14.6226	6.85453e-05	
14.6229	6.85453e-05	
14.6232	6.85453e-05	
14.6235	6.85453e-05	
14.6238	6.85453e-05	
14.6241	6.85453e-05	
14.6244	6.85453e-05	
14.6247	6.85453e-05	
14.625	6.85453e-05	
14.6254	6.85453e-05	
14.6257	6.85453e-05	
14.626	6.85453e-05	
14.6263	6.85453e-05	
14.6266	6.85453e-05	
14.6269	6.85453e-05	
14.6272	6.85453e-05	
14.6275	6.85453e-05	
14.6278	6.85453e-05	
14.6281	6.85453e-05	
14.6284	6.85453e-05	
14.6287	6.85453e-05	
14.629	6.85453e-05	
14.6293	6.85453e-05	
14.6296	6.85453e-05	
14.6299	6.85453e-05	
14.6302	6.85453e-05	
14.6305	6.85453e-05	
14.6309	6.85453e-05	
14.6312	6.85453e-05	
14.6315	6.85453e-05	
14.6318	6.85453e-05	
14.6321	6.85453e-05	
14.6324	6.85453e-05	
14.6327	6.85453e-05	
14.633	6.85453e-05	
14.6333	6.85453e-05	
14.6336	6.85453e-05	
14.6339	6.85453e-05	
14.6342	6.85453e-05	
14.6345	6.85453e-05	
14.6348	6.85453e-05	
14.6351	6.85453e-05	
14.6354	6.85453e-05	
14.6357	6.85453e-05	
14.636	6.85453e-05	
14.6364	6.85453e-05	
14.6367	6.85453e-05	
14.637	6.85453e-05	
14.6373	6.85453e-05	
14.6376	6.85453e-05	
14.6379	6.85453e-05	
14.6382	6.85453e-05	
14.6385	6.85453e-05	
14.6388	6.85453e-05	
14.6391	6.85453e-05	
14.6394	6.85453e-05	
14.6397	6.85453e-05	
14.64	6.85453e-05	
14.6403	6.85453e-05	
14.6406	6.85453e-05	
14.6409	6.85453e-05	
14.6412	6.85453e-05	
14.6415	6.85453e-05	
14.6419	6.85453e-05	
14.6422	6.85453e-05	
14.6425	6.85453e-05	
14.6428	6.85453e-05	
14.6431	6.85453e-05	
14.6434	6.85453e-05	
14.6437	6.81728e-05	
14.644	6.81728e-05	
14.6443	6.81728e-05	
14.6446	6.81728e-05	
14.6449	6.81728e-05	
14.6452	6.81728e-05	
14.6455	6.81728e-05	
14.6458	6.81728e-05	
14.6461	6.81728e-05	
14.6464	6.81728e-05	
14.6467	6.81728e-05	
14.647	6.81728e-05	
14.6474	6.81728e-05	
14.6477	6.81728e-05	
14.648	6.81728e-05	
14.6483	6.81728e-05	
14.6486	6.81728e-05	
14.6489	6.81728e-05	
14.6492	6.81728e-05	
14.6495	6.81728e-05	
14.6498	6.81728e-05	
14.6501	6.81728e-05	
14.6504	6.81728e-05	
14.6507	6.81728e-05	
14.651	6.81728e-05	
14.6513	6.81728e-05	
14.6516	6.81728e-05	
14.6519	6.81728e-05	
14.6522	6.81728e-05	
14.6525	6.81728e-05	
14.6529	6.81728e-05	
14.6532	6.81728e-05	
14.6535	6.81728e-05	
14.6538	6.81728e-05	
14.6541	6.81728e-05	
14.6544	6.81728e-05	
14.6547	6.81728e-05	
14.655	6.81728e-05	
14.6553	6.81728e-05	
14.6556	6.81728e-05	
14.6559	6.81728e-05	
14.6562	6.81728e-05	
14.6565	6.81728e-05	
14.6568	6.81728e-05	
14.6571	6.81728e-05	
14.6574	6.81728e-05	
14.6577	6.81728e-05	
14.6581	6.81728e-05	
14.6584	6.81728e-05	
14.6587	6.81728e-05	
14.659	6.81728e-05	
14.6593	6.81728e-05	
14.6596	6.81728e-05	
14.6599	6.81728e-05	
14.6602	6.81728e-05	
14.6605	6.81728e-05	
14.6608	6.81728e-05	
14.6611	6.81728e-05	
14.6614	6.81728e-05	
14.6617	6.81728e-05	
14.662	6.81728e-05	
14.6623	6.81728e-05	
14.6626	6.81728e-05	
14.6629	6.81728e-05	
14.6632	6.81728e-05	
14.6636	6.81728e-05	
14.6639	6.81728e-05	
14.6642	6.81728e-05	
14.6645	6.81728e-05	
14.6648	6.81728e-05	
14.6651	6.81728e-05	
14.6654	6.81728e-05	
14.6657	6.81728e-05	
14.666	6.81728e-05	
14.6663	6.81728e-05	
14.6666	6.81728e-05	
14.6669	6.81728e-05	
14.6672	6.81728e-05	
14.6675	6.81728e-05	
14.6678	6.81728e-05	
14.6681	6.81728e-05	
14.6684	6.81728e-05	
14.6687	6.81728e-05	
14.6691	6.78003e-05	
14.6694	6.78003e-05	
14.6697	6.78003e-05	
14.67	6.78003e-05	
14.6703	6.78003e-05	
14.6706	6.78003e-05	
14.6709	6.78003e-05	
14.6712	6.78003e-05	
14.6715	6.78003e-05	
14.6718	6.78003e-05	
14.6721	6.78003e-05	
14.6724	6.78003e-05	
14.6727	6.78003e-05	
14.673	6.78003e-05	
14.6733	6.78003e-05	
14.6736	6.78003e-05	
14.6739	6.78003e-05	
14.6742	6.78003e-05	
14.6746	6.78003e-05	
14.6749	6.78003e-05	
14.6752	6.78003e-05	
14.6755	6.78003e-05	
14.6758	6.78003e-05	
14.6761	6.78003e-05	
14.6764	6.78003e-05	
14.6767	6.78003e-05	
14.677	6.78003e-05	
14.6773	6.78003e-05	
14.6776	6.78003e-05	
14.6779	6.78003e-05	
14.6782	6.78003e-05	
14.6785	6.78003e-05	
14.6788	6.78003e-05	
14.6791	6.78003e-05	
14.6794	6.78003e-05	
14.6797	6.78003e-05	
14.6801	6.78003e-05	
14.6804	6.78003e-05	
14.6807	6.78003e-05	
14.681	6.78003e-05	
14.6813	6.78003e-05	
14.6816	6.78003e-05	
14.6819	6.78003e-05	
14.6822	6.78003e-05	
14.6825	6.78003e-05	
14.6828	6.78003e-05	
14.6831	6.78003e-05	
14.6834	6.78003e-05	
14.6837	6.78003e-05	
14.684	6.78003e-05	
14.6843	6.78003e-05	
14.6846	6.78003e-05	
14.6849	6.78003e-05	
14.6852	6.78003e-05	
14.6856	6.78003e-05	
14.6859	6.78003e-05	
14.6862	6.78003e-05	
14.6865	6.78003e-05	
14.6868	6.78003e-05	
14.6871	6.78003e-05	
14.6874	6.78003e-05	
14.6877	6.78003e-05	
14.688	6.78003e-05	
14.6883	6.78003e-05	
14.6886	6.78003e-05	
14.6889	6.78003e-05	
14.6892	6.78003e-05	
14.6895	6.78003e-05	
14.6898	6.78003e-05	
14.6901	6.78003e-05	
14.6904	6.78003e-05	
14.6907	6.78003e-05	
14.6911	6.78003e-05	
14.6914	6.78003e-05	
14.6917	6.78003e-05	
14.692	6.78003e-05	
14.6923	6.78003e-05	
14.6926	6.78003e-05	
14.6929	6.78003e-05	
14.6932	6.78003e-05	
14.6935	6.78003e-05	
14.6938	6.78003e-05	
14.6941	6.78003e-05	
14.6944	6.78003e-05	
14.6947	6.74278e-05	
14.695	6.74278e-05	
14.6953	6.74278e-05	
14.6956	6.74278e-05	
14.6959	6.74278e-05	
14.6962	6.74278e-05	
14.6966	6.74278e-05	
14.6969	6.74278e-05	
14.6972	6.74278e-05	
14.6975	6.74278e-05	
14.6978	6.74278e-05	
14.6981	6.74278e-05	
14.6984	6.74278e-05	
14.6987	6.74278e-05	
14.699	6.74278e-05	
14.6993	6.74278e-05	
14.6996	6.74278e-05	
14.6999	6.74278e-05	
14.7002	6.74278e-05	
14.7005	6.74278e-05	
14.7008	6.74278e-05	
14.7011	6.74278e-05	
14.7014	6.74278e-05	
14.7017	6.74278e-05	
14.7021	6.74278e-05	
14.7024	6.74278e-05	
14.7027	6.74278e-05	
14.703	6.74278e-05	
14.7033	6.74278e-05	
14.7036	6.74278e-05	
14.7039	6.74278e-05	
14.7042	6.74278e-05	
14.7045	6.74278e-05	
14.7048	6.74278e-05	
14.7051	6.74278e-05	
14.7054	6.74278e-05	
14.7057	6.74278e-05	
14.706	6.74278e-05	
14.7063	6.74278e-05	
14.7066	6.74278e-05	
14.7069	6.74278e-05	
14.7072	6.74278e-05	
14.7076	6.74278e-05	
14.7079	6.74278e-05	
14.7082	6.74278e-05	
14.7085	6.74278e-05	
14.7088	6.74278e-05	
14.7091	6.74278e-05	
14.7094	6.74278e-05	
14.7097	6.74278e-05	
14.71	6.74278e-05	
14.7103	6.74278e-05	
14.7106	6.74278e-05	
14.7109	6.74278e-05	
14.7112	6.74278e-05	
14.7115	6.74278e-05	
14.7118	6.74278e-05	
14.7121	6.74278e-05	
14.7124	6.74278e-05	
14.7127	6.74278e-05	
14.7131	6.74278e-05	
14.7134	6.74278e-05	
14.7137	6.74278e-05	
14.714	6.74278e-05	
14.7143	6.74278e-05	
14.7146	6.74278e-05	
14.7149	6.74278e-05	
14.7152	6.74278e-05	
14.7155	6.74278e-05	
14.7158	6.74278e-05	
14.7161	6.74278e-05	
14.7164	6.74278e-05	
14.7167	6.74278e-05	
14.717	6.74278e-05	
14.7173	6.74278e-05	
14.7176	6.74278e-05	
14.7179	6.74278e-05	
14.7182	6.74278e-05	
14.7186	6.74278e-05	
14.7189	6.74278e-05	
14.7192	6.74278e-05	
14.7195	6.74278e-05	
14.7198	6.74278e-05	
14.7201	6.74278e-05	
14.7204	6.70552e-05	
14.7207	6.70552e-05	
14.721	6.70552e-05	
14.7213	6.70552e-05	
14.7216	6.70552e-05	
14.7219	6.70552e-05	
14.7222	6.70552e-05	
14.7225	6.70552e-05	
14.7228	6.70552e-05	
14.7231	6.70552e-05	
14.7234	6.70552e-05	
14.7237	6.70552e-05	
14.7241	6.70552e-05	
14.7244	6.70552e-05	
14.7247	6.70552e-05	
14.725	6.70552e-05	
14.7253	6.70552e-05	
14.7256	6.70552e-05	
14.7259	6.70552e-05	
14.7262	6.70552e-05	
14.7265	6.70552e-05	
14.7268	6.70552e-05	
14.7271	6.70552e-05	
14.7274	6.70552e-05	
14.7277	6.70552e-05	
14.728	6.70552e-05	
14.7283	6.70552e-05	
14.7286	6.70552e-05	
14.7289	6.70552e-05	
14.7292	6.70552e-05	
14.7296	6.70552e-05	
14.7299	6.70552e-05	
14.7302	6.70552e-05	
14.7305	6.70552e-05	
14.7308	6.70552e-05	
14.7311	6.70552e-05	
14.7314	6.70552e-05	
14.7317	6.70552e-05	
14.732	6.70552e-05	
14.7323	6.70552e-05	
14.7326	6.70552e-05	
14.7329	6.70552e-05	
14.7332	6.70552e-05	
14.7335	6.70552e-05	
14.7338	6.70552e-05	
14.7341	6.70552e-05	
14.7344	6.70552e-05	
14.7347	6.70552e-05	
14.7351	6.70552e-05	
14.7354	6.70552e-05	
14.7357	6.70552e-05	
14.736	6.70552e-05	
14.7363	6.70552e-05	
14.7366	6.70552e-05	
14.7369	6.70552e-05	
14.7372	6.70552e-05	
14.7375	6.70552e-05	
14.7378	6.70552e-05	
14.7381	6.70552e-05	
14.7384	6.70552e-05	
14.7387	6.70552e-05	
14.739	6.70552e-05	
14.7393	6.70552e-05	
14.7396	6.70552e-05	
14.7399	6.70552e-05	
14.7402	6.70552e-05	
14.7406	6.70552e-05	
14.7409	6.70552e-05	
14.7412	6.70552e-05	
14.7415	6.70552e-05	
14.7418	6.70552e-05	
14.7421	6.70552e-05	
14.7424	6.70552e-05	
14.7427	6.70552e-05	
14.743	6.70552e-05	
14.7433	6.70552e-05	
14.7436	6.70552e-05	
14.7439	6.70552e-05	
14.7442	6.70552e-05	
14.7445	6.70552e-05	
14.7448	6.70552e-05	
14.7451	6.70552e-05	
14.7454	6.70552e-05	
14.7457	6.70552e-05	
14.7461	6.70552e-05	
14.7464	6.70552e-05	
14.7467	6.66827e-05	
14.747	6.66827e-05	
14.7473	6.66827e-05	
14.7476	6.66827e-05	
14.7479	6.66827e-05	
14.7482	6.66827e-05	
14.7485	6.66827e-05	
14.7488	6.66827e-05	
14.7491	6.66827e-05	
14.7494	6.66827e-05	
14.7497	6.66827e-05	
14.75	6.66827e-05	
14.7503	6.66827e-05	
14.7506	6.66827e-05	
14.7509	6.66827e-05	
14.7512	6.66827e-05	
14.7516	6.66827e-05	
14.7519	6.66827e-05	
14.7522	6.66827e-05	
14.7525	6.66827e-05	
14.7528	6.66827e-05	
14.7531	6.66827e-05	
14.7534	6.66827e-05	
14.7537	6.66827e-05	
14.754	6.66827e-05	
14.7543	6.66827e-05	
14.7546	6.66827e-05	
14.7549	6.66827e-05	
14.7552	6.66827e-05	
14.7555	6.66827e-05	
14.7558	6.66827e-05	
14.7561	6.66827e-05	
14.7564	6.66827e-05	
14.7567	6.66827e-05	
14.7571	6.66827e-05	
14.7574	6.66827e-05	
14.7577	6.66827e-05	
14.758	6.66827e-05	
14.7583	6.66827e-05	
14.7586	6.66827e-05	
14.7589	6.66827e-05	
14.7592	6.66827e-05	
14.7595	6.66827e-05	
14.7598	6.66827e-05	
14.7601	6.66827e-05	
14.7604	6.66827e-05	
14.7607	6.66827e-05	
14.761	6.66827e-05	
14.7613	6.66827e-05	
14.7616	6.66827e-05	
14.7619	6.66827e-05	
14.7622	6.66827e-05	
14.7626	6.66827e-05	
14.7629	6.66827e-05	
14.7632	6.66827e-05	
14.7635	6.66827e-05	
14.7638	6.66827e-05	
14.7641	6.66827e-05	
14.7644	6.66827e-05	
14.7647	6.66827e-05	
14.765	6.66827e-05	
14.7653	6.66827e-05	
14.7656	6.66827e-05	
14.7659	6.66827e-05	
14.7662	6.66827e-05	
14.7665	6.66827e-05	
14.7668	6.66827e-05	
14.7671	6.66827e-05	
14.7674	6.66827e-05	
14.7677	6.66827e-05	
14.7681	6.66827e-05	
14.7684	6.66827e-05	
14.7687	6.66827e-05	
14.769	6.66827e-05	
14.7693	6.66827e-05	
14.7696	6.66827e-05	
14.7699	6.66827e-05	
14.7702	6.66827e-05	
14.7705	6.66827e-05	
14.7708	6.66827e-05	
14.7711	6.66827e-05	
14.7714	6.66827e-05	
14.7717	6.66827e-05	
14.772	6.66827e-05	
14.7723	6.66827e-05	
14.7726	6.66827e-05	
14.7729	6.63102e-05	
14.7732	6.63102e-05	
14.7736	6.63102e-05	
14.7739	6.63102e-05	
14.7742	6.63102e-05	
14.7745	6.63102e-05	
14.7748	6.63102e-05	
14.7751	6.63102e-05	
14.7754	6.63102e-05	
14.7757	6.63102e-05	
14.776	6.63102e-05	
14.7763	6.63102e-05	
14.7766	6.63102e-05	
14.7769	6.63102e-05	
14.7772	6.63102e-05	
14.7775	6.63102e-05	
14.7778	6.63102e-05	
14.7781	6.63102e-05	
14.7784	6.63102e-05	
14.7787	6.63102e-05	
14.7791	6.63102e-05	
14.7794	6.63102e-05	
14.7797	6.63102e-05	
14.78	6.63102e-05	
14.7803	6.63102e-05	
14.7806	6.63102e-05	
14.7809	6.63102e-05	
14.7812	6.63102e-05	
14.7815	6.63102e-05	
14.7818	6.63102e-05	
14.7821	6.63102e-05	
14.7824	6.63102e-05	
14.7827	6.63102e-05	
14.783	6.63102e-05	
14.7833	6.63102e-05	
14.7836	6.63102e-05	
14.7839	6.63102e-05	
14.7842	6.63102e-05	
14.7846	6.63102e-05	
14.7849	6.63102e-05	
14.7852	6.63102e-05	
14.7855	6.63102e-05	
14.7858	6.63102e-05	
14.7861	6.63102e-05	
14.7864	6.63102e-05	
14.7867	6.63102e-05	
14.787	6.63102e-05	
14.7873	6.63102e-05	
14.7876	6.63102e-05	
14.7879	6.63102e-05	
14.7882	6.63102e-05	
14.7885	6.63102e-05	
14.7888	6.63102e-05	
14.7891	6.63102e-05	
14.7894	6.63102e-05	
14.7897	6.63102e-05	
14.7901	6.63102e-05	
14.7904	6.63102e-05	
14.7907	6.63102e-05	
14.791	6.63102e-05	
14.7913	6.63102e-05	
14.7916	6.63102e-05	
14.7919	6.63102e-05	
14.7922	6.63102e-05	
14.7925	6.63102e-05	
14.7928	6.63102e-05	
14.7931	6.63102e-05	
14.7934	6.63102e-05	
14.7937	6.63102e-05	
14.794	6.63102e-05	
14.7943	6.63102e-05	
14.7946	6.63102e-05	
14.7949	6.63102e-05	
14.7952	6.63102e-05	
14.7956	6.63102e-05	
14.7959	6.63102e-05	
14.7962	6.63102e-05	
14.7965	6.63102e-05	
14.7968	6.63102e-05	
14.7971	6.63102e-05	
14.7974	6.63102e-05	
14.7977	6.63102e-05	
14.798	6.63102e-05	
14.7983	6.63102e-05	
14.7986	6.63102e-05	
14.7989	6.59376e-05	
14.7992	6.59376e-05	
14.7995	6.59376e-05	
14.7998	6.59376e-05	
14.8001	6.59376e-05	
14.8004	6.59376e-05	
14.8007	6.59376e-05	
14.8011	6.59376e-05	
14.8014	6.59376e-05	
14.8017	6.59376e-05	
14.802	6.59376e-05	
14.8023	6.59376e-05	
14.8026	6.59376e-05	
14.8029	6.59376e-05	
14.8032	6.59376e-05	
14.8035	6.59376e-05	
14.8038	6.59376e-05	
14.8041	6.59376e-05	
14.8044	6.59376e-05	
14.8047	6.59376e-05	
14.805	6.59376e-05	
14.8053	6.59376e-05	
14.8056	6.59376e-05	
14.8059	6.59376e-05	
14.8062	6.59376e-05	
14.8066	6.59376e-05	
14.8069	6.59376e-05	
14.8072	6.59376e-05	
14.8075	6.59376e-05	
14.8078	6.59376e-05	
14.8081	6.59376e-05	
14.8084	6.59376e-05	
14.8087	6.59376e-05	
14.809	6.59376e-05	
14.8093	6.59376e-05	
14.8096	6.59376e-05	
14.8099	6.59376e-05	
14.8102	6.59376e-05	
14.8105	6.59376e-05	
14.8108	6.59376e-05	
14.8111	6.59376e-05	
14.8114	6.59376e-05	
14.8117	6.59376e-05	
14.8121	6.59376e-05	
14.8124	6.59376e-05	
14.8127	6.59376e-05	
14.813	6.59376e-05	
14.8133	6.59376e-05	
14.8136	6.59376e-05	
14.8139	6.59376e-05	
14.8142	6.59376e-05	
14.8145	6.59376e-05	
14.8148	6.59376e-05	
14.8151	6.59376e-05	
14.8154	6.59376e-05	
14.8157	6.59376e-05	
14.816	6.59376e-05	
14.8163	6.59376e-05	
14.8166	6.59376e-05	
14.8169	6.59376e-05	
14.8172	6.59376e-05	
14.8176	6.59376e-05	
14.8179	6.59376e-05	
14.8182	6.59376e-05	
14.8185	6.59376e-05	
14.8188	6.59376e-05	
14.8191	6.59376e-05	
14.8194	6.59376e-05	
14.8197	6.59376e-05	
14.82	6.59376e-05	
14.8203	6.59376e-05	
14.8206	6.59376e-05	
14.8209	6.59376e-05	
14.8212	6.59376e-05	
14.8215	6.59376e-05	
14.8218	6.59376e-05	
14.8221	6.59376e-05	
14.8224	6.59376e-05	
14.8227	6.59376e-05	
14.8231	6.59376e-05	
14.8234	6.59376e-05	
14.8237	6.59376e-05	
14.824	6.59376e-05	
14.8243	6.59376e-05	
14.8246	6.59376e-05	
14.8249	6.59376e-05	
14.8252	6.59376e-05	
14.8255	6.59376e-05	
14.8258	6.55651e-05	
14.8261	6.55651e-05	
14.8264	6.55651e-05	
14.8267	6.55651e-05	
14.827	6.55651e-05	
14.8273	6.55651e-05	
14.8276	6.55651e-05	
14.8279	6.55651e-05	
14.8283	6.55651e-05	
14.8286	6.55651e-05	
14.8289	6.55651e-05	
14.8292	6.55651e-05	
14.8295	6.55651e-05	
14.8298	6.55651e-05	
14.8301	6.55651e-05	
14.8304	6.55651e-05	
14.8307	6.55651e-05	
14.831	6.55651e-05	
14.8313	6.55651e-05	
14.8316	6.55651e-05	
14.8319	6.55651e-05	
14.8322	6.55651e-05	
14.8325	6.55651e-05	
14.8328	6.55651e-05	
14.8331	6.55651e-05	
14.8334	6.55651e-05	
14.8338	6.55651e-05	
14.8341	6.55651e-05	
14.8344	6.55651e-05	
14.8347	6.55651e-05	
14.835	6.55651e-05	
14.8353	6.55651e-05	
14.8356	6.55651e-05	
14.8359	6.55651e-05	
14.8362	6.55651e-05	
14.8365	6.55651e-05	
14.8368	6.55651e-05	
14.8371	6.55651e-05	
14.8374	6.55651e-05	
14.8377	6.55651e-05	
14.838	6.55651e-05	
14.8383	6.55651e-05	
14.8386	6.55651e-05	
14.8389	6.55651e-05	
14.8393	6.55651e-05	
14.8396	6.55651e-05	
14.8399	6.55651e-05	
14.8402	6.55651e-05	
14.8405	6.55651e-05	
14.8408	6.55651e-05	
14.8411	6.55651e-05	
14.8414	6.55651e-05	
14.8417	6.55651e-05	
14.842	6.55651e-05	
14.8423	6.55651e-05	
14.8426	6.55651e-05	
14.8429	6.55651e-05	
14.8432	6.55651e-05	
14.8435	6.55651e-05	
14.8438	6.55651e-05	
14.8441	6.55651e-05	
14.8444	6.55651e-05	
14.8448	6.55651e-05	
14.8451	6.55651e-05	
14.8454	6.55651e-05	
14.8457	6.55651e-05	
14.846	6.55651e-05	
14.8463	6.55651e-05	
14.8466	6.55651e-05	
14.8469	6.55651e-05	
14.8472	6.55651e-05	
14.8475	6.55651e-05	
14.8478	6.55651e-05	
14.8481	6.55651e-05	
14.8484	6.55651e-05	
14.8487	6.55651e-05	
14.849	6.55651e-05	
14.8493	6.55651e-05	
14.8496	6.55651e-05	
14.8499	6.55651e-05	
14.8503	6.55651e-05	
14.8506	6.55651e-05	
14.8509	6.55651e-05	
14.8512	6.55651e-05	
14.8515	6.55651e-05	
14.8518	6.55651e-05	
14.8521	6.55651e-05	
14.8524	6.55651e-05	
14.8527	6.51926e-05	
14.853	6.51926e-05	
14.8533	6.51926e-05	
14.8536	6.51926e-05	
14.8539	6.51926e-05	
14.8542	6.51926e-05	
14.8545	6.51926e-05	
14.8548	6.51926e-05	
14.8551	6.51926e-05	
14.8554	6.51926e-05	
14.8558	6.51926e-05	
14.8561	6.51926e-05	
14.8564	6.51926e-05	
14.8567	6.51926e-05	
14.857	6.51926e-05	
14.8573	6.51926e-05	
14.8576	6.51926e-05	
14.8579	6.51926e-05	
14.8582	6.51926e-05	
14.8585	6.51926e-05	
14.8588	6.51926e-05	
14.8591	6.51926e-05	
14.8594	6.51926e-05	
14.8597	6.51926e-05	
14.86	6.51926e-05	
14.8603	6.51926e-05	
14.8606	6.51926e-05	
14.8609	6.51926e-05	
14.8613	6.51926e-05	
14.8616	6.51926e-05	
14.8619	6.51926e-05	
14.8622	6.51926e-05	
14.8625	6.51926e-05	
14.8628	6.51926e-05	
14.8631	6.51926e-05	
14.8634	6.51926e-05	
14.8637	6.51926e-05	
14.864	6.51926e-05	
14.8643	6.51926e-05	
14.8646	6.51926e-05	
14.8649	6.51926e-05	
14.8652	6.51926e-05	
14.8655	6.51926e-05	
14.8658	6.51926e-05	
14.8661	6.51926e-05	
14.8664	6.51926e-05	
14.8668	6.51926e-05	
14.8671	6.51926e-05	
14.8674	6.51926e-05	
14.8677	6.51926e-05	
14.868	6.51926e-05	
14.8683	6.51926e-05	
14.8686	6.51926e-05	
14.8689	6.51926e-05	
14.8692	6.51926e-05	
14.8695	6.51926e-05	
14.8698	6.51926e-05	
14.8701	6.51926e-05	
14.8704	6.51926e-05	
14.8707	6.51926e-05	
14.871	6.51926e-05	
14.8713	6.51926e-05	
14.8716	6.51926e-05	
14.8719	6.51926e-05	
14.8723	6.51926e-05	
14.8726	6.51926e-05	
14.8729	6.51926e-05	
14.8732	6.51926e-05	
14.8735	6.51926e-05	
14.8738	6.51926e-05	
14.8741	6.51926e-05	
14.8744	6.51926e-05	
14.8747	6.51926e-05	
14.875	6.51926e-05	
14.8753	6.51926e-05	
14.8756	6.51926e-05	
14.8759	6.51926e-05	
14.8762	6.51926e-05	
14.8765	6.51926e-05	
14.8768	6.51926e-05	
14.8771	6.51926e-05	
14.8774	6.51926e-05	
14.8778	6.51926e-05	
14.8781	6.51926e-05	
14.8784	6.51926e-05	
14.8787	6.51926e-05	
14.879	6.51926e-05	
14.8793	6.51926e-05	
14.8796	6.51926e-05	
14.8799	6.48201e-05	
14.8802	6.48201e-05	
14.8805	6.48201e-05	
14.8808	6.48201e-05	
14.8811	6.48201e-05	
14.8814	6.48201e-05	
14.8817	6.48201e-05	
14.882	6.48201e-05	
14.8823	6.48201e-05	
14.8826	6.48201e-05	
14.8829	6.48201e-05	
14.8833	6.48201e-05	
14.8836	6.48201e-05	
14.8839	6.48201e-05	
14.8842	6.48201e-05	
14.8845	6.48201e-05	
14.8848	6.48201e-05	
14.8851	6.48201e-05	
14.8854	6.48201e-05	
14.8857	6.48201e-05	
14.886	6.48201e-05	
14.8863	6.48201e-05	
14.8866	6.48201e-05	
14.8869	6.48201e-05	
14.8872	6.48201e-05	
14.8875	6.48201e-05	
14.8878	6.48201e-05	
14.8881	6.48201e-05	
14.8884	6.48201e-05	
14.8888	6.48201e-05	
14.8891	6.48201e-05	
14.8894	6.48201e-05	
14.8897	6.48201e-05	
14.89	6.48201e-05	
14.8903	6.48201e-05	
14.8906	6.48201e-05	
14.8909	6.48201e-05	
14.8912	6.48201e-05	
14.8915	6.48201e-05	
14.8918	6.48201e-05	
14.8921	6.48201e-05	
14.8924	6.48201e-05	
14.8927	6.48201e-05	
14.893	6.48201e-05	
14.8933	6.48201e-05	
14.8936	6.48201e-05	
14.8939	6.48201e-05	
14.8943	6.48201e-05	
14.8946	6.48201e-05	
14.8949	6.48201e-05	
14.8952	6.48201e-05	
14.8955	6.48201e-05	
14.8958	6.48201e-05	
14.8961	6.48201e-05	
14.8964	6.48201e-05	
14.8967	6.48201e-05	
14.897	6.48201e-05	
14.8973	6.48201e-05	
14.8976	6.48201e-05	
14.8979	6.48201e-05	
14.8982	6.48201e-05	
14.8985	6.48201e-05	
14.8988	6.48201e-05	
14.8991	6.48201e-05	
14.8994	6.48201e-05	
14.8998	6.48201e-05	
14.9001	6.48201e-05	
14.9004	6.48201e-05	
14.9007	6.48201e-05	
14.901	6.48201e-05	
14.9013	6.48201e-05	
14.9016	6.48201e-05	
14.9019	6.48201e-05	
14.9022	6.48201e-05	
14.9025	6.48201e-05	
14.9028	6.48201e-05	
14.9031	6.48201e-05	
14.9034	6.48201e-05	
14.9037	6.48201e-05	
14.904	6.48201e-05	
14.9043	6.48201e-05	
14.9046	6.48201e-05	
14.9049	6.48201e-05	
14.9053	6.48201e-05	
14.9056	6.48201e-05	
14.9059	6.48201e-05	
14.9062	6.48201e-05	
14.9065	6.48201e-05	
14.9068	6.48201e-05	
14.9071	6.48201e-05	
14.9074	6.44475e-05	
14.9077	6.44475e-05	
14.908	6.44475e-05	
14.9083	6.44475e-05	
14.9086	6.44475e-05	
14.9089	6.44475e-05	
14.9092	6.44475e-05	
14.9095	6.44475e-05	
14.9098	6.44475e-05	
14.9101	6.44475e-05	
14.9104	6.44475e-05	
14.9108	6.44475e-05	
14.9111	6.44475e-05	
14.9114	6.44475e-05	
14.9117	6.44475e-05	
14.912	6.44475e-05	
14.9123	6.44475e-05	
14.9126	6.44475e-05	
14.9129	6.44475e-05	
14.9132	6.44475e-05	
14.9135	6.44475e-05	
14.9138	6.44475e-05	
14.9141	6.44475e-05	
14.9144	6.44475e-05	
14.9147	6.44475e-05	
14.915	6.44475e-05	
14.9153	6.44475e-05	
14.9156	6.44475e-05	
14.9159	6.44475e-05	
14.9163	6.44475e-05	
14.9166	6.44475e-05	
14.9169	6.44475e-05	
14.9172	6.44475e-05	
14.9175	6.44475e-05	
14.9178	6.44475e-05	
14.9181	6.44475e-05	
14.9184	6.44475e-05	
14.9187	6.44475e-05	
14.919	6.44475e-05	
14.9193	6.44475e-05	
14.9196	6.44475e-05	
14.9199	6.44475e-05	
14.9202	6.44475e-05	
14.9205	6.44475e-05	
14.9208	6.44475e-05	
14.9211	6.44475e-05	
14.9214	6.44475e-05	
14.9218	6.44475e-05	
14.9221	6.44475e-05	
14.9224	6.44475e-05	
14.9227	6.44475e-05	
14.923	6.44475e-05	
14.9233	6.44475e-05	
14.9236	6.44475e-05	
14.9239	6.44475e-05	
14.9242	6.44475e-05	
14.9245	6.44475e-05	
14.9248	6.44475e-05	
14.9251	6.44475e-05	
14.9254	6.44475e-05	
14.9257	6.44475e-05	
14.926	6.44475e-05	
14.9263	6.44475e-05	
14.9266	6.44475e-05	
14.9269	6.44475e-05	
14.9273	6.44475e-05	
14.9276	6.44475e-05	
14.9279	6.44475e-05	
14.9282	6.44475e-05	
14.9285	6.44475e-05	
14.9288	6.44475e-05	
14.9291	6.44475e-05	
14.9294	6.44475e-05	
14.9297	6.44475e-05	
14.93	6.44475e-05	
14.9303	6.44475e-05	
14.9306	6.44475e-05	
14.9309	6.44475e-05	
14.9312	6.44475e-05	
14.9315	6.44475e-05	
14.9318	6.44475e-05	
14.9321	6.44475e-05	
14.9324	6.44475e-05	
14.9328	6.44475e-05	
14.9331	6.44475e-05	
14.9334	6.44475e-05	
14.9337	6.44475e-05	
14.934	6.44475e-05	
14.9343	6.44475e-05	
14.9346	6.44475e-05	
14.9349	6.4075e-05	
14.9352	6.4075e-05	
14.9355	6.4075e-05	
14.9358	6.4075e-05	
14.9361	6.4075e-05	
14.9364	6.4075e-05	
14.9367	6.4075e-05	
14.937	6.4075e-05	
14.9373	6.4075e-05	
14.9376	6.4075e-05	
14.9379	6.4075e-05	
14.9383	6.4075e-05	
14.9386	6.4075e-05	
14.9389	6.4075e-05	
14.9392	6.4075e-05	
14.9395	6.4075e-05	
14.9398	6.4075e-05	
14.9401	6.4075e-05	
14.9404	6.4075e-05	
14.9407	6.4075e-05	
14.941	6.4075e-05	
14.9413	6.4075e-05	
14.9416	6.4075e-05	
14.9419	6.4075e-05	
14.9422	6.4075e-05	
14.9425	6.4075e-05	
14.9428	6.4075e-05	
14.9431	6.4075e-05	
14.9434	6.4075e-05	
14.9438	6.4075e-05	
14.9441	6.4075e-05	
14.9444	6.4075e-05	
14.9447	6.4075e-05	
14.945	6.4075e-05	
14.9453	6.4075e-05	
14.9456	6.4075e-05	
14.9459	6.4075e-05	
14.9462	6.4075e-05	
14.9465	6.4075e-05	
14.9468	6.4075e-05	
14.9471	6.4075e-05	
14.9474	6.4075e-05	
14.9477	6.4075e-05	
14.948	6.4075e-05	
14.9483	6.4075e-05	
14.9486	6.4075e-05	
14.9489	6.4075e-05	
14.9493	6.4075e-05	
14.9496	6.4075e-05	
14.9499	6.4075e-05	
14.9502	6.4075e-05	
14.9505	6.4075e-05	
14.9508	6.4075e-05	
14.9511	6.4075e-05	
14.9514	6.4075e-05	
14.9517	6.4075e-05	
14.952	6.4075e-05	
14.9523	6.4075e-05	
14.9526	6.4075e-05	
14.9529	6.4075e-05	
14.9532	6.4075e-05	
14.9535	6.4075e-05	
14.9538	6.4075e-05	
14.9541	6.4075e-05	
14.9544	6.4075e-05	
14.9548	6.4075e-05	
14.9551	6.4075e-05	
14.9554	6.4075e-05	
14.9557	6.4075e-05	
14.956	6.4075e-05	
14.9563	6.4075e-05	
14.9566	6.4075e-05	
14.9569	6.4075e-05	
14.9572	6.4075e-05	
14.9575	6.4075e-05	
14.9578	6.4075e-05	
14.9581	6.4075e-05	
14.9584	6.4075e-05	
14.9587	6.4075e-05	
14.959	6.4075e-05	
14.9593	6.4075e-05	
14.9596	6.4075e-05	
14.9599	6.4075e-05	
14.9603	6.4075e-05	
14.9606	6.4075e-05	
14.9609	6.4075e-05	
14.9612	6.4075e-05	
14.9615	6.4075e-05	
14.9618	6.4075e-05	
14.9621	6.4075e-05	
14.9624	6.4075e-05	
14.9627	6.4075e-05	
14.963	6.37025e-05	
14.9633	6.37025e-05	
14.9636	6.37025e-05	
14.9639	6.37025e-05	
14.9642	6.37025e-05	
14.9645	6.37025e-05	
14.9648	6.37025e-05	
14.9651	6.37025e-05	
14.9654	6.37025e-05	
14.9658	6.37025e-05	
14.9661	6.37025e-05	
14.9664	6.37025e-05	
14.9667	6.37025e-05	
14.967	6.37025e-05	
14.9673	6.37025e-05	
14.9676	6.37025e-05	
14.9679	6.37025e-05	
14.9682	6.37025e-05	
14.9685	6.37025e-05	
14.9688	6.37025e-05	
14.9691	6.37025e-05	
14.9694	6.37025e-05	
14.9697	6.37025e-05	
14.97	6.37025e-05	
14.9703	6.37025e-05	
14.9706	6.37025e-05	
14.9709	6.37025e-05	
14.9713	6.37025e-05	
14.9716	6.37025e-05	
14.9719	6.37025e-05	
14.9722	6.37025e-05	
14.9725	6.37025e-05	
14.9728	6.37025e-05	
14.9731	6.37025e-05	
14.9734	6.37025e-05	
14.9737	6.37025e-05	
14.974	6.37025e-05	
14.9743	6.37025e-05	
14.9746	6.37025e-05	
14.9749	6.37025e-05	
14.9752	6.37025e-05	
14.9755	6.37025e-05	
14.9758	6.37025e-05	
14.9761	6.37025e-05	
14.9764	6.37025e-05	
14.9768	6.37025e-05	
14.9771	6.37025e-05	
14.9774	6.37025e-05	
14.9777	6.37025e-05	
14.978	6.37025e-05	
14.9783	6.37025e-05	
14.9786	6.37025e-05	
14.9789	6.37025e-05	
14.9792	6.37025e-05	
14.9795	6.37025e-05	
14.9798	6.37025e-05	
14.9801	6.37025e-05	
14.9804	6.37025e-05	
14.9807	6.37025e-05	
14.981	6.37025e-05	
14.9813	6.37025e-05	
14.9816	6.37025e-05	
14.9819	6.37025e-05	
14.9823	6.37025e-05	
14.9826	6.37025e-05	
14.9829	6.37025e-05	
14.9832	6.37025e-05	
14.9835	6.37025e-05	
14.9838	6.37025e-05	
14.9841	6.37025e-05	
14.9844	6.37025e-05	
14.9847	6.37025e-05	
14.985	6.37025e-05	
14.9853	6.37025e-05	
14.9856	6.37025e-05	
14.9859	6.37025e-05	
14.9862	6.37025e-05	
14.9865	6.37025e-05	
14.9868	6.37025e-05	
14.9871	6.37025e-05	
14.9874	6.37025e-05	
14.9878	6.37025e-05	
14.9881	6.37025e-05	
14.9884	6.37025e-05	
14.9887	6.37025e-05	
14.989	6.37025e-05	
14.9893	6.37025e-05	
14.9896	6.37025e-05	
14.9899	6.37025e-05	
14.9902	6.37025e-05	
14.9905	6.37025e-05	
14.9908	6.37025e-05	
14.9911	6.33299e-05	
14.9914	6.33299e-05	
14.9917	6.33299e-05	
14.992	6.33299e-05	
14.9923	6.33299e-05	
14.9926	6.33299e-05	
14.9929	6.33299e-05	
14.9933	6.33299e-05	
14.9936	6.33299e-05	
14.9939	6.33299e-05	
14.9942	6.33299e-05	
14.9945	6.33299e-05	
14.9948	6.33299e-05	
14.9951	6.33299e-05	
14.9954	6.33299e-05	
14.9957	6.33299e-05	
14.996	6.33299e-05	
14.9963	6.33299e-05	
14.9966	6.33299e-05	
14.9969	6.33299e-05	
14.9972	6.33299e-05	
14.9975	6.33299e-05	
14.9978	6.33299e-05	
14.9981	6.33299e-05	
14.9985	6.33299e-05	
14.9988	6.33299e-05	
14.9991	6.33299e-05	
14.9994	6.33299e-05	
14.9997	6.33299e-05	
15	6.33299e-05	
15.0003	6.33299e-05	
15.0006	6.33299e-05	
15.0009	6.33299e-05	
15.0012	6.33299e-05	
15.0015	6.33299e-05	
15.0018	6.33299e-05	
15.0021	6.33299e-05	
15.0024	6.33299e-05	
15.0027	6.33299e-05	
15.003	6.33299e-05	
15.0033	6.33299e-05	
15.0036	6.33299e-05	
15.004	6.33299e-05	
15.0043	6.33299e-05	
15.0046	6.33299e-05	
15.0049	6.33299e-05	
15.0052	6.33299e-05	
15.0055	6.33299e-05	
15.0058	6.33299e-05	
15.0061	6.33299e-05	
15.0064	6.33299e-05	
15.0067	6.33299e-05	
15.007	6.33299e-05	
15.0073	6.33299e-05	
15.0076	6.33299e-05	
15.0079	6.33299e-05	
15.0082	6.33299e-05	
15.0085	6.33299e-05	
15.0088	6.33299e-05	
15.0091	6.33299e-05	
15.0095	6.33299e-05	
15.0098	6.33299e-05	
15.0101	6.33299e-05	
15.0104	6.33299e-05	
15.0107	6.33299e-05	
15.011	6.33299e-05	
15.0113	6.33299e-05	
15.0116	6.33299e-05	
15.0119	6.33299e-05	
15.0122	6.33299e-05	
15.0125	6.33299e-05	
15.0128	6.33299e-05	
15.0131	6.33299e-05	
15.0134	6.33299e-05	
15.0137	6.33299e-05	
15.014	6.33299e-05	
15.0143	6.33299e-05	
15.0146	6.33299e-05	
15.015	6.33299e-05	
15.0153	6.33299e-05	
15.0156	6.33299e-05	
15.0159	6.33299e-05	
15.0162	6.33299e-05	
15.0165	6.33299e-05	
15.0168	6.33299e-05	
15.0171	6.33299e-05	
15.0174	6.33299e-05	
15.0177	6.33299e-05	
15.018	6.33299e-05	
15.0183	6.33299e-05	
15.0186	6.33299e-05	
15.0189	6.33299e-05	
15.0192	6.33299e-05	
15.0195	6.29574e-05	
15.0198	6.29574e-05	
15.0201	6.29574e-05	
15.0205	6.29574e-05	
15.0208	6.29574e-05	
15.0211	6.29574e-05	
15.0214	6.29574e-05	
15.0217	6.29574e-05	
15.022	6.29574e-05	
15.0223	6.29574e-05	
15.0226	6.29574e-05	
15.0229	6.29574e-05	
15.0232	6.29574e-05	
15.0235	6.29574e-05	
15.0238	6.29574e-05	
15.0241	6.29574e-05	
15.0244	6.29574e-05	
15.0247	6.29574e-05	
15.025	6.29574e-05	
15.0253	6.29574e-05	
15.0256	6.29574e-05	
15.026	6.29574e-05	
15.0263	6.29574e-05	
15.0266	6.29574e-05	
15.0269	6.29574e-05	
15.0272	6.29574e-05	
15.0275	6.29574e-05	
15.0278	6.29574e-05	
15.0281	6.29574e-05	
15.0284	6.29574e-05	
15.0287	6.29574e-05	
15.029	6.29574e-05	
15.0293	6.29574e-05	
15.0296	6.29574e-05	
15.0299	6.29574e-05	
15.0302	6.29574e-05	
15.0305	6.29574e-05	
15.0308	6.29574e-05	
15.0311	6.29574e-05	
15.0315	6.29574e-05	
15.0318	6.29574e-05	
15.0321	6.29574e-05	
15.0324	6.29574e-05	
15.0327	6.29574e-05	
15.033	6.29574e-05	
15.0333	6.29574e-05	
15.0336	6.29574e-05	
15.0339	6.29574e-05	
15.0342	6.29574e-05	
15.0345	6.29574e-05	
15.0348	6.29574e-05	
15.0351	6.29574e-05	
15.0354	6.29574e-05	
15.0357	6.29574e-05	
15.036	6.29574e-05	
15.0363	6.29574e-05	
15.0366	6.29574e-05	
15.037	6.29574e-05	
15.0373	6.29574e-05	
15.0376	6.29574e-05	
15.0379	6.29574e-05	
15.0382	6.29574e-05	
15.0385	6.29574e-05	
15.0388	6.29574e-05	
15.0391	6.29574e-05	
15.0394	6.29574e-05	
15.0397	6.29574e-05	
15.04	6.29574e-05	
15.0403	6.29574e-05	
15.0406	6.29574e-05	
15.0409	6.29574e-05	
15.0412	6.29574e-05	
15.0415	6.29574e-05	
15.0418	6.29574e-05	
15.0421	6.29574e-05	
15.0425	6.29574e-05	
15.0428	6.29574e-05	
15.0431	6.29574e-05	
15.0434	6.29574e-05	
15.0437	6.29574e-05	
15.044	6.29574e-05	
15.0443	6.29574e-05	
15.0446	6.29574e-05	
15.0449	6.29574e-05	
15.0452	6.29574e-05	
15.0455	6.29574e-05	
15.0458	6.29574e-05	
15.0461	6.29574e-05	
15.0464	6.29574e-05	
15.0467	6.29574e-05	
15.047	6.29574e-05	
15.0473	6.29574e-05	
15.0476	6.29574e-05	
15.048	6.29574e-05	
15.0483	6.25849e-05	
15.0486	6.25849e-05	
15.0489	6.25849e-05	
15.0492	6.25849e-05	
15.0495	6.25849e-05	
15.0498	6.25849e-05	
15.0501	6.25849e-05	
15.0504	6.25849e-05	
15.0507	6.25849e-05	
15.051	6.25849e-05	
15.0513	6.25849e-05	
15.0516	6.25849e-05	
15.0519	6.25849e-05	
15.0522	6.25849e-05	
15.0525	6.25849e-05	
15.0528	6.25849e-05	
15.0531	6.25849e-05	
15.0535	6.25849e-05	
15.0538	6.25849e-05	
15.0541	6.25849e-05	
15.0544	6.25849e-05	
15.0547	6.25849e-05	
15.055	6.25849e-05	
15.0553	6.25849e-05	
15.0556	6.25849e-05	
15.0559	6.25849e-05	
15.0562	6.25849e-05	
15.0565	6.25849e-05	
15.0568	6.25849e-05	
15.0571	6.25849e-05	
15.0574	6.25849e-05	
15.0577	6.25849e-05	
15.058	6.25849e-05	
15.0583	6.25849e-05	
15.0586	6.25849e-05	
15.059	6.25849e-05	
15.0593	6.25849e-05	
15.0596	6.25849e-05	
15.0599	6.25849e-05	
15.0602	6.25849e-05	
15.0605	6.25849e-05	
15.0608	6.25849e-05	
15.0611	6.25849e-05	
15.0614	6.25849e-05	
15.0617	6.25849e-05	
15.062	6.25849e-05	
15.0623	6.25849e-05	
15.0626	6.25849e-05	
15.0629	6.25849e-05	
15.0632	6.25849e-05	
15.0635	6.25849e-05	
15.0638	6.25849e-05	
15.0641	6.25849e-05	
15.0645	6.25849e-05	
15.0648	6.25849e-05	
15.0651	6.25849e-05	
15.0654	6.25849e-05	
15.0657	6.25849e-05	
15.066	6.25849e-05	
15.0663	6.25849e-05	
15.0666	6.25849e-05	
15.0669	6.25849e-05	
15.0672	6.25849e-05	
15.0675	6.25849e-05	
15.0678	6.25849e-05	
15.0681	6.25849e-05	
15.0684	6.25849e-05	
15.0687	6.25849e-05	
15.069	6.25849e-05	
15.0693	6.25849e-05	
15.0696	6.25849e-05	
15.07	6.25849e-05	
15.0703	6.25849e-05	
15.0706	6.25849e-05	
15.0709	6.25849e-05	
15.0712	6.25849e-05	
15.0715	6.25849e-05	
15.0718	6.25849e-05	
15.0721	6.25849e-05	
15.0724	6.25849e-05	
15.0727	6.25849e-05	
15.073	6.25849e-05	
15.0733	6.25849e-05	
15.0736	6.25849e-05	
15.0739	6.25849e-05	
15.0742	6.25849e-05	
15.0745	6.25849e-05	
15.0748	6.25849e-05	
15.0751	6.25849e-05	
15.0755	6.25849e-05	
15.0758	6.25849e-05	
15.0761	6.25849e-05	
15.0764	6.25849e-05	
15.0767	6.25849e-05	
15.077	6.25849e-05	
15.0773	6.22123e-05	
15.0776	6.22123e-05	
15.0779	6.22123e-05	
15.0782	6.22123e-05	
15.0785	6.22123e-05	
15.0788	6.22123e-05	
15.0791	6.22123e-05	
15.0794	6.22123e-05	
15.0797	6.22123e-05	
15.08	6.22123e-05	
15.0803	6.22123e-05	
15.0806	6.22123e-05	
15.081	6.22123e-05	
15.0813	6.22123e-05	
15.0816	6.22123e-05	
15.0819	6.22123e-05	
15.0822	6.22123e-05	
15.0825	6.22123e-05	
15.0828	6.22123e-05	
15.0831	6.22123e-05	
15.0834	6.22123e-05	
15.0837	6.22123e-05	
15.084	6.22123e-05	
15.0843	6.22123e-05	
15.0846	6.22123e-05	
15.0849	6.22123e-05	
15.0852	6.22123e-05	
15.0855	6.22123e-05	
15.0858	6.22123e-05	
15.0861	6.22123e-05	
15.0865	6.22123e-05	
15.0868	6.22123e-05	
15.0871	6.22123e-05	
15.0874	6.22123e-05	
15.0877	6.22123e-05	
15.088	6.22123e-05	
15.0883	6.22123e-05	
15.0886	6.22123e-05	
15.0889	6.22123e-05	
15.0892	6.22123e-05	
15.0895	6.22123e-05	
15.0898	6.22123e-05	
15.0901	6.22123e-05	
15.0904	6.22123e-05	
15.0907	6.22123e-05	
15.091	6.22123e-05	
15.0913	6.22123e-05	
15.0916	6.22123e-05	
15.092	6.22123e-05	
15.0923	6.22123e-05	
15.0926	6.22123e-05	
15.0929	6.22123e-05	
15.0932	6.22123e-05	
15.0935	6.22123e-05	
15.0938	6.22123e-05	
15.0941	6.22123e-05	
15.0944	6.22123e-05	
15.0947	6.22123e-05	
15.095	6.22123e-05	
15.0953	6.22123e-05	
15.0956	6.22123e-05	
15.0959	6.22123e-05	
15.0962	6.22123e-05	
15.0965	6.22123e-05	
15.0968	6.22123e-05	
15.0971	6.22123e-05	
15.0975	6.22123e-05	
15.0978	6.22123e-05	
15.0981	6.22123e-05	
15.0984	6.22123e-05	
15.0987	6.22123e-05	
15.099	6.22123e-05	
15.0993	6.22123e-05	
15.0996	6.22123e-05	
15.0999	6.22123e-05	
15.1002	6.22123e-05	
15.1005	6.22123e-05	
15.1008	6.22123e-05	
15.1011	6.22123e-05	
15.1014	6.22123e-05	
15.1017	6.22123e-05	
15.102	6.22123e-05	
15.1023	6.22123e-05	
15.1026	6.22123e-05	
15.103	6.22123e-05	
15.1033	6.22123e-05	
15.1036	6.22123e-05	
15.1039	6.22123e-05	
15.1042	6.22123e-05	
15.1045	6.22123e-05	
15.1048	6.22123e-05	
15.1051	6.22123e-05	
15.1054	6.22123e-05	
15.1057	6.22123e-05	
15.106	6.22123e-05	
15.1063	6.18398e-05	
15.1066	6.18398e-05	
15.1069	6.18398e-05	
15.1072	6.18398e-05	
15.1075	6.18398e-05	
15.1078	6.18398e-05	
15.1081	6.18398e-05	
15.1085	6.18398e-05	
15.1088	6.18398e-05	
15.1091	6.18398e-05	
15.1094	6.18398e-05	
15.1097	6.18398e-05	
15.11	6.18398e-05	
15.1103	6.18398e-05	
15.1106	6.18398e-05	
15.1109	6.18398e-05	
15.1112	6.18398e-05	
15.1115	6.18398e-05	
15.1118	6.18398e-05	
15.1121	6.18398e-05	
15.1124	6.18398e-05	
15.1127	6.18398e-05	
15.113	6.18398e-05	
15.1133	6.18398e-05	
15.1136	6.18398e-05	
15.114	6.18398e-05	
15.1143	6.18398e-05	
15.1146	6.18398e-05	
15.1149	6.18398e-05	
15.1152	6.18398e-05	
15.1155	6.18398e-05	
15.1158	6.18398e-05	
15.1161	6.18398e-05	
15.1164	6.18398e-05	
15.1167	6.18398e-05	
15.117	6.18398e-05	
15.1173	6.18398e-05	
15.1176	6.18398e-05	
15.1179	6.18398e-05	
15.1182	6.18398e-05	
15.1185	6.18398e-05	
15.1188	6.18398e-05	
15.1191	6.18398e-05	
15.1195	6.18398e-05	
15.1198	6.18398e-05	
15.1201	6.18398e-05	
15.1204	6.18398e-05	
15.1207	6.18398e-05	
15.121	6.18398e-05	
15.1213	6.18398e-05	
15.1216	6.18398e-05	
15.1219	6.18398e-05	
15.1222	6.18398e-05	
15.1225	6.18398e-05	
15.1228	6.18398e-05	
15.1231	6.18398e-05	
15.1234	6.18398e-05	
15.1237	6.18398e-05	
15.124	6.18398e-05	
15.1243	6.18398e-05	
15.1246	6.18398e-05	
15.125	6.18398e-05	
15.1253	6.18398e-05	
15.1256	6.18398e-05	
15.1259	6.18398e-05	
15.1262	6.18398e-05	
15.1265	6.18398e-05	
15.1268	6.18398e-05	
15.1271	6.18398e-05	
15.1274	6.18398e-05	
15.1277	6.18398e-05	
15.128	6.18398e-05	
15.1283	6.18398e-05	
15.1286	6.18398e-05	
15.1289	6.18398e-05	
15.1292	6.18398e-05	
15.1295	6.18398e-05	
15.1298	6.18398e-05	
15.1301	6.18398e-05	
15.1305	6.18398e-05	
15.1308	6.18398e-05	
15.1311	6.18398e-05	
15.1314	6.18398e-05	
15.1317	6.18398e-05	
15.132	6.18398e-05	
15.1323	6.18398e-05	
15.1326	6.18398e-05	
15.1329	6.18398e-05	
15.1332	6.18398e-05	
15.1335	6.18398e-05	
15.1338	6.18398e-05	
15.1341	6.18398e-05	
15.1344	6.18398e-05	
15.1347	6.18398e-05	
15.135	6.18398e-05	
15.1353	6.18398e-05	
15.1356	6.18398e-05	
15.136	6.14673e-05	
15.1363	6.14673e-05	
15.1366	6.14673e-05	
15.1369	6.14673e-05	
15.1372	6.14673e-05	
15.1375	6.14673e-05	
15.1378	6.14673e-05	
15.1381	6.14673e-05	
15.1384	6.14673e-05	
15.1387	6.14673e-05	
15.139	6.14673e-05	
15.1393	6.14673e-05	
15.1396	6.14673e-05	
15.1399	6.14673e-05	
15.1402	6.14673e-05	
15.1405	6.14673e-05	
15.1408	6.14673e-05	
15.1411	6.14673e-05	
15.1415	6.14673e-05	
15.1418	6.14673e-05	
15.1421	6.14673e-05	
15.1424	6.14673e-05	
15.1427	6.14673e-05	
15.143	6.14673e-05	
15.1433	6.14673e-05	
15.1436	6.14673e-05	
15.1439	6.14673e-05	
15.1442	6.14673e-05	
15.1445	6.14673e-05	
15.1448	6.14673e-05	
15.1451	6.14673e-05	
15.1454	6.14673e-05	
15.1457	6.14673e-05	
15.146	6.14673e-05	
15.1463	6.14673e-05	
15.1466	6.14673e-05	
15.147	6.14673e-05	
15.1473	6.14673e-05	
15.1476	6.14673e-05	
15.1479	6.14673e-05	
15.1482	6.14673e-05	
15.1485	6.14673e-05	
15.1488	6.14673e-05	
15.1491	6.14673e-05	
15.1494	6.14673e-05	
15.1497	6.14673e-05	
15.15	6.14673e-05	
15.1503	6.14673e-05	
15.1506	6.14673e-05	
15.1509	6.14673e-05	
15.1512	6.14673e-05	
15.1515	6.14673e-05	
15.1518	6.14673e-05	
15.1521	6.14673e-05	
15.1525	6.14673e-05	
15.1528	6.14673e-05	
15.1531	6.14673e-05	
15.1534	6.14673e-05	
15.1537	6.14673e-05	
15.154	6.14673e-05	
15.1543	6.14673e-05	
15.1546	6.14673e-05	
15.1549	6.14673e-05	
15.1552	6.14673e-05	
15.1555	6.14673e-05	
15.1558	6.14673e-05	
15.1561	6.14673e-05	
15.1564	6.14673e-05	
15.1567	6.14673e-05	
15.157	6.14673e-05	
15.1573	6.14673e-05	
15.1576	6.14673e-05	
15.158	6.14673e-05	
15.1583	6.14673e-05	
15.1586	6.14673e-05	
15.1589	6.14673e-05	
15.1592	6.14673e-05	
15.1595	6.14673e-05	
15.1598	6.14673e-05	
15.1601	6.14673e-05	
15.1604	6.14673e-05	
15.1607	6.14673e-05	
15.161	6.14673e-05	
15.1613	6.14673e-05	
15.1616	6.14673e-05	
15.1619	6.14673e-05	
15.1622	6.14673e-05	
15.1625	6.14673e-05	
15.1628	6.14673e-05	
15.1631	6.14673e-05	
15.1635	6.14673e-05	
15.1638	6.14673e-05	
15.1641	6.14673e-05	
15.1644	6.14673e-05	
15.1647	6.14673e-05	
15.165	6.14673e-05	
15.1653	6.14673e-05	
15.1656	6.10948e-05	
15.1659	6.10948e-05	
15.1662	6.10948e-05	
15.1665	6.10948e-05	
15.1668	6.10948e-05	
15.1671	6.10948e-05	
15.1674	6.10948e-05	
15.1677	6.10948e-05	
15.168	6.10948e-05	
15.1683	6.10948e-05	
15.1687	6.10948e-05	
15.169	6.10948e-05	
15.1693	6.10948e-05	
15.1696	6.10948e-05	
15.1699	6.10948e-05	
15.1702	6.10948e-05	
15.1705	6.10948e-05	
15.1708	6.10948e-05	
15.1711	6.10948e-05	
15.1714	6.10948e-05	
15.1717	6.10948e-05	
15.172	6.10948e-05	
15.1723	6.10948e-05	
15.1726	6.10948e-05	
15.1729	6.10948e-05	
15.1732	6.10948e-05	
15.1735	6.10948e-05	
15.1738	6.10948e-05	
15.1742	6.10948e-05	
15.1745	6.10948e-05	
15.1748	6.10948e-05	
15.1751	6.10948e-05	
15.1754	6.10948e-05	
15.1757	6.10948e-05	
15.176	6.10948e-05	
15.1763	6.10948e-05	
15.1766	6.10948e-05	
15.1769	6.10948e-05	
15.1772	6.10948e-05	
15.1775	6.10948e-05	
15.1778	6.10948e-05	
15.1781	6.10948e-05	
15.1784	6.10948e-05	
15.1787	6.10948e-05	
15.179	6.10948e-05	
15.1793	6.10948e-05	
15.1797	6.10948e-05	
15.18	6.10948e-05	
15.1803	6.10948e-05	
15.1806	6.10948e-05	
15.1809	6.10948e-05	
15.1812	6.10948e-05	
15.1815	6.10948e-05	
15.1818	6.10948e-05	
15.1821	6.10948e-05	
15.1824	6.10948e-05	
15.1827	6.10948e-05	
15.183	6.10948e-05	
15.1833	6.10948e-05	
15.1836	6.10948e-05	
15.1839	6.10948e-05	
15.1842	6.10948e-05	
15.1845	6.10948e-05	
15.1848	6.10948e-05	
15.1852	6.10948e-05	
15.1855	6.10948e-05	
15.1858	6.10948e-05	
15.1861	6.10948e-05	
15.1864	6.10948e-05	
15.1867	6.10948e-05	
15.187	6.10948e-05	
15.1873	6.10948e-05	
15.1876	6.10948e-05	
15.1879	6.10948e-05	
15.1882	6.10948e-05	
15.1885	6.10948e-05	
15.1888	6.10948e-05	
15.1891	6.10948e-05	
15.1894	6.10948e-05	
15.1897	6.10948e-05	
15.19	6.10948e-05	
15.1903	6.10948e-05	
15.1907	6.10948e-05	
15.191	6.10948e-05	
15.1913	6.10948e-05	
15.1916	6.10948e-05	
15.1919	6.10948e-05	
15.1922	6.10948e-05	
15.1925	6.10948e-05	
15.1928	6.10948e-05	
15.1931	6.10948e-05	
15.1934	6.10948e-05	
15.1937	6.10948e-05	
15.194	6.10948e-05	
15.1943	6.10948e-05	
15.1946	6.10948e-05	
15.1949	6.10948e-05	
15.1952	6.10948e-05	
15.1955	6.07222e-05	
15.1958	6.07222e-05	
15.1962	6.07222e-05	
15.1965	6.07222e-05	
15.1968	6.07222e-05	
15.1971	6.07222e-05	
15.1974	6.07222e-05	
15.1977	6.07222e-05	
15.198	6.07222e-05	
15.1983	6.07222e-05	
15.1986	6.07222e-05	
15.1989	6.07222e-05	
15.1992	6.07222e-05	
15.1995	6.07222e-05	
15.1998	6.07222e-05	
15.2001	6.07222e-05	
15.2004	6.07222e-05	
15.2007	6.07222e-05	
15.201	6.07222e-05	
15.2013	6.07222e-05	
15.2017	6.07222e-05	
15.202	6.07222e-05	
15.2023	6.07222e-05	
15.2026	6.07222e-05	
15.2029	6.07222e-05	
15.2032	6.07222e-05	
15.2035	6.07222e-05	
15.2038	6.07222e-05	
15.2041	6.07222e-05	
15.2044	6.07222e-05	
15.2047	6.07222e-05	
15.205	6.07222e-05	
15.2053	6.07222e-05	
15.2056	6.07222e-05	
15.2059	6.07222e-05	
15.2062	6.07222e-05	
15.2065	6.07222e-05	
15.2068	6.07222e-05	
15.2072	6.07222e-05	
15.2075	6.07222e-05	
15.2078	6.07222e-05	
15.2081	6.07222e-05	
15.2084	6.07222e-05	
15.2087	6.07222e-05	
15.209	6.07222e-05	
15.2093	6.07222e-05	
15.2096	6.07222e-05	
15.2099	6.07222e-05	
15.2102	6.07222e-05	
15.2105	6.07222e-05	
15.2108	6.07222e-05	
15.2111	6.07222e-05	
15.2114	6.07222e-05	
15.2117	6.07222e-05	
15.212	6.07222e-05	
15.2123	6.07222e-05	
15.2127	6.07222e-05	
15.213	6.07222e-05	
15.2133	6.07222e-05	
15.2136	6.07222e-05	
15.2139	6.07222e-05	
15.2142	6.07222e-05	
15.2145	6.07222e-05	
15.2148	6.07222e-05	
15.2151	6.07222e-05	
15.2154	6.07222e-05	
15.2157	6.07222e-05	
15.216	6.07222e-05	
15.2163	6.07222e-05	
15.2166	6.07222e-05	
15.2169	6.07222e-05	
15.2172	6.07222e-05	
15.2175	6.07222e-05	
15.2178	6.07222e-05	
15.2182	6.07222e-05	
15.2185	6.07222e-05	
15.2188	6.07222e-05	
15.2191	6.07222e-05	
15.2194	6.07222e-05	
15.2197	6.07222e-05	
15.22	6.07222e-05	
15.2203	6.07222e-05	
15.2206	6.07222e-05	
15.2209	6.07222e-05	
15.2212	6.07222e-05	
15.2215	6.07222e-05	
15.2218	6.07222e-05	
15.2221	6.07222e-05	
15.2224	6.07222e-05	
15.2227	6.07222e-05	
15.223	6.07222e-05	
15.2233	6.07222e-05	
15.2237	6.07222e-05	
15.224	6.07222e-05	
15.2243	6.07222e-05	
15.2246	6.07222e-05	
15.2249	6.07222e-05	
15.2252	6.07222e-05	
15.2255	6.07222e-05	
15.2258	6.07222e-05	
15.2261	6.03497e-05	
15.2264	6.03497e-05	
15.2267	6.03497e-05	
15.227	6.03497e-05	
15.2273	6.03497e-05	
15.2276	6.03497e-05	
15.2279	6.03497e-05	
15.2282	6.03497e-05	
15.2285	6.03497e-05	
15.2288	6.03497e-05	
15.2292	6.03497e-05	
15.2295	6.03497e-05	
15.2298	6.03497e-05	
15.2301	6.03497e-05	
15.2304	6.03497e-05	
15.2307	6.03497e-05	
15.231	6.03497e-05	
15.2313	6.03497e-05	
15.2316	6.03497e-05	
15.2319	6.03497e-05	
15.2322	6.03497e-05	
15.2325	6.03497e-05	
15.2328	6.03497e-05	
15.2331	6.03497e-05	
15.2334	6.03497e-05	
15.2337	6.03497e-05	
15.234	6.03497e-05	
15.2343	6.03497e-05	
15.2347	6.03497e-05	
15.235	6.03497e-05	
15.2353	6.03497e-05	
15.2356	6.03497e-05	
15.2359	6.03497e-05	
15.2362	6.03497e-05	
15.2365	6.03497e-05	
15.2368	6.03497e-05	
15.2371	6.03497e-05	
15.2374	6.03497e-05	
15.2377	6.03497e-05	
15.238	6.03497e-05	
15.2383	6.03497e-05	
15.2386	6.03497e-05	
15.2389	6.03497e-05	
15.2392	6.03497e-05	
15.2395	6.03497e-05	
15.2398	6.03497e-05	
15.2402	6.03497e-05	
15.2405	6.03497e-05	
15.2408	6.03497e-05	
15.2411	6.03497e-05	
15.2414	6.03497e-05	
15.2417	6.03497e-05	
15.242	6.03497e-05	
15.2423	6.03497e-05	
15.2426	6.03497e-05	
15.2429	6.03497e-05	
15.2432	6.03497e-05	
15.2435	6.03497e-05	
15.2438	6.03497e-05	
15.2441	6.03497e-05	
15.2444	6.03497e-05	
15.2447	6.03497e-05	
15.245	6.03497e-05	
15.2453	6.03497e-05	
15.2457	6.03497e-05	
15.246	6.03497e-05	
15.2463	6.03497e-05	
15.2466	6.03497e-05	
15.2469	6.03497e-05	
15.2472	6.03497e-05	
15.2475	6.03497e-05	
15.2478	6.03497e-05	
15.2481	6.03497e-05	
15.2484	6.03497e-05	
15.2487	6.03497e-05	
15.249	6.03497e-05	
15.2493	6.03497e-05	
15.2496	6.03497e-05	
15.2499	6.03497e-05	
15.2502	6.03497e-05	
15.2505	6.03497e-05	
15.2508	6.03497e-05	
15.2512	6.03497e-05	
15.2515	6.03497e-05	
15.2518	6.03497e-05	
15.2521	6.03497e-05	
15.2524	6.03497e-05	
15.2527	6.03497e-05	
15.253	6.03497e-05	
15.2533	6.03497e-05	
15.2536	6.03497e-05	
15.2539	6.03497e-05	
15.2542	6.03497e-05	
15.2545	6.03497e-05	
15.2548	6.03497e-05	
15.2551	6.03497e-05	
15.2554	6.03497e-05	
15.2557	6.03497e-05	
15.256	6.03497e-05	
15.2563	6.03497e-05	
15.2567	5.99772e-05	
15.257	5.99772e-05	
15.2573	5.99772e-05	
15.2576	5.99772e-05	
15.2579	5.99772e-05	
15.2582	5.99772e-05	
15.2585	5.99772e-05	
15.2588	5.99772e-05	
15.2591	5.99772e-05	
15.2594	5.99772e-05	
15.2597	5.99772e-05	
15.26	5.99772e-05	
15.2603	5.99772e-05	
15.2606	5.99772e-05	
15.2609	5.99772e-05	
15.2612	5.99772e-05	
15.2615	5.99772e-05	
15.2618	5.99772e-05	
15.2622	5.99772e-05	
15.2625	5.99772e-05	
15.2628	5.99772e-05	
15.2631	5.99772e-05	
15.2634	5.99772e-05	
15.2637	5.99772e-05	
15.264	5.99772e-05	
15.2643	5.99772e-05	
15.2646	5.99772e-05	
15.2649	5.99772e-05	
15.2652	5.99772e-05	
15.2655	5.99772e-05	
15.2658	5.99772e-05	
15.2661	5.99772e-05	
15.2664	5.99772e-05	
15.2667	5.99772e-05	
15.267	5.99772e-05	
15.2673	5.99772e-05	
15.2677	5.99772e-05	
15.268	5.99772e-05	
15.2683	5.99772e-05	
15.2686	5.99772e-05	
15.2689	5.99772e-05	
15.2692	5.99772e-05	
15.2695	5.99772e-05	
15.2698	5.99772e-05	
15.2701	5.99772e-05	
15.2704	5.99772e-05	
15.2707	5.99772e-05	
15.271	5.99772e-05	
15.2713	5.99772e-05	
15.2716	5.99772e-05	
15.2719	5.99772e-05	
15.2722	5.99772e-05	
15.2725	5.99772e-05	
15.2728	5.99772e-05	
15.2732	5.99772e-05	
15.2735	5.99772e-05	
15.2738	5.99772e-05	
15.2741	5.99772e-05	
15.2744	5.99772e-05	
15.2747	5.99772e-05	
15.275	5.99772e-05	
15.2753	5.99772e-05	
15.2756	5.99772e-05	
15.2759	5.99772e-05	
15.2762	5.99772e-05	
15.2765	5.99772e-05	
15.2768	5.99772e-05	
15.2771	5.99772e-05	
15.2774	5.99772e-05	
15.2777	5.99772e-05	
15.278	5.99772e-05	
15.2783	5.99772e-05	
15.2787	5.99772e-05	
15.279	5.99772e-05	
15.2793	5.99772e-05	
15.2796	5.99772e-05	
15.2799	5.99772e-05	
15.2802	5.99772e-05	
15.2805	5.99772e-05	
15.2808	5.99772e-05	
15.2811	5.99772e-05	
15.2814	5.99772e-05	
15.2817	5.99772e-05	
15.282	5.99772e-05	
15.2823	5.99772e-05	
15.2826	5.99772e-05	
15.2829	5.99772e-05	
15.2832	5.99772e-05	
15.2835	5.99772e-05	
15.2838	5.99772e-05	
15.2842	5.99772e-05	
15.2845	5.99772e-05	
15.2848	5.99772e-05	
15.2851	5.99772e-05	
15.2854	5.99772e-05	
15.2857	5.99772e-05	
15.286	5.99772e-05	
15.2863	5.99772e-05	
15.2866	5.99772e-05	
15.2869	5.99772e-05	
15.2872	5.99772e-05	
15.2875	5.96046e-05	
15.2878	5.96046e-05	
15.2881	5.96046e-05	
15.2884	5.96046e-05	
15.2887	5.96046e-05	
15.289	5.96046e-05	
15.2893	5.96046e-05	
15.2897	5.96046e-05	
15.29	5.96046e-05	
15.2903	5.96046e-05	
15.2906	5.96046e-05	
15.2909	5.96046e-05	
15.2912	5.96046e-05	
15.2915	5.96046e-05	
15.2918	5.96046e-05	
15.2921	5.96046e-05	
15.2924	5.96046e-05	
15.2927	5.96046e-05	
15.293	5.96046e-05	
15.2933	5.96046e-05	
15.2936	5.96046e-05	
15.2939	5.96046e-05	
15.2942	5.96046e-05	
15.2945	5.96046e-05	
15.2948	5.96046e-05	
15.2952	5.96046e-05	
15.2955	5.96046e-05	
15.2958	5.96046e-05	
15.2961	5.96046e-05	
15.2964	5.96046e-05	
15.2967	5.96046e-05	
15.297	5.96046e-05	
15.2973	5.96046e-05	
15.2976	5.96046e-05	
15.2979	5.96046e-05	
15.2982	5.96046e-05	
15.2985	5.96046e-05	
15.2988	5.96046e-05	
15.2991	5.96046e-05	
15.2994	5.96046e-05	
15.2997	5.96046e-05	
15.3	5.96046e-05	
15.3003	5.96046e-05	
15.3007	5.96046e-05	
15.301	5.96046e-05	
15.3013	5.96046e-05	
15.3016	5.96046e-05	
15.3019	5.96046e-05	
15.3022	5.96046e-05	
15.3025	5.96046e-05	
15.3028	5.96046e-05	
15.3031	5.96046e-05	
15.3034	5.96046e-05	
15.3037	5.96046e-05	
15.304	5.96046e-05	
15.3043	5.96046e-05	
15.3046	5.96046e-05	
15.3049	5.96046e-05	
15.3052	5.96046e-05	
15.3055	5.96046e-05	
15.3058	5.96046e-05	
15.3062	5.96046e-05	
15.3065	5.96046e-05	
15.3068	5.96046e-05	
15.3071	5.96046e-05	
15.3074	5.96046e-05	
15.3077	5.96046e-05	
15.308	5.96046e-05	
15.3083	5.96046e-05	
15.3086	5.96046e-05	
15.3089	5.96046e-05	
15.3092	5.96046e-05	
15.3095	5.96046e-05	
15.3098	5.96046e-05	
15.3101	5.96046e-05	
15.3104	5.96046e-05	
15.3107	5.96046e-05	
15.311	5.96046e-05	
15.3113	5.96046e-05	
15.3117	5.96046e-05	
15.312	5.96046e-05	
15.3123	5.96046e-05	
15.3126	5.96046e-05	
15.3129	5.96046e-05	
15.3132	5.96046e-05	
15.3135	5.96046e-05	
15.3138	5.96046e-05	
15.3141	5.96046e-05	
15.3144	5.96046e-05	
15.3147	5.96046e-05	
15.315	5.96046e-05	
15.3153	5.96046e-05	
15.3156	5.96046e-05	
15.3159	5.96046e-05	
15.3162	5.96046e-05	
15.3165	5.96046e-05	
15.3168	5.96046e-05	
15.3172	5.96046e-05	
15.3175	5.96046e-05	
15.3178	5.96046e-05	
15.3181	5.96046e-05	
15.3184	5.96046e-05	
15.3187	5.92321e-05	
15.319	5.92321e-05	
15.3193	5.92321e-05	
15.3196	5.92321e-05	
15.3199	5.92321e-05	
15.3202	5.92321e-05	
15.3205	5.92321e-05	
15.3208	5.92321e-05	
15.3211	5.92321e-05	
15.3214	5.92321e-05	
15.3217	5.92321e-05	
15.322	5.92321e-05	
15.3223	5.92321e-05	
15.3227	5.92321e-05	
15.323	5.92321e-05	
15.3233	5.92321e-05	
15.3236	5.92321e-05	
15.3239	5.92321e-05	
15.3242	5.92321e-05	
15.3245	5.92321e-05	
15.3248	5.92321e-05	
15.3251	5.92321e-05	
15.3254	5.92321e-05	
15.3257	5.92321e-05	
15.326	5.92321e-05	
15.3263	5.92321e-05	
15.3266	5.92321e-05	
15.3269	5.92321e-05	
15.3272	5.92321e-05	
15.3275	5.92321e-05	
15.3278	5.92321e-05	
15.3282	5.92321e-05	
15.3285	5.92321e-05	
15.3288	5.92321e-05	
15.3291	5.92321e-05	
15.3294	5.92321e-05	
15.3297	5.92321e-05	
15.33	5.92321e-05	
15.3303	5.92321e-05	
15.3306	5.92321e-05	
15.3309	5.92321e-05	
15.3312	5.92321e-05	
15.3315	5.92321e-05	
15.3318	5.92321e-05	
15.3321	5.92321e-05	
15.3324	5.92321e-05	
15.3327	5.92321e-05	
15.333	5.92321e-05	
15.3333	5.92321e-05	
15.3337	5.92321e-05	
15.334	5.92321e-05	
15.3343	5.92321e-05	
15.3346	5.92321e-05	
15.3349	5.92321e-05	
15.3352	5.92321e-05	
15.3355	5.92321e-05	
15.3358	5.92321e-05	
15.3361	5.92321e-05	
15.3364	5.92321e-05	
15.3367	5.92321e-05	
15.337	5.92321e-05	
15.3373	5.92321e-05	
15.3376	5.92321e-05	
15.3379	5.92321e-05	
15.3382	5.92321e-05	
15.3385	5.92321e-05	
15.3389	5.92321e-05	
15.3392	5.92321e-05	
15.3395	5.92321e-05	
15.3398	5.92321e-05	
15.3401	5.92321e-05	
15.3404	5.92321e-05	
15.3407	5.92321e-05	
15.341	5.92321e-05	
15.3413	5.92321e-05	
15.3416	5.92321e-05	
15.3419	5.92321e-05	
15.3422	5.92321e-05	
15.3425	5.92321e-05	
15.3428	5.92321e-05	
15.3431	5.92321e-05	
15.3434	5.92321e-05	
15.3437	5.92321e-05	
15.344	5.92321e-05	
15.3444	5.92321e-05	
15.3447	5.92321e-05	
15.345	5.92321e-05	
15.3453	5.92321e-05	
15.3456	5.92321e-05	
15.3459	5.92321e-05	
15.3462	5.92321e-05	
15.3465	5.92321e-05	
15.3468	5.92321e-05	
15.3471	5.92321e-05	
15.3474	5.92321e-05	
15.3477	5.92321e-05	
15.348	5.92321e-05	
15.3483	5.92321e-05	
15.3486	5.92321e-05	
15.3489	5.92321e-05	
15.3492	5.92321e-05	
15.3495	5.92321e-05	
15.3499	5.92321e-05	
15.3502	5.88596e-05	
15.3505	5.88596e-05	
15.3508	5.88596e-05	
15.3511	5.88596e-05	
15.3514	5.88596e-05	
15.3517	5.88596e-05	
15.352	5.88596e-05	
15.3523	5.88596e-05	
15.3526	5.88596e-05	
15.3529	5.88596e-05	
15.3532	5.88596e-05	
15.3535	5.88596e-05	
15.3538	5.88596e-05	
15.3541	5.88596e-05	
15.3544	5.88596e-05	
15.3547	5.88596e-05	
15.355	5.88596e-05	
15.3554	5.88596e-05	
15.3557	5.88596e-05	
15.356	5.88596e-05	
15.3563	5.88596e-05	
15.3566	5.88596e-05	
15.3569	5.88596e-05	
15.3572	5.88596e-05	
15.3575	5.88596e-05	
15.3578	5.88596e-05	
15.3581	5.88596e-05	
15.3584	5.88596e-05	
15.3587	5.88596e-05	
15.359	5.88596e-05	
15.3593	5.88596e-05	
15.3596	5.88596e-05	
15.3599	5.88596e-05	
15.3602	5.88596e-05	
15.3605	5.88596e-05	
15.3609	5.88596e-05	
15.3612	5.88596e-05	
15.3615	5.88596e-05	
15.3618	5.88596e-05	
15.3621	5.88596e-05	
15.3624	5.88596e-05	
15.3627	5.88596e-05	
15.363	5.88596e-05	
15.3633	5.88596e-05	
15.3636	5.88596e-05	
15.3639	5.88596e-05	
15.3642	5.88596e-05	
15.3645	5.88596e-05	
15.3648	5.88596e-05	
15.3651	5.88596e-05	
15.3654	5.88596e-05	
15.3657	5.88596e-05	
15.366	5.88596e-05	
15.3664	5.88596e-05	
15.3667	5.88596e-05	
15.367	5.88596e-05	
15.3673	5.88596e-05	
15.3676	5.88596e-05	
15.3679	5.88596e-05	
15.3682	5.88596e-05	
15.3685	5.88596e-05	
15.3688	5.88596e-05	
15.3691	5.88596e-05	
15.3694	5.88596e-05	
15.3697	5.88596e-05	
15.37	5.88596e-05	
15.3703	5.88596e-05	
15.3706	5.88596e-05	
15.3709	5.88596e-05	
15.3712	5.88596e-05	
15.3715	5.88596e-05	
15.3719	5.88596e-05	
15.3722	5.88596e-05	
15.3725	5.88596e-05	
15.3728	5.88596e-05	
15.3731	5.88596e-05	
15.3734	5.88596e-05	
15.3737	5.88596e-05	
15.374	5.88596e-05	
15.3743	5.88596e-05	
15.3746	5.88596e-05	
15.3749	5.88596e-05	
15.3752	5.88596e-05	
15.3755	5.88596e-05	
15.3758	5.88596e-05	
15.3761	5.88596e-05	
15.3764	5.88596e-05	
15.3767	5.88596e-05	
15.377	5.88596e-05	
15.3774	5.88596e-05	
15.3777	5.88596e-05	
15.378	5.88596e-05	
15.3783	5.88596e-05	
15.3786	5.88596e-05	
15.3789	5.88596e-05	
15.3792	5.88596e-05	
15.3795	5.88596e-05	
15.3798	5.88596e-05	
15.3801	5.88596e-05	
15.3804	5.88596e-05	
15.3807	5.88596e-05	
15.381	5.88596e-05	
15.3813	5.88596e-05	
15.3816	5.88596e-05	
15.3819	5.84871e-05	
15.3822	5.84871e-05	
15.3825	5.84871e-05	
15.3829	5.84871e-05	
15.3832	5.84871e-05	
15.3835	5.84871e-05	
15.3838	5.84871e-05	
15.3841	5.84871e-05	
15.3844	5.84871e-05	
15.3847	5.84871e-05	
15.385	5.84871e-05	
15.3853	5.84871e-05	
15.3856	5.84871e-05	
15.3859	5.84871e-05	
15.3862	5.84871e-05	
15.3865	5.84871e-05	
15.3868	5.84871e-05	
15.3871	5.84871e-05	
15.3874	5.84871e-05	
15.3877	5.84871e-05	
15.388	5.84871e-05	
15.3884	5.84871e-05	
15.3887	5.84871e-05	
15.389	5.84871e-05	
15.3893	5.84871e-05	
15.3896	5.84871e-05	
15.3899	5.84871e-05	
15.3902	5.84871e-05	
15.3905	5.84871e-05	
15.3908	5.84871e-05	
15.3911	5.84871e-05	
15.3914	5.84871e-05	
15.3917	5.84871e-05	
15.392	5.84871e-05	
15.3923	5.84871e-05	
15.3926	5.84871e-05	
15.3929	5.84871e-05	
15.3932	5.84871e-05	
15.3935	5.84871e-05	
15.3939	5.84871e-05	
15.3942	5.84871e-05	
15.3945	5.84871e-05	
15.3948	5.84871e-05	
15.3951	5.84871e-05	
15.3954	5.84871e-05	
15.3957	5.84871e-05	
15.396	5.84871e-05	
15.3963	5.84871e-05	
15.3966	5.84871e-05	
15.3969	5.84871e-05	
15.3972	5.84871e-05	
15.3975	5.84871e-05	
15.3978	5.84871e-05	
15.3981	5.84871e-05	
15.3984	5.84871e-05	
15.3987	5.84871e-05	
15.399	5.84871e-05	
15.3994	5.84871e-05	
15.3997	5.84871e-05	
15.4	5.84871e-05	
15.4003	5.84871e-05	
15.4006	5.84871e-05	
15.4009	5.84871e-05	
15.4012	5.84871e-05	
15.4015	5.84871e-05	
15.4018	5.84871e-05	
15.4021	5.84871e-05	
15.4024	5.84871e-05	
15.4027	5.84871e-05	
15.403	5.84871e-05	
15.4033	5.84871e-05	
15.4036	5.84871e-05	
15.4039	5.84871e-05	
15.4042	5.84871e-05	
15.4045	5.84871e-05	
15.4049	5.84871e-05	
15.4052	5.84871e-05	
15.4055	5.84871e-05	
15.4058	5.84871e-05	
15.4061	5.84871e-05	
15.4064	5.84871e-05	
15.4067	5.84871e-05	
15.407	5.84871e-05	
15.4073	5.84871e-05	
15.4076	5.84871e-05	
15.4079	5.84871e-05	
15.4082	5.84871e-05	
15.4085	5.84871e-05	
15.4088	5.84871e-05	
15.4091	5.84871e-05	
15.4094	5.84871e-05	
15.4097	5.84871e-05	
15.41	5.84871e-05	
15.4104	5.84871e-05	
15.4107	5.84871e-05	
15.411	5.84871e-05	
15.4113	5.84871e-05	
15.4116	5.84871e-05	
15.4119	5.84871e-05	
15.4122	5.84871e-05	
15.4125	5.84871e-05	
15.4128	5.84871e-05	
15.4131	5.84871e-05	
15.4134	5.84871e-05	
15.4137	5.84871e-05	
15.414	5.81145e-05	
15.4143	5.81145e-05	
15.4146	5.81145e-05	
15.4149	5.81145e-05	
15.4152	5.81145e-05	
15.4155	5.81145e-05	
15.4159	5.81145e-05	
15.4162	5.81145e-05	
15.4165	5.81145e-05	
15.4168	5.81145e-05	
15.4171	5.81145e-05	
15.4174	5.81145e-05	
15.4177	5.81145e-05	
15.418	5.81145e-05	
15.4183	5.81145e-05	
15.4186	5.81145e-05	
15.4189	5.81145e-05	
15.4192	5.81145e-05	
15.4195	5.81145e-05	
15.4198	5.81145e-05	
15.4201	5.81145e-05	
15.4204	5.81145e-05	
15.4207	5.81145e-05	
15.421	5.81145e-05	
15.4214	5.81145e-05	
15.4217	5.81145e-05	
15.422	5.81145e-05	
15.4223	5.81145e-05	
15.4226	5.81145e-05	
15.4229	5.81145e-05	
15.4232	5.81145e-05	
15.4235	5.81145e-05	
15.4238	5.81145e-05	
15.4241	5.81145e-05	
15.4244	5.81145e-05	
15.4247	5.81145e-05	
15.425	5.81145e-05	
15.4253	5.81145e-05	
15.4256	5.81145e-05	
15.4259	5.81145e-05	
15.4262	5.81145e-05	
15.4265	5.81145e-05	
15.4269	5.81145e-05	
15.4272	5.81145e-05	
15.4275	5.81145e-05	
15.4278	5.81145e-05	
15.4281	5.81145e-05	
15.4284	5.81145e-05	
15.4287	5.81145e-05	
15.429	5.81145e-05	
15.4293	5.81145e-05	
15.4296	5.81145e-05	
15.4299	5.81145e-05	
15.4302	5.81145e-05	
15.4305	5.81145e-05	
15.4308	5.81145e-05	
15.4311	5.81145e-05	
15.4314	5.81145e-05	
15.4317	5.81145e-05	
15.432	5.81145e-05	
15.4324	5.81145e-05	
15.4327	5.81145e-05	
15.433	5.81145e-05	
15.4333	5.81145e-05	
15.4336	5.81145e-05	
15.4339	5.81145e-05	
15.4342	5.81145e-05	
15.4345	5.81145e-05	
15.4348	5.81145e-05	
15.4351	5.81145e-05	
15.4354	5.81145e-05	
15.4357	5.81145e-05	
15.436	5.81145e-05	
15.4363	5.81145e-05	
15.4366	5.81145e-05	
15.4369	5.81145e-05	
15.4372	5.81145e-05	
15.4375	5.81145e-05	
15.4379	5.81145e-05	
15.4382	5.81145e-05	
15.4385	5.81145e-05	
15.4388	5.81145e-05	
15.4391	5.81145e-05	
15.4394	5.81145e-05	
15.4397	5.81145e-05	
15.44	5.81145e-05	
15.4403	5.81145e-05	
15.4406	5.81145e-05	
15.4409	5.81145e-05	
15.4412	5.81145e-05	
15.4415	5.81145e-05	
15.4418	5.81145e-05	
15.4421	5.81145e-05	
15.4424	5.81145e-05	
15.4427	5.81145e-05	
15.443	5.81145e-05	
15.4434	5.81145e-05	
15.4437	5.81145e-05	
15.444	5.81145e-05	
15.4443	5.81145e-05	
15.4446	5.81145e-05	
15.4449	5.81145e-05	
15.4452	5.81145e-05	
15.4455	5.81145e-05	
15.4458	5.81145e-05	
15.4461	5.81145e-05	
15.4464	5.7742e-05	
15.4467	5.7742e-05	
15.447	5.7742e-05	
15.4473	5.7742e-05	
15.4476	5.7742e-05	
15.4479	5.7742e-05	
15.4482	5.7742e-05	
15.4485	5.7742e-05	
15.4489	5.7742e-05	
15.4492	5.7742e-05	
15.4495	5.7742e-05	
15.4498	5.7742e-05	
15.4501	5.7742e-05	
15.4504	5.7742e-05	
15.4507	5.7742e-05	
15.451	5.7742e-05	
15.4513	5.7742e-05	
15.4516	5.7742e-05	
15.4519	5.7742e-05	
15.4522	5.7742e-05	
15.4525	5.7742e-05	
15.4528	5.7742e-05	
15.4531	5.7742e-05	
15.4534	5.7742e-05	
15.4537	5.7742e-05	
15.454	5.7742e-05	
15.4544	5.7742e-05	
15.4547	5.7742e-05	
15.455	5.7742e-05	
15.4553	5.7742e-05	
15.4556	5.7742e-05	
15.4559	5.7742e-05	
15.4562	5.7742e-05	
15.4565	5.7742e-05	
15.4568	5.7742e-05	
15.4571	5.7742e-05	
15.4574	5.7742e-05	
15.4577	5.7742e-05	
15.458	5.7742e-05	
15.4583	5.7742e-05	
15.4586	5.7742e-05	
15.4589	5.7742e-05	
15.4592	5.7742e-05	
15.4595	5.7742e-05	
15.4599	5.7742e-05	
15.4602	5.7742e-05	
15.4605	5.7742e-05	
15.4608	5.7742e-05	
15.4611	5.7742e-05	
15.4614	5.7742e-05	
15.4617	5.7742e-05	
15.462	5.7742e-05	
15.4623	5.7742e-05	
15.4626	5.7742e-05	
15.4629	5.7742e-05	
15.4632	5.7742e-05	
15.4635	5.7742e-05	
15.4638	5.7742e-05	
15.4641	5.7742e-05	
15.4644	5.7742e-05	
15.4647	5.7742e-05	
15.465	5.7742e-05	
15.4654	5.7742e-05	
15.4657	5.7742e-05	
15.466	5.7742e-05	
15.4663	5.7742e-05	
15.4666	5.7742e-05	
15.4669	5.7742e-05	
15.4672	5.7742e-05	
15.4675	5.7742e-05	
15.4678	5.7742e-05	
15.4681	5.7742e-05	
15.4684	5.7742e-05	
15.4687	5.7742e-05	
15.469	5.7742e-05	
15.4693	5.7742e-05	
15.4696	5.7742e-05	
15.4699	5.7742e-05	
15.4702	5.7742e-05	
15.4705	5.7742e-05	
15.4709	5.7742e-05	
15.4712	5.7742e-05	
15.4715	5.7742e-05	
15.4718	5.7742e-05	
15.4721	5.7742e-05	
15.4724	5.7742e-05	
15.4727	5.7742e-05	
15.473	5.7742e-05	
15.4733	5.7742e-05	
15.4736	5.7742e-05	
15.4739	5.7742e-05	
15.4742	5.7742e-05	
15.4745	5.7742e-05	
15.4748	5.7742e-05	
15.4751	5.7742e-05	
15.4754	5.7742e-05	
15.4757	5.7742e-05	
15.476	5.7742e-05	
15.4764	5.7742e-05	
15.4767	5.7742e-05	
15.477	5.7742e-05	
15.4773	5.7742e-05	
15.4776	5.7742e-05	
15.4779	5.7742e-05	
15.4782	5.7742e-05	
15.4785	5.7742e-05	
15.4788	5.7742e-05	
15.4791	5.73695e-05	
15.4794	5.73695e-05	
15.4797	5.73695e-05	
15.48	5.73695e-05	
15.4803	5.73695e-05	
15.4806	5.73695e-05	
15.4809	5.73695e-05	
15.4812	5.73695e-05	
15.4815	5.73695e-05	
15.4819	5.73695e-05	
15.4822	5.73695e-05	
15.4825	5.73695e-05	
15.4828	5.73695e-05	
15.4831	5.73695e-05	
15.4834	5.73695e-05	
15.4837	5.73695e-05	
15.484	5.73695e-05	
15.4843	5.73695e-05	
15.4846	5.73695e-05	
15.4849	5.73695e-05	
15.4852	5.73695e-05	
15.4855	5.73695e-05	
15.4858	5.73695e-05	
15.4861	5.73695e-05	
15.4864	5.73695e-05	
15.4867	5.73695e-05	
15.487	5.73695e-05	
15.4874	5.73695e-05	
15.4877	5.73695e-05	
15.488	5.73695e-05	
15.4883	5.73695e-05	
15.4886	5.73695e-05	
15.4889	5.73695e-05	
15.4892	5.73695e-05	
15.4895	5.73695e-05	
15.4898	5.73695e-05	
15.4901	5.73695e-05	
15.4904	5.73695e-05	
15.4907	5.73695e-05	
15.491	5.73695e-05	
15.4913	5.73695e-05	
15.4916	5.73695e-05	
15.4919	5.73695e-05	
15.4922	5.73695e-05	
15.4925	5.73695e-05	
15.4929	5.73695e-05	
15.4932	5.73695e-05	
15.4935	5.73695e-05	
15.4938	5.73695e-05	
15.4941	5.73695e-05	
15.4944	5.73695e-05	
15.4947	5.73695e-05	
15.495	5.73695e-05	
15.4953	5.73695e-05	
15.4956	5.73695e-05	
15.4959	5.73695e-05	
15.4962	5.73695e-05	
15.4965	5.73695e-05	
15.4968	5.73695e-05	
15.4971	5.73695e-05	
15.4974	5.73695e-05	
15.4977	5.73695e-05	
15.498	5.73695e-05	
15.4984	5.73695e-05	
15.4987	5.73695e-05	
15.499	5.73695e-05	
15.4993	5.73695e-05	
15.4996	5.73695e-05	
15.4999	5.73695e-05	
15.5002	5.73695e-05	
15.5005	5.73695e-05	
15.5008	5.73695e-05	
15.5011	5.73695e-05	
15.5014	5.73695e-05	
15.5017	5.73695e-05	
15.502	5.73695e-05	
15.5023	5.73695e-05	
15.5026	5.73695e-05	
15.5029	5.73695e-05	
15.5032	5.73695e-05	
15.5035	5.73695e-05	
15.5039	5.73695e-05	
15.5042	5.73695e-05	
15.5045	5.73695e-05	
15.5048	5.73695e-05	
15.5051	5.73695e-05	
15.5054	5.73695e-05	
15.5057	5.73695e-05	
15.506	5.73695e-05	
15.5063	5.73695e-05	
15.5066	5.73695e-05	
15.5069	5.73695e-05	
15.5072	5.73695e-05	
15.5075	5.73695e-05	
15.5078	5.73695e-05	
15.5081	5.73695e-05	
15.5084	5.73695e-05	
15.5087	5.73695e-05	
15.5091	5.73695e-05	
15.5094	5.73695e-05	
15.5097	5.73695e-05	
15.51	5.73695e-05	
15.5103	5.73695e-05	
15.5106	5.73695e-05	
15.5109	5.73695e-05	
15.5112	5.73695e-05	
15.5115	5.73695e-05	
15.5118	5.73695e-05	
15.5121	5.73695e-05	
15.5124	5.69969e-05	
15.5127	5.69969e-05	
15.513	5.69969e-05	
15.5133	5.69969e-05	
15.5136	5.69969e-05	
15.5139	5.69969e-05	
15.5142	5.69969e-05	
15.5146	5.69969e-05	
15.5149	5.69969e-05	
15.5152	5.69969e-05	
15.5155	5.69969e-05	
15.5158	5.69969e-05	
15.5161	5.69969e-05	
15.5164	5.69969e-05	
15.5167	5.69969e-05	
15.517	5.69969e-05	
15.5173	5.69969e-05	
15.5176	5.69969e-05	
15.5179	5.69969e-05	
15.5182	5.69969e-05	
15.5185	5.69969e-05	
15.5188	5.69969e-05	
15.5191	5.69969e-05	
15.5194	5.69969e-05	
15.5197	5.69969e-05	
15.5201	5.69969e-05	
15.5204	5.69969e-05	
15.5207	5.69969e-05	
15.521	5.69969e-05	
15.5213	5.69969e-05	
15.5216	5.69969e-05	
15.5219	5.69969e-05	
15.5222	5.69969e-05	
15.5225	5.69969e-05	
15.5228	5.69969e-05	
15.5231	5.69969e-05	
15.5234	5.69969e-05	
15.5237	5.69969e-05	
15.524	5.69969e-05	
15.5243	5.69969e-05	
15.5246	5.69969e-05	
15.5249	5.69969e-05	
15.5252	5.69969e-05	
15.5256	5.69969e-05	
15.5259	5.69969e-05	
15.5262	5.69969e-05	
15.5265	5.69969e-05	
15.5268	5.69969e-05	
15.5271	5.69969e-05	
15.5274	5.69969e-05	
15.5277	5.69969e-05	
15.528	5.69969e-05	
15.5283	5.69969e-05	
15.5286	5.69969e-05	
15.5289	5.69969e-05	
15.5292	5.69969e-05	
15.5295	5.69969e-05	
15.5298	5.69969e-05	
15.5301	5.69969e-05	
15.5304	5.69969e-05	
15.5307	5.69969e-05	
15.5311	5.69969e-05	
15.5314	5.69969e-05	
15.5317	5.69969e-05	
15.532	5.69969e-05	
15.5323	5.69969e-05	
15.5326	5.69969e-05	
15.5329	5.69969e-05	
15.5332	5.69969e-05	
15.5335	5.69969e-05	
15.5338	5.69969e-05	
15.5341	5.69969e-05	
15.5344	5.69969e-05	
15.5347	5.69969e-05	
15.535	5.69969e-05	
15.5353	5.69969e-05	
15.5356	5.69969e-05	
15.5359	5.69969e-05	
15.5362	5.69969e-05	
15.5366	5.69969e-05	
15.5369	5.69969e-05	
15.5372	5.69969e-05	
15.5375	5.69969e-05	
15.5378	5.69969e-05	
15.5381	5.69969e-05	
15.5384	5.69969e-05	
15.5387	5.69969e-05	
15.539	5.69969e-05	
15.5393	5.69969e-05	
15.5396	5.69969e-05	
15.5399	5.69969e-05	
15.5402	5.69969e-05	
15.5405	5.69969e-05	
15.5408	5.69969e-05	
15.5411	5.69969e-05	
15.5414	5.69969e-05	
15.5417	5.69969e-05	
15.5421	5.69969e-05	
15.5424	5.69969e-05	
15.5427	5.69969e-05	
15.543	5.69969e-05	
15.5433	5.69969e-05	
15.5436	5.69969e-05	
15.5439	5.69969e-05	
15.5442	5.69969e-05	
15.5445	5.69969e-05	
15.5448	5.69969e-05	
15.5451	5.69969e-05	
15.5454	5.69969e-05	
15.5457	5.66244e-05	
15.546	5.66244e-05	
15.5463	5.66244e-05	
15.5466	5.66244e-05	
15.5469	5.66244e-05	
15.5472	5.66244e-05	
15.5476	5.66244e-05	
15.5479	5.66244e-05	
15.5482	5.66244e-05	
15.5485	5.66244e-05	
15.5488	5.66244e-05	
15.5491	5.66244e-05	
15.5494	5.66244e-05	
15.5497	5.66244e-05	
15.55	5.66244e-05	
15.5503	5.66244e-05	
15.5506	5.66244e-05	
15.5509	5.66244e-05	
15.5512	5.66244e-05	
15.5515	5.66244e-05	
15.5518	5.66244e-05	
15.5521	5.66244e-05	
15.5524	5.66244e-05	
15.5527	5.66244e-05	
15.5531	5.66244e-05	
15.5534	5.66244e-05	
15.5537	5.66244e-05	
15.554	5.66244e-05	
15.5543	5.66244e-05	
15.5546	5.66244e-05	
15.5549	5.66244e-05	
15.5552	5.66244e-05	
15.5555	5.66244e-05	
15.5558	5.66244e-05	
15.5561	5.66244e-05	
15.5564	5.66244e-05	
15.5567	5.66244e-05	
15.557	5.66244e-05	
15.5573	5.66244e-05	
15.5576	5.66244e-05	
15.5579	5.66244e-05	
15.5582	5.66244e-05	
15.5586	5.66244e-05	
15.5589	5.66244e-05	
15.5592	5.66244e-05	
15.5595	5.66244e-05	
15.5598	5.66244e-05	
15.5601	5.66244e-05	
15.5604	5.66244e-05	
15.5607	5.66244e-05	
15.561	5.66244e-05	
15.5613	5.66244e-05	
15.5616	5.66244e-05	
15.5619	5.66244e-05	
15.5622	5.66244e-05	
15.5625	5.66244e-05	
15.5628	5.66244e-05	
15.5631	5.66244e-05	
15.5634	5.66244e-05	
15.5637	5.66244e-05	
15.5641	5.66244e-05	
15.5644	5.66244e-05	
15.5647	5.66244e-05	
15.565	5.66244e-05	
15.5653	5.66244e-05	
15.5656	5.66244e-05	
15.5659	5.66244e-05	
15.5662	5.66244e-05	
15.5665	5.66244e-05	
15.5668	5.66244e-05	
15.5671	5.66244e-05	
15.5674	5.66244e-05	
15.5677	5.66244e-05	
15.568	5.66244e-05	
15.5683	5.66244e-05	
15.5686	5.66244e-05	
15.5689	5.66244e-05	
15.5692	5.66244e-05	
15.5696	5.66244e-05	
15.5699	5.66244e-05	
15.5702	5.66244e-05	
15.5705	5.66244e-05	
15.5708	5.66244e-05	
15.5711	5.66244e-05	
15.5714	5.66244e-05	
15.5717	5.66244e-05	
15.572	5.66244e-05	
15.5723	5.66244e-05	
15.5726	5.66244e-05	
15.5729	5.66244e-05	
15.5732	5.66244e-05	
15.5735	5.66244e-05	
15.5738	5.66244e-05	
15.5741	5.66244e-05	
15.5744	5.66244e-05	
15.5747	5.66244e-05	
15.5751	5.66244e-05	
15.5754	5.66244e-05	
15.5757	5.66244e-05	
15.576	5.66244e-05	
15.5763	5.66244e-05	
15.5766	5.66244e-05	
15.5769	5.66244e-05	
15.5772	5.66244e-05	
15.5775	5.66244e-05	
15.5778	5.66244e-05	
15.5781	5.66244e-05	
15.5784	5.66244e-05	
15.5787	5.66244e-05	
15.579	5.66244e-05	
15.5793	5.62519e-05	
15.5796	5.62519e-05	
15.5799	5.62519e-05	
15.5802	5.62519e-05	
15.5806	5.62519e-05	
15.5809	5.62519e-05	
15.5812	5.62519e-05	
15.5815	5.62519e-05	
15.5818	5.62519e-05	
15.5821	5.62519e-05	
15.5824	5.62519e-05	
15.5827	5.62519e-05	
15.583	5.62519e-05	
15.5833	5.62519e-05	
15.5836	5.62519e-05	
15.5839	5.62519e-05	
15.5842	5.62519e-05	
15.5845	5.62519e-05	
15.5848	5.62519e-05	
15.5851	5.62519e-05	
15.5854	5.62519e-05	
15.5857	5.62519e-05	
15.5861	5.62519e-05	
15.5864	5.62519e-05	
15.5867	5.62519e-05	
15.587	5.62519e-05	
15.5873	5.62519e-05	
15.5876	5.62519e-05	
15.5879	5.62519e-05	
15.5882	5.62519e-05	
15.5885	5.62519e-05	
15.5888	5.62519e-05	
15.5891	5.62519e-05	
15.5894	5.62519e-05	
15.5897	5.62519e-05	
15.59	5.62519e-05	
15.5903	5.62519e-05	
15.5906	5.62519e-05	
15.5909	5.62519e-05	
15.5912	5.62519e-05	
15.5916	5.62519e-05	
15.5919	5.62519e-05	
15.5922	5.62519e-05	
15.5925	5.62519e-05	
15.5928	5.62519e-05	
15.5931	5.62519e-05	
15.5934	5.62519e-05	
15.5937	5.62519e-05	
15.594	5.62519e-05	
15.5943	5.62519e-05	
15.5946	5.62519e-05	
15.5949	5.62519e-05	
15.5952	5.62519e-05	
15.5955	5.62519e-05	
15.5958	5.62519e-05	
15.5961	5.62519e-05	
15.5964	5.62519e-05	
15.5967	5.62519e-05	
15.5971	5.62519e-05	
15.5974	5.62519e-05	
15.5977	5.62519e-05	
15.598	5.62519e-05	
15.5983	5.62519e-05	
15.5986	5.62519e-05	
15.5989	5.62519e-05	
15.5992	5.62519e-05	
15.5995	5.62519e-05	
15.5998	5.62519e-05	
15.6001	5.62519e-05	
15.6004	5.62519e-05	
15.6007	5.62519e-05	
15.601	5.62519e-05	
15.6013	5.62519e-05	
15.6016	5.62519e-05	
15.6019	5.62519e-05	
15.6022	5.62519e-05	
15.6026	5.62519e-05	
15.6029	5.62519e-05	
15.6032	5.62519e-05	
15.6035	5.62519e-05	
15.6038	5.62519e-05	
15.6041	5.62519e-05	
15.6044	5.62519e-05	
15.6047	5.62519e-05	
15.605	5.62519e-05	
15.6053	5.62519e-05	
15.6056	5.62519e-05	
15.6059	5.62519e-05	
15.6062	5.62519e-05	
15.6065	5.62519e-05	
15.6068	5.62519e-05	
15.6071	5.62519e-05	
15.6074	5.62519e-05	
15.6077	5.62519e-05	
15.6081	5.62519e-05	
15.6084	5.62519e-05	
15.6087	5.62519e-05	
15.609	5.62519e-05	
15.6093	5.62519e-05	
15.6096	5.62519e-05	
15.6099	5.62519e-05	
15.6102	5.62519e-05	
15.6105	5.62519e-05	
15.6108	5.62519e-05	
15.6111	5.62519e-05	
15.6114	5.62519e-05	
15.6117	5.62519e-05	
15.612	5.62519e-05	
15.6123	5.62519e-05	
15.6126	5.62519e-05	
15.6129	5.62519e-05	
15.6132	5.62519e-05	
15.6136	5.58794e-05	
15.6139	5.58794e-05	
15.6142	5.58794e-05	
15.6145	5.58794e-05	
15.6148	5.58794e-05	
15.6151	5.58794e-05	
15.6154	5.58794e-05	
15.6157	5.58794e-05	
15.616	5.58794e-05	
15.6163	5.58794e-05	
15.6166	5.58794e-05	
15.6169	5.58794e-05	
15.6172	5.58794e-05	
15.6175	5.58794e-05	
15.6178	5.58794e-05	
15.6181	5.58794e-05	
15.6184	5.58794e-05	
15.6187	5.58794e-05	
15.6191	5.58794e-05	
15.6194	5.58794e-05	
15.6197	5.58794e-05	
15.62	5.58794e-05	
15.6203	5.58794e-05	
15.6206	5.58794e-05	
15.6209	5.58794e-05	
15.6212	5.58794e-05	
15.6215	5.58794e-05	
15.6218	5.58794e-05	
15.6221	5.58794e-05	
15.6224	5.58794e-05	
15.6227	5.58794e-05	
15.623	5.58794e-05	
15.6233	5.58794e-05	
15.6236	5.58794e-05	
15.6239	5.58794e-05	
15.6242	5.58794e-05	
15.6246	5.58794e-05	
15.6249	5.58794e-05	
15.6252	5.58794e-05	
15.6255	5.58794e-05	
15.6258	5.58794e-05	
15.6261	5.58794e-05	
15.6264	5.58794e-05	
15.6267	5.58794e-05	
15.627	5.58794e-05	
15.6273	5.58794e-05	
15.6276	5.58794e-05	
15.6279	5.58794e-05	
15.6282	5.58794e-05	
15.6285	5.58794e-05	
15.6288	5.58794e-05	
15.6291	5.58794e-05	
15.6294	5.58794e-05	
15.6297	5.58794e-05	
15.6301	5.58794e-05	
15.6304	5.58794e-05	
15.6307	5.58794e-05	
15.631	5.58794e-05	
15.6313	5.58794e-05	
15.6316	5.58794e-05	
15.6319	5.58794e-05	
15.6322	5.58794e-05	
15.6325	5.58794e-05	
15.6328	5.58794e-05	
15.6331	5.58794e-05	
15.6334	5.58794e-05	
15.6337	5.58794e-05	
15.634	5.58794e-05	
15.6343	5.58794e-05	
15.6346	5.58794e-05	
15.6349	5.58794e-05	
15.6352	5.58794e-05	
15.6356	5.58794e-05	
15.6359	5.58794e-05	
15.6362	5.58794e-05	
15.6365	5.58794e-05	
15.6368	5.58794e-05	
15.6371	5.58794e-05	
15.6374	5.58794e-05	
15.6377	5.58794e-05	
15.638	5.58794e-05	
15.6383	5.58794e-05	
15.6386	5.58794e-05	
15.6389	5.58794e-05	
15.6392	5.58794e-05	
15.6395	5.58794e-05	
15.6398	5.58794e-05	
15.6401	5.58794e-05	
15.6404	5.58794e-05	
15.6407	5.58794e-05	
15.6411	5.58794e-05	
15.6414	5.58794e-05	
15.6417	5.58794e-05	
15.642	5.58794e-05	
15.6423	5.58794e-05	
15.6426	5.58794e-05	
15.6429	5.58794e-05	
15.6432	5.58794e-05	
15.6435	5.58794e-05	
15.6438	5.58794e-05	
15.6441	5.58794e-05	
15.6444	5.58794e-05	
15.6447	5.58794e-05	
15.645	5.58794e-05	
15.6453	5.58794e-05	
15.6456	5.58794e-05	
15.6459	5.58794e-05	
15.6462	5.58794e-05	
15.6466	5.58794e-05	
15.6469	5.58794e-05	
15.6472	5.58794e-05	
15.6475	5.58794e-05	
15.6478	5.55068e-05	
15.6481	5.55068e-05	
15.6484	5.55068e-05	
15.6487	5.55068e-05	
15.649	5.55068e-05	
15.6493	5.55068e-05	
15.6496	5.55068e-05	
15.6499	5.55068e-05	
15.6502	5.55068e-05	
15.6505	5.55068e-05	
15.6508	5.55068e-05	
15.6511	5.55068e-05	
15.6514	5.55068e-05	
15.6517	5.55068e-05	
15.6521	5.55068e-05	
15.6524	5.55068e-05	
15.6527	5.55068e-05	
15.653	5.55068e-05	
15.6533	5.55068e-05	
15.6536	5.55068e-05	
15.6539	5.55068e-05	
15.6542	5.55068e-05	
15.6545	5.55068e-05	
15.6548	5.55068e-05	
15.6551	5.55068e-05	
15.6554	5.55068e-05	
15.6557	5.55068e-05	
15.656	5.55068e-05	
15.6563	5.55068e-05	
15.6566	5.55068e-05	
15.6569	5.55068e-05	
15.6572	5.55068e-05	
15.6576	5.55068e-05	
15.6579	5.55068e-05	
15.6582	5.55068e-05	
15.6585	5.55068e-05	
15.6588	5.55068e-05	
15.6591	5.55068e-05	
15.6594	5.55068e-05	
15.6597	5.55068e-05	
15.66	5.55068e-05	
15.6603	5.55068e-05	
15.6606	5.55068e-05	
15.6609	5.55068e-05	
15.6612	5.55068e-05	
15.6615	5.55068e-05	
15.6618	5.55068e-05	
15.6621	5.55068e-05	
15.6624	5.55068e-05	
15.6627	5.55068e-05	
15.6631	5.55068e-05	
15.6634	5.55068e-05	
15.6637	5.55068e-05	
15.664	5.55068e-05	
15.6643	5.55068e-05	
15.6646	5.55068e-05	
15.6649	5.55068e-05	
15.6652	5.55068e-05	
15.6655	5.55068e-05	
15.6658	5.55068e-05	
15.6661	5.55068e-05	
15.6664	5.55068e-05	
15.6667	5.55068e-05	
15.667	5.55068e-05	
15.6673	5.55068e-05	
15.6676	5.55068e-05	
15.6679	5.55068e-05	
15.6682	5.55068e-05	
15.6686	5.55068e-05	
15.6689	5.55068e-05	
15.6692	5.55068e-05	
15.6695	5.55068e-05	
15.6698	5.55068e-05	
15.6701	5.55068e-05	
15.6704	5.55068e-05	
15.6707	5.55068e-05	
15.671	5.55068e-05	
15.6713	5.55068e-05	
15.6716	5.55068e-05	
15.6719	5.55068e-05	
15.6722	5.55068e-05	
15.6725	5.55068e-05	
15.6728	5.55068e-05	
15.6731	5.55068e-05	
15.6734	5.55068e-05	
15.6737	5.55068e-05	
15.6741	5.55068e-05	
15.6744	5.55068e-05	
15.6747	5.55068e-05	
15.675	5.55068e-05	
15.6753	5.55068e-05	
15.6756	5.55068e-05	
15.6759	5.55068e-05	
15.6762	5.55068e-05	
15.6765	5.55068e-05	
15.6768	5.55068e-05	
15.6771	5.55068e-05	
15.6774	5.55068e-05	
15.6777	5.55068e-05	
15.678	5.55068e-05	
15.6783	5.55068e-05	
15.6786	5.55068e-05	
15.6789	5.55068e-05	
15.6793	5.55068e-05	
15.6796	5.55068e-05	
15.6799	5.55068e-05	
15.6802	5.55068e-05	
15.6805	5.55068e-05	
15.6808	5.55068e-05	
15.6811	5.55068e-05	
15.6814	5.55068e-05	
15.6817	5.55068e-05	
15.682	5.55068e-05	
15.6823	5.55068e-05	
15.6826	5.51343e-05	
15.6829	5.51343e-05	
15.6832	5.51343e-05	
15.6835	5.51343e-05	
15.6838	5.51343e-05	
15.6841	5.51343e-05	
15.6844	5.51343e-05	
15.6848	5.51343e-05	
15.6851	5.51343e-05	
15.6854	5.51343e-05	
15.6857	5.51343e-05	
15.686	5.51343e-05	
15.6863	5.51343e-05	
15.6866	5.51343e-05	
15.6869	5.51343e-05	
15.6872	5.51343e-05	
15.6875	5.51343e-05	
15.6878	5.51343e-05	
15.6881	5.51343e-05	
15.6884	5.51343e-05	
15.6887	5.51343e-05	
15.689	5.51343e-05	
15.6893	5.51343e-05	
15.6896	5.51343e-05	
15.6899	5.51343e-05	
15.6903	5.51343e-05	
15.6906	5.51343e-05	
15.6909	5.51343e-05	
15.6912	5.51343e-05	
15.6915	5.51343e-05	
15.6918	5.51343e-05	
15.6921	5.51343e-05	
15.6924	5.51343e-05	
15.6927	5.51343e-05	
15.693	5.51343e-05	
15.6933	5.51343e-05	
15.6936	5.51343e-05	
15.6939	5.51343e-05	
15.6942	5.51343e-05	
15.6945	5.51343e-05	
15.6948	5.51343e-05	
15.6951	5.51343e-05	
15.6954	5.51343e-05	
15.6958	5.51343e-05	
15.6961	5.51343e-05	
15.6964	5.51343e-05	
15.6967	5.51343e-05	
15.697	5.51343e-05	
15.6973	5.51343e-05	
15.6976	5.51343e-05	
15.6979	5.51343e-05	
15.6982	5.51343e-05	
15.6985	5.51343e-05	
15.6988	5.51343e-05	
15.6991	5.51343e-05	
15.6994	5.51343e-05	
15.6997	5.51343e-05	
15.7	5.51343e-05	
15.7003	5.51343e-05	
15.7006	5.51343e-05	
15.7009	5.51343e-05	
15.7013	5.51343e-05	
15.7016	5.51343e-05	
15.7019	5.51343e-05	
15.7022	5.51343e-05	
15.7025	5.51343e-05	
15.7028	5.51343e-05	
15.7031	5.51343e-05	
15.7034	5.51343e-05	
15.7037	5.51343e-05	
15.704	5.51343e-05	
15.7043	5.51343e-05	
15.7046	5.51343e-05	
15.7049	5.51343e-05	
15.7052	5.51343e-05	
15.7055	5.51343e-05	
15.7058	5.51343e-05	
15.7061	5.51343e-05	
15.7064	5.51343e-05	
15.7068	5.51343e-05	
15.7071	5.51343e-05	
15.7074	5.51343e-05	
15.7077	5.51343e-05	
15.708	5.51343e-05	
15.7083	5.51343e-05	
15.7086	5.51343e-05	
15.7089	5.51343e-05	
15.7092	5.51343e-05	
15.7095	5.51343e-05	
15.7098	5.51343e-05	
15.7101	5.51343e-05	
15.7104	5.51343e-05	
15.7107	5.51343e-05	
15.711	5.51343e-05	
15.7113	5.51343e-05	
15.7116	5.51343e-05	
15.7119	5.51343e-05	
15.7123	5.51343e-05	
15.7126	5.51343e-05	
15.7129	5.51343e-05	
15.7132	5.51343e-05	
15.7135	5.51343e-05	
15.7138	5.51343e-05	
15.7141	5.51343e-05	
15.7144	5.51343e-05	
15.7147	5.51343e-05	
15.715	5.51343e-05	
15.7153	5.51343e-05	
15.7156	5.51343e-05	
15.7159	5.51343e-05	
15.7162	5.51343e-05	
15.7165	5.51343e-05	
15.7168	5.51343e-05	
15.7171	5.51343e-05	
15.7174	5.51343e-05	
15.7178	5.47618e-05	
15.7181	5.47618e-05	
15.7184	5.47618e-05	
15.7187	5.47618e-05	
15.719	5.47618e-05	
15.7193	5.47618e-05	
15.7196	5.47618e-05	
15.7199	5.47618e-05	
15.7202	5.47618e-05	
15.7205	5.47618e-05	
15.7208	5.47618e-05	
15.7211	5.47618e-05	
15.7214	5.47618e-05	
15.7217	5.47618e-05	
15.722	5.47618e-05	
15.7223	5.47618e-05	
15.7226	5.47618e-05	
15.7229	5.47618e-05	
15.7233	5.47618e-05	
15.7236	5.47618e-05	
15.7239	5.47618e-05	
15.7242	5.47618e-05	
15.7245	5.47618e-05	
15.7248	5.47618e-05	
15.7251	5.47618e-05	
15.7254	5.47618e-05	
15.7257	5.47618e-05	
15.726	5.47618e-05	
15.7263	5.47618e-05	
15.7266	5.47618e-05	
15.7269	5.47618e-05	
15.7272	5.47618e-05	
15.7275	5.47618e-05	
15.7278	5.47618e-05	
15.7281	5.47618e-05	
15.7284	5.47618e-05	
15.7288	5.47618e-05	
15.7291	5.47618e-05	
15.7294	5.47618e-05	
15.7297	5.47618e-05	
15.73	5.47618e-05	
15.7303	5.47618e-05	
15.7306	5.47618e-05	
15.7309	5.47618e-05	
15.7312	5.47618e-05	
15.7315	5.47618e-05	
15.7318	5.47618e-05	
15.7321	5.47618e-05	
15.7324	5.47618e-05	
15.7327	5.47618e-05	
15.733	5.47618e-05	
15.7333	5.47618e-05	
15.7336	5.47618e-05	
15.7339	5.47618e-05	
15.7343	5.47618e-05	
15.7346	5.47618e-05	
15.7349	5.47618e-05	
15.7352	5.47618e-05	
15.7355	5.47618e-05	
15.7358	5.47618e-05	
15.7361	5.47618e-05	
15.7364	5.47618e-05	
15.7367	5.47618e-05	
15.737	5.47618e-05	
15.7373	5.47618e-05	
15.7376	5.47618e-05	
15.7379	5.47618e-05	
15.7382	5.47618e-05	
15.7385	5.47618e-05	
15.7388	5.47618e-05	
15.7391	5.47618e-05	
15.7394	5.47618e-05	
15.7398	5.47618e-05	
15.7401	5.47618e-05	
15.7404	5.47618e-05	
15.7407	5.47618e-05	
15.741	5.47618e-05	
15.7413	5.47618e-05	
15.7416	5.47618e-05	
15.7419	5.47618e-05	
15.7422	5.47618e-05	
15.7425	5.47618e-05	
15.7428	5.47618e-05	
15.7431	5.47618e-05	
15.7434	5.47618e-05	
15.7437	5.47618e-05	
15.744	5.47618e-05	
15.7443	5.47618e-05	
15.7446	5.47618e-05	
15.7449	5.47618e-05	
15.7453	5.47618e-05	
15.7456	5.47618e-05	
15.7459	5.47618e-05	
15.7462	5.47618e-05	
15.7465	5.47618e-05	
15.7468	5.47618e-05	
15.7471	5.47618e-05	
15.7474	5.47618e-05	
15.7477	5.47618e-05	
15.748	5.47618e-05	
15.7483	5.47618e-05	
15.7486	5.47618e-05	
15.7489	5.47618e-05	
15.7492	5.47618e-05	
15.7495	5.47618e-05	
15.7498	5.47618e-05	
15.7501	5.47618e-05	
15.7504	5.47618e-05	
15.7508	5.47618e-05	
15.7511	5.47618e-05	
15.7514	5.47618e-05	
15.7517	5.47618e-05	
15.752	5.47618e-05	
15.7523	5.47618e-05	
15.7526	5.47618e-05	
15.7529	5.47618e-05	
15.7532	5.43892e-05	
15.7535	5.43892e-05	
15.7538	5.43892e-05	
15.7541	5.43892e-05	
15.7544	5.43892e-05	
15.7547	5.43892e-05	
15.755	5.43892e-05	
15.7553	5.43892e-05	
15.7556	5.43892e-05	
15.7559	5.43892e-05	
15.7563	5.43892e-05	
15.7566	5.43892e-05	
15.7569	5.43892e-05	
15.7572	5.43892e-05	
15.7575	5.43892e-05	
15.7578	5.43892e-05	
15.7581	5.43892e-05	
15.7584	5.43892e-05	
15.7587	5.43892e-05	
15.759	5.43892e-05	
15.7593	5.43892e-05	
15.7596	5.43892e-05	
15.7599	5.43892e-05	
15.7602	5.43892e-05	
15.7605	5.43892e-05	
15.7608	5.43892e-05	
15.7611	5.43892e-05	
15.7614	5.43892e-05	
15.7618	5.43892e-05	
15.7621	5.43892e-05	
15.7624	5.43892e-05	
15.7627	5.43892e-05	
15.763	5.43892e-05	
15.7633	5.43892e-05	
15.7636	5.43892e-05	
15.7639	5.43892e-05	
15.7642	5.43892e-05	
15.7645	5.43892e-05	
15.7648	5.43892e-05	
15.7651	5.43892e-05	
15.7654	5.43892e-05	
15.7657	5.43892e-05	
15.766	5.43892e-05	
15.7663	5.43892e-05	
15.7666	5.43892e-05	
15.7669	5.43892e-05	
15.7673	5.43892e-05	
15.7676	5.43892e-05	
15.7679	5.43892e-05	
15.7682	5.43892e-05	
15.7685	5.43892e-05	
15.7688	5.43892e-05	
15.7691	5.43892e-05	
15.7694	5.43892e-05	
15.7697	5.43892e-05	
15.77	5.43892e-05	
15.7703	5.43892e-05	
15.7706	5.43892e-05	
15.7709	5.43892e-05	
15.7712	5.43892e-05	
15.7715	5.43892e-05	
15.7718	5.43892e-05	
15.7721	5.43892e-05	
15.7724	5.43892e-05	
15.7728	5.43892e-05	
15.7731	5.43892e-05	
15.7734	5.43892e-05	
15.7737	5.43892e-05	
15.774	5.43892e-05	
15.7743	5.43892e-05	
15.7746	5.43892e-05	
15.7749	5.43892e-05	
15.7752	5.43892e-05	
15.7755	5.43892e-05	
15.7758	5.43892e-05	
15.7761	5.43892e-05	
15.7764	5.43892e-05	
15.7767	5.43892e-05	
15.777	5.43892e-05	
15.7773	5.43892e-05	
15.7776	5.43892e-05	
15.7779	5.43892e-05	
15.7783	5.43892e-05	
15.7786	5.43892e-05	
15.7789	5.43892e-05	
15.7792	5.43892e-05	
15.7795	5.43892e-05	
15.7798	5.43892e-05	
15.7801	5.43892e-05	
15.7804	5.43892e-05	
15.7807	5.43892e-05	
15.781	5.43892e-05	
15.7813	5.43892e-05	
15.7816	5.43892e-05	
15.7819	5.43892e-05	
15.7822	5.43892e-05	
15.7825	5.43892e-05	
15.7828	5.43892e-05	
15.7831	5.43892e-05	
15.7834	5.43892e-05	
15.7838	5.43892e-05	
15.7841	5.43892e-05	
15.7844	5.43892e-05	
15.7847	5.43892e-05	
15.785	5.43892e-05	
15.7853	5.43892e-05	
15.7856	5.43892e-05	
15.7859	5.43892e-05	
15.7862	5.43892e-05	
15.7865	5.43892e-05	
15.7868	5.43892e-05	
15.7871	5.43892e-05	
15.7874	5.43892e-05	
15.7877	5.43892e-05	
15.788	5.43892e-05	
15.7883	5.43892e-05	
15.7886	5.43892e-05	
15.7889	5.43892e-05	
15.7893	5.40167e-05	
15.7896	5.40167e-05	
15.7899	5.40167e-05	
15.7902	5.40167e-05	
15.7905	5.40167e-05	
15.7908	5.40167e-05	
15.7911	5.40167e-05	
15.7914	5.40167e-05	
15.7917	5.40167e-05	
15.792	5.40167e-05	
15.7923	5.40167e-05	
15.7926	5.40167e-05	
15.7929	5.40167e-05	
15.7932	5.40167e-05	
15.7935	5.40167e-05	
15.7938	5.40167e-05	
15.7941	5.40167e-05	
15.7944	5.40167e-05	
15.7948	5.40167e-05	
15.7951	5.40167e-05	
15.7954	5.40167e-05	
15.7957	5.40167e-05	
15.796	5.40167e-05	
15.7963	5.40167e-05	
15.7966	5.40167e-05	
15.7969	5.40167e-05	
15.7972	5.40167e-05	
15.7975	5.40167e-05	
15.7978	5.40167e-05	
15.7981	5.40167e-05	
15.7984	5.40167e-05	
15.7987	5.40167e-05	
15.799	5.40167e-05	
15.7993	5.40167e-05	
15.7996	5.40167e-05	
15.7999	5.40167e-05	
15.8003	5.40167e-05	
15.8006	5.40167e-05	
15.8009	5.40167e-05	
15.8012	5.40167e-05	
15.8015	5.40167e-05	
15.8018	5.40167e-05	
15.8021	5.40167e-05	
15.8024	5.40167e-05	
15.8027	5.40167e-05	
15.803	5.40167e-05	
15.8033	5.40167e-05	
15.8036	5.40167e-05	
15.8039	5.40167e-05	
15.8042	5.40167e-05	
15.8045	5.40167e-05	
15.8048	5.40167e-05	
15.8051	5.40167e-05	
15.8054	5.40167e-05	
15.8058	5.40167e-05	
15.8061	5.40167e-05	
15.8064	5.40167e-05	
15.8067	5.40167e-05	
15.807	5.40167e-05	
15.8073	5.40167e-05	
15.8076	5.40167e-05	
15.8079	5.40167e-05	
15.8082	5.40167e-05	
15.8085	5.40167e-05	
15.8088	5.40167e-05	
15.8091	5.40167e-05	
15.8094	5.40167e-05	
15.8097	5.40167e-05	
15.81	5.40167e-05	
15.8103	5.40167e-05	
15.8106	5.40167e-05	
15.8109	5.40167e-05	
15.8113	5.40167e-05	
15.8116	5.40167e-05	
15.8119	5.40167e-05	
15.8122	5.40167e-05	
15.8125	5.40167e-05	
15.8128	5.40167e-05	
15.8131	5.40167e-05	
15.8134	5.40167e-05	
15.8137	5.40167e-05	
15.814	5.40167e-05	
15.8143	5.40167e-05	
15.8146	5.40167e-05	
15.8149	5.40167e-05	
15.8152	5.40167e-05	
15.8155	5.40167e-05	
15.8158	5.40167e-05	
15.8161	5.40167e-05	
15.8164	5.40167e-05	
15.8168	5.40167e-05	
15.8171	5.40167e-05	
15.8174	5.40167e-05	
15.8177	5.40167e-05	
15.818	5.40167e-05	
15.8183	5.40167e-05	
15.8186	5.40167e-05	
15.8189	5.40167e-05	
15.8192	5.40167e-05	
15.8195	5.40167e-05	
15.8198	5.40167e-05	
15.8201	5.40167e-05	
15.8204	5.40167e-05	
15.8207	5.40167e-05	
15.821	5.40167e-05	
15.8213	5.40167e-05	
15.8216	5.40167e-05	
15.8219	5.40167e-05	
15.8223	5.40167e-05	
15.8226	5.40167e-05	
15.8229	5.40167e-05	
15.8232	5.40167e-05	
15.8235	5.40167e-05	
15.8238	5.40167e-05	
15.8241	5.40167e-05	
15.8244	5.40167e-05	
15.8247	5.40167e-05	
15.825	5.40167e-05	
15.8253	5.36442e-05	
15.8256	5.36442e-05	
15.8259	5.36442e-05	
15.8262	5.36442e-05	
15.8265	5.36442e-05	
15.8268	5.36442e-05	
15.8271	5.36442e-05	
15.8274	5.36442e-05	
15.8278	5.36442e-05	
15.8281	5.36442e-05	
15.8284	5.36442e-05	
15.8287	5.36442e-05	
15.829	5.36442e-05	
15.8293	5.36442e-05	
15.8296	5.36442e-05	
15.8299	5.36442e-05	
15.8302	5.36442e-05	
15.8305	5.36442e-05	
15.8308	5.36442e-05	
15.8311	5.36442e-05	
15.8314	5.36442e-05	
15.8317	5.36442e-05	
15.832	5.36442e-05	
15.8323	5.36442e-05	
15.8326	5.36442e-05	
15.8329	5.36442e-05	
15.8333	5.36442e-05	
15.8336	5.36442e-05	
15.8339	5.36442e-05	
15.8342	5.36442e-05	
15.8345	5.36442e-05	
15.8348	5.36442e-05	
15.8351	5.36442e-05	
15.8354	5.36442e-05	
15.8357	5.36442e-05	
15.836	5.36442e-05	
15.8363	5.36442e-05	
15.8366	5.36442e-05	
15.8369	5.36442e-05	
15.8372	5.36442e-05	
15.8375	5.36442e-05	
15.8378	5.36442e-05	
15.8381	5.36442e-05	
15.8384	5.36442e-05	
15.8388	5.36442e-05	
15.8391	5.36442e-05	
15.8394	5.36442e-05	
15.8397	5.36442e-05	
15.84	5.36442e-05	
15.8403	5.36442e-05	
15.8406	5.36442e-05	
15.8409	5.36442e-05	
15.8412	5.36442e-05	
15.8415	5.36442e-05	
15.8418	5.36442e-05	
15.8421	5.36442e-05	
15.8424	5.36442e-05	
15.8427	5.36442e-05	
15.843	5.36442e-05	
15.8433	5.36442e-05	
15.8436	5.36442e-05	
15.8439	5.36442e-05	
15.8443	5.36442e-05	
15.8446	5.36442e-05	
15.8449	5.36442e-05	
15.8452	5.36442e-05	
15.8455	5.36442e-05	
15.8458	5.36442e-05	
15.8461	5.36442e-05	
15.8464	5.36442e-05	
15.8467	5.36442e-05	
15.847	5.36442e-05	
15.8473	5.36442e-05	
15.8476	5.36442e-05	
15.8479	5.36442e-05	
15.8482	5.36442e-05	
15.8485	5.36442e-05	
15.8488	5.36442e-05	
15.8491	5.36442e-05	
15.8495	5.36442e-05	
15.8498	5.36442e-05	
15.8501	5.36442e-05	
15.8504	5.36442e-05	
15.8507	5.36442e-05	
15.851	5.36442e-05	
15.8513	5.36442e-05	
15.8516	5.36442e-05	
15.8519	5.36442e-05	
15.8522	5.36442e-05	
15.8525	5.36442e-05	
15.8528	5.36442e-05	
15.8531	5.36442e-05	
15.8534	5.36442e-05	
15.8537	5.36442e-05	
15.854	5.36442e-05	
15.8543	5.36442e-05	
15.8546	5.36442e-05	
15.855	5.36442e-05	
15.8553	5.36442e-05	
15.8556	5.36442e-05	
15.8559	5.36442e-05	
15.8562	5.36442e-05	
15.8565	5.36442e-05	
15.8568	5.36442e-05	
15.8571	5.36442e-05	
15.8574	5.36442e-05	
15.8577	5.36442e-05	
15.858	5.36442e-05	
15.8583	5.36442e-05	
15.8586	5.36442e-05	
15.8589	5.36442e-05	
15.8592	5.36442e-05	
15.8595	5.36442e-05	
15.8598	5.36442e-05	
15.8601	5.36442e-05	
15.8605	5.36442e-05	
15.8608	5.36442e-05	
15.8611	5.36442e-05	
15.8614	5.36442e-05	
15.8617	5.36442e-05	
15.862	5.32717e-05	
15.8623	5.32717e-05	
15.8626	5.32717e-05	
15.8629	5.32717e-05	
15.8632	5.32717e-05	
15.8635	5.32717e-05	
15.8638	5.32717e-05	
15.8641	5.32717e-05	
15.8644	5.32717e-05	
15.8647	5.32717e-05	
15.865	5.32717e-05	
15.8653	5.32717e-05	
15.8656	5.32717e-05	
15.866	5.32717e-05	
15.8663	5.32717e-05	
15.8666	5.32717e-05	
15.8669	5.32717e-05	
15.8672	5.32717e-05	
15.8675	5.32717e-05	
15.8678	5.32717e-05	
15.8681	5.32717e-05	
15.8684	5.32717e-05	
15.8687	5.32717e-05	
15.869	5.32717e-05	
15.8693	5.32717e-05	
15.8696	5.32717e-05	
15.8699	5.32717e-05	
15.8702	5.32717e-05	
15.8705	5.32717e-05	
15.8708	5.32717e-05	
15.8711	5.32717e-05	
15.8715	5.32717e-05	
15.8718	5.32717e-05	
15.8721	5.32717e-05	
15.8724	5.32717e-05	
15.8727	5.32717e-05	
15.873	5.32717e-05	
15.8733	5.32717e-05	
15.8736	5.32717e-05	
15.8739	5.32717e-05	
15.8742	5.32717e-05	
15.8745	5.32717e-05	
15.8748	5.32717e-05	
15.8751	5.32717e-05	
15.8754	5.32717e-05	
15.8757	5.32717e-05	
15.876	5.32717e-05	
15.8763	5.32717e-05	
15.8766	5.32717e-05	
15.877	5.32717e-05	
15.8773	5.32717e-05	
15.8776	5.32717e-05	
15.8779	5.32717e-05	
15.8782	5.32717e-05	
15.8785	5.32717e-05	
15.8788	5.32717e-05	
15.8791	5.32717e-05	
15.8794	5.32717e-05	
15.8797	5.32717e-05	
15.88	5.32717e-05	
15.8803	5.32717e-05	
15.8806	5.32717e-05	
15.8809	5.32717e-05	
15.8812	5.32717e-05	
15.8815	5.32717e-05	
15.8818	5.32717e-05	
15.8821	5.32717e-05	
15.8825	5.32717e-05	
15.8828	5.32717e-05	
15.8831	5.32717e-05	
15.8834	5.32717e-05	
15.8837	5.32717e-05	
15.884	5.32717e-05	
15.8843	5.32717e-05	
15.8846	5.32717e-05	
15.8849	5.32717e-05	
15.8852	5.32717e-05	
15.8855	5.32717e-05	
15.8858	5.32717e-05	
15.8861	5.32717e-05	
15.8864	5.32717e-05	
15.8867	5.32717e-05	
15.887	5.32717e-05	
15.8873	5.32717e-05	
15.8876	5.32717e-05	
15.888	5.32717e-05	
15.8883	5.32717e-05	
15.8886	5.32717e-05	
15.8889	5.32717e-05	
15.8892	5.32717e-05	
15.8895	5.32717e-05	
15.8898	5.32717e-05	
15.8901	5.32717e-05	
15.8904	5.32717e-05	
15.8907	5.32717e-05	
15.891	5.32717e-05	
15.8913	5.32717e-05	
15.8916	5.32717e-05	
15.8919	5.32717e-05	
15.8922	5.32717e-05	
15.8925	5.32717e-05	
15.8928	5.32717e-05	
15.8931	5.32717e-05	
15.8935	5.32717e-05	
15.8938	5.32717e-05	
15.8941	5.32717e-05	
15.8944	5.32717e-05	
15.8947	5.32717e-05	
15.895	5.32717e-05	
15.8953	5.32717e-05	
15.8956	5.32717e-05	
15.8959	5.32717e-05	
15.8962	5.32717e-05	
15.8965	5.32717e-05	
15.8968	5.32717e-05	
15.8971	5.32717e-05	
15.8974	5.32717e-05	
15.8977	5.32717e-05	
15.898	5.32717e-05	
15.8983	5.32717e-05	
15.8986	5.32717e-05	
15.899	5.28991e-05	
15.8993	5.28991e-05	
15.8996	5.28991e-05	
15.8999	5.28991e-05	
15.9002	5.28991e-05	
15.9005	5.28991e-05	
15.9008	5.28991e-05	
15.9011	5.28991e-05	
15.9014	5.28991e-05	
15.9017	5.28991e-05	
15.902	5.28991e-05	
15.9023	5.28991e-05	
15.9026	5.28991e-05	
15.9029	5.28991e-05	
15.9032	5.28991e-05	
15.9035	5.28991e-05	
15.9038	5.28991e-05	
15.9041	5.28991e-05	
15.9045	5.28991e-05	
15.9048	5.28991e-05	
15.9051	5.28991e-05	
15.9054	5.28991e-05	
15.9057	5.28991e-05	
15.906	5.28991e-05	
15.9063	5.28991e-05	
15.9066	5.28991e-05	
15.9069	5.28991e-05	
15.9072	5.28991e-05	
15.9075	5.28991e-05	
15.9078	5.28991e-05	
15.9081	5.28991e-05	
15.9084	5.28991e-05	
15.9087	5.28991e-05	
15.909	5.28991e-05	
15.9093	5.28991e-05	
15.9096	5.28991e-05	
15.91	5.28991e-05	
15.9103	5.28991e-05	
15.9106	5.28991e-05	
15.9109	5.28991e-05	
15.9112	5.28991e-05	
15.9115	5.28991e-05	
15.9118	5.28991e-05	
15.9121	5.28991e-05	
15.9124	5.28991e-05	
15.9127	5.28991e-05	
15.913	5.28991e-05	
15.9133	5.28991e-05	
15.9136	5.28991e-05	
15.9139	5.28991e-05	
15.9142	5.28991e-05	
15.9145	5.28991e-05	
15.9148	5.28991e-05	
15.9151	5.28991e-05	
15.9155	5.28991e-05	
15.9158	5.28991e-05	
15.9161	5.28991e-05	
15.9164	5.28991e-05	
15.9167	5.28991e-05	
15.917	5.28991e-05	
15.9173	5.28991e-05	
15.9176	5.28991e-05	
15.9179	5.28991e-05	
15.9182	5.28991e-05	
15.9185	5.28991e-05	
15.9188	5.28991e-05	
15.9191	5.28991e-05	
15.9194	5.28991e-05	
15.9197	5.28991e-05	
15.92	5.28991e-05	
15.9203	5.28991e-05	
15.9206	5.28991e-05	
15.921	5.28991e-05	
15.9213	5.28991e-05	
15.9216	5.28991e-05	
15.9219	5.28991e-05	
15.9222	5.28991e-05	
15.9225	5.28991e-05	
15.9228	5.28991e-05	
15.9231	5.28991e-05	
15.9234	5.28991e-05	
15.9237	5.28991e-05	
15.924	5.28991e-05	
15.9243	5.28991e-05	
15.9246	5.28991e-05	
15.9249	5.28991e-05	
15.9252	5.28991e-05	
15.9255	5.28991e-05	
15.9258	5.28991e-05	
15.9261	5.28991e-05	
15.9265	5.28991e-05	
15.9268	5.28991e-05	
15.9271	5.28991e-05	
15.9274	5.28991e-05	
15.9277	5.28991e-05	
15.928	5.28991e-05	
15.9283	5.28991e-05	
15.9286	5.28991e-05	
15.9289	5.28991e-05	
15.9292	5.28991e-05	
15.9295	5.28991e-05	
15.9298	5.28991e-05	
15.9301	5.28991e-05	
15.9304	5.28991e-05	
15.9307	5.28991e-05	
15.931	5.28991e-05	
15.9313	5.28991e-05	
15.9316	5.28991e-05	
15.932	5.28991e-05	
15.9323	5.28991e-05	
15.9326	5.28991e-05	
15.9329	5.28991e-05	
15.9332	5.28991e-05	
15.9335	5.28991e-05	
15.9338	5.28991e-05	
15.9341	5.28991e-05	
15.9344	5.28991e-05	
15.9347	5.28991e-05	
15.935	5.28991e-05	
15.9353	5.28991e-05	
15.9356	5.28991e-05	
15.9359	5.28991e-05	
15.9362	5.28991e-05	
15.9365	5.25266e-05	
15.9368	5.25266e-05	
15.9371	5.25266e-05	
15.9375	5.25266e-05	
15.9378	5.25266e-05	
15.9381	5.25266e-05	
15.9384	5.25266e-05	
15.9387	5.25266e-05	
15.939	5.25266e-05	
15.9393	5.25266e-05	
15.9396	5.25266e-05	
15.9399	5.25266e-05	
15.9402	5.25266e-05	
15.9405	5.25266e-05	
15.9408	5.25266e-05	
15.9411	5.25266e-05	
15.9414	5.25266e-05	
15.9417	5.25266e-05	
15.942	5.25266e-05	
15.9423	5.25266e-05	
15.9426	5.25266e-05	
15.943	5.25266e-05	
15.9433	5.25266e-05	
15.9436	5.25266e-05	
15.9439	5.25266e-05	
15.9442	5.25266e-05	
15.9445	5.25266e-05	
15.9448	5.25266e-05	
15.9451	5.25266e-05	
15.9454	5.25266e-05	
15.9457	5.25266e-05	
15.946	5.25266e-05	
15.9463	5.25266e-05	
15.9466	5.25266e-05	
15.9469	5.25266e-05	
15.9472	5.25266e-05	
15.9475	5.25266e-05	
15.9478	5.25266e-05	
15.9481	5.25266e-05	
15.9485	5.25266e-05	
15.9488	5.25266e-05	
15.9491	5.25266e-05	
15.9494	5.25266e-05	
15.9497	5.25266e-05	
15.95	5.25266e-05	
15.9503	5.25266e-05	
15.9506	5.25266e-05	
15.9509	5.25266e-05	
15.9512	5.25266e-05	
15.9515	5.25266e-05	
15.9518	5.25266e-05	
15.9521	5.25266e-05	
15.9524	5.25266e-05	
15.9527	5.25266e-05	
15.953	5.25266e-05	
15.9533	5.25266e-05	
15.9536	5.25266e-05	
15.954	5.25266e-05	
15.9543	5.25266e-05	
15.9546	5.25266e-05	
15.9549	5.25266e-05	
15.9552	5.25266e-05	
15.9555	5.25266e-05	
15.9558	5.25266e-05	
15.9561	5.25266e-05	
15.9564	5.25266e-05	
15.9567	5.25266e-05	
15.957	5.25266e-05	
15.9573	5.25266e-05	
15.9576	5.25266e-05	
15.9579	5.25266e-05	
15.9582	5.25266e-05	
15.9585	5.25266e-05	
15.9588	5.25266e-05	
15.9591	5.25266e-05	
15.9595	5.25266e-05	
15.9598	5.25266e-05	
15.9601	5.25266e-05	
15.9604	5.25266e-05	
15.9607	5.25266e-05	
15.961	5.25266e-05	
15.9613	5.25266e-05	
15.9616	5.25266e-05	
15.9619	5.25266e-05	
15.9622	5.25266e-05	
15.9625	5.25266e-05	
15.9628	5.25266e-05	
15.9631	5.25266e-05	
15.9634	5.25266e-05	
15.9637	5.25266e-05	
15.964	5.25266e-05	
15.9643	5.25266e-05	
15.9646	5.25266e-05	
15.965	5.25266e-05	
15.9653	5.25266e-05	
15.9656	5.25266e-05	
15.9659	5.25266e-05	
15.9662	5.25266e-05	
15.9665	5.25266e-05	
15.9668	5.25266e-05	
15.9671	5.25266e-05	
15.9674	5.25266e-05	
15.9677	5.25266e-05	
15.968	5.25266e-05	
15.9683	5.25266e-05	
15.9686	5.25266e-05	
15.9689	5.25266e-05	
15.9692	5.25266e-05	
15.9695	5.25266e-05	
15.9698	5.25266e-05	
15.9701	5.25266e-05	
15.9705	5.25266e-05	
15.9708	5.25266e-05	
15.9711	5.25266e-05	
15.9714	5.25266e-05	
15.9717	5.25266e-05	
15.972	5.25266e-05	
15.9723	5.25266e-05	
15.9726	5.25266e-05	
15.9729	5.25266e-05	
15.9732	5.25266e-05	
15.9735	5.25266e-05	
15.9738	5.25266e-05	
15.9741	5.25266e-05	
15.9744	5.21541e-05	
15.9747	5.21541e-05	
15.975	5.21541e-05	
15.9753	5.21541e-05	
15.9756	5.21541e-05	
15.976	5.21541e-05	
15.9763	5.21541e-05	
15.9766	5.21541e-05	
15.9769	5.21541e-05	
15.9772	5.21541e-05	
15.9775	5.21541e-05	
15.9778	5.21541e-05	
15.9781	5.21541e-05	
15.9784	5.21541e-05	
15.9787	5.21541e-05	
15.979	5.21541e-05	
15.9793	5.21541e-05	
15.9796	5.21541e-05	
15.9799	5.21541e-05	
15.9802	5.21541e-05	
15.9805	5.21541e-05	
15.9808	5.21541e-05	
15.9811	5.21541e-05	
15.9815	5.21541e-05	
15.9818	5.21541e-05	
15.9821	5.21541e-05	
15.9824	5.21541e-05	
15.9827	5.21541e-05	
15.983	5.21541e-05	
15.9833	5.21541e-05	
15.9836	5.21541e-05	
15.9839	5.21541e-05	
15.9842	5.21541e-05	
15.9845	5.21541e-05	
15.9848	5.21541e-05	
15.9851	5.21541e-05	
15.9854	5.21541e-05	
15.9857	5.21541e-05	
15.986	5.21541e-05	
15.9863	5.21541e-05	
15.9866	5.21541e-05	
15.987	5.21541e-05	
15.9873	5.21541e-05	
15.9876	5.21541e-05	
15.9879	5.21541e-05	
15.9882	5.21541e-05	
15.9885	5.21541e-05	
15.9888	5.21541e-05	
15.9891	5.21541e-05	
15.9894	5.21541e-05	
15.9897	5.21541e-05	
15.99	5.21541e-05	
15.9903	5.21541e-05	
15.9906	5.21541e-05	
15.9909	5.21541e-05	
15.9912	5.21541e-05	
15.9915	5.21541e-05	
15.9918	5.21541e-05	
15.9921	5.21541e-05	
15.9925	5.21541e-05	
15.9928	5.21541e-05	
15.9931	5.21541e-05	
15.9934	5.21541e-05	
15.9937	5.21541e-05	
15.994	5.21541e-05	
15.9943	5.21541e-05	
15.9946	5.21541e-05	
15.9949	5.21541e-05	
15.9952	5.21541e-05	
15.9955	5.21541e-05	
15.9958	5.21541e-05	
15.9961	5.21541e-05	
15.9964	5.21541e-05	
15.9967	5.21541e-05	
15.997	5.21541e-05	
15.9973	5.21541e-05	
15.9976	5.21541e-05	
15.998	5.21541e-05	
15.9983	5.21541e-05	
15.9986	5.21541e-05	
15.9989	5.21541e-05	
15.9992	5.21541e-05	
15.9995	5.21541e-05	
15.9998	5.21541e-05	
16.0001	5.21541e-05	
16.0004	5.21541e-05	
16.0007	5.21541e-05	
16.001	5.21541e-05	
16.0013	5.21541e-05	
16.0016	5.21541e-05	
16.0019	5.21541e-05	
16.0022	5.21541e-05	
16.0025	5.21541e-05	
16.0028	5.21541e-05	
16.0031	5.21541e-05	
16.0035	5.21541e-05	
16.0038	5.21541e-05	
16.0041	5.21541e-05	
16.0044	5.21541e-05	
16.0047	5.21541e-05	
16.005	5.21541e-05	
16.0053	5.21541e-05	
16.0056	5.21541e-05	
16.0059	5.21541e-05	
16.0062	5.21541e-05	
16.0065	5.21541e-05	
16.0068	5.21541e-05	
16.0071	5.21541e-05	
16.0074	5.21541e-05	
16.0077	5.21541e-05	
16.008	5.21541e-05	
16.0083	5.21541e-05	
16.0086	5.21541e-05	
16.009	5.21541e-05	
16.0093	5.21541e-05	
16.0096	5.21541e-05	
16.0099	5.21541e-05	
16.0102	5.21541e-05	
16.0105	5.21541e-05	
16.0108	5.21541e-05	
16.0111	5.21541e-05	
16.0114	5.21541e-05	
16.0117	5.21541e-05	
16.012	5.21541e-05	
16.0123	5.21541e-05	
16.0126	5.17815e-05	
16.0129	5.17815e-05	
16.0132	5.17815e-05	
16.0135	5.17815e-05	
16.0138	5.17815e-05	
16.0141	5.17815e-05	
16.0145	5.17815e-05	
16.0148	5.17815e-05	
16.0151	5.17815e-05	
16.0154	5.17815e-05	
16.0157	5.17815e-05	
16.016	5.17815e-05	
16.0163	5.17815e-05	
16.0166	5.17815e-05	
16.0169	5.17815e-05	
16.0172	5.17815e-05	
16.0175	5.17815e-05	
16.0178	5.17815e-05	
16.0181	5.17815e-05	
16.0184	5.17815e-05	
16.0187	5.17815e-05	
16.019	5.17815e-05	
16.0193	5.17815e-05	
16.0197	5.17815e-05	
16.02	5.17815e-05	
16.0203	5.17815e-05	
16.0206	5.17815e-05	
16.0209	5.17815e-05	
16.0212	5.17815e-05	
16.0215	5.17815e-05	
16.0218	5.17815e-05	
16.0221	5.17815e-05	
16.0224	5.17815e-05	
16.0227	5.17815e-05	
16.023	5.17815e-05	
16.0233	5.17815e-05	
16.0236	5.17815e-05	
16.0239	5.17815e-05	
16.0242	5.17815e-05	
16.0245	5.17815e-05	
16.0248	5.17815e-05	
16.0252	5.17815e-05	
16.0255	5.17815e-05	
16.0258	5.17815e-05	
16.0261	5.17815e-05	
16.0264	5.17815e-05	
16.0267	5.17815e-05	
16.027	5.17815e-05	
16.0273	5.17815e-05	
16.0276	5.17815e-05	
16.0279	5.17815e-05	
16.0282	5.17815e-05	
16.0285	5.17815e-05	
16.0288	5.17815e-05	
16.0291	5.17815e-05	
16.0294	5.17815e-05	
16.0297	5.17815e-05	
16.03	5.17815e-05	
16.0303	5.17815e-05	
16.0307	5.17815e-05	
16.031	5.17815e-05	
16.0313	5.17815e-05	
16.0316	5.17815e-05	
16.0319	5.17815e-05	
16.0322	5.17815e-05	
16.0325	5.17815e-05	
16.0328	5.17815e-05	
16.0331	5.17815e-05	
16.0334	5.17815e-05	
16.0337	5.17815e-05	
16.034	5.17815e-05	
16.0343	5.17815e-05	
16.0346	5.17815e-05	
16.0349	5.17815e-05	
16.0352	5.17815e-05	
16.0355	5.17815e-05	
16.0358	5.17815e-05	
16.0362	5.17815e-05	
16.0365	5.17815e-05	
16.0368	5.17815e-05	
16.0371	5.17815e-05	
16.0374	5.17815e-05	
16.0377	5.17815e-05	
16.038	5.17815e-05	
16.0383	5.17815e-05	
16.0386	5.17815e-05	
16.0389	5.17815e-05	
16.0392	5.17815e-05	
16.0395	5.17815e-05	
16.0398	5.17815e-05	
16.0401	5.17815e-05	
16.0404	5.17815e-05	
16.0407	5.17815e-05	
16.041	5.17815e-05	
16.0413	5.17815e-05	
16.0417	5.17815e-05	
16.042	5.17815e-05	
16.0423	5.17815e-05	
16.0426	5.17815e-05	
16.0429	5.17815e-05	
16.0432	5.17815e-05	
16.0435	5.17815e-05	
16.0438	5.17815e-05	
16.0441	5.17815e-05	
16.0444	5.17815e-05	
16.0447	5.17815e-05	
16.045	5.17815e-05	
16.0453	5.17815e-05	
16.0456	5.17815e-05	
16.0459	5.17815e-05	
16.0462	5.17815e-05	
16.0465	5.17815e-05	
16.0468	5.17815e-05	
16.0472	5.17815e-05	
16.0475	5.17815e-05	
16.0478	5.17815e-05	
16.0481	5.17815e-05	
16.0484	5.17815e-05	
16.0487	5.17815e-05	
16.049	5.17815e-05	
16.0493	5.17815e-05	
16.0496	5.17815e-05	
16.0499	5.17815e-05	
16.0502	5.17815e-05	
16.0505	5.17815e-05	
16.0508	5.17815e-05	
16.0511	5.1409e-05	
16.0514	5.1409e-05	
16.0517	5.1409e-05	
16.052	5.1409e-05	
16.0523	5.1409e-05	
16.0527	5.1409e-05	
16.053	5.1409e-05	
16.0533	5.1409e-05	
16.0536	5.1409e-05	
16.0539	5.1409e-05	
16.0542	5.1409e-05	
16.0545	5.1409e-05	
16.0548	5.1409e-05	
16.0551	5.1409e-05	
16.0554	5.1409e-05	
16.0557	5.1409e-05	
16.056	5.1409e-05	
16.0563	5.1409e-05	
16.0566	5.1409e-05	
16.0569	5.1409e-05	
16.0572	5.1409e-05	
16.0575	5.1409e-05	
16.0578	5.1409e-05	
16.0582	5.1409e-05	
16.0585	5.1409e-05	
16.0588	5.1409e-05	
16.0591	5.1409e-05	
16.0594	5.1409e-05	
16.0597	5.1409e-05	
16.06	5.1409e-05	
16.0603	5.1409e-05	
16.0606	5.1409e-05	
16.0609	5.1409e-05	
16.0612	5.1409e-05	
16.0615	5.1409e-05	
16.0618	5.1409e-05	
16.0621	5.1409e-05	
16.0624	5.1409e-05	
16.0627	5.1409e-05	
16.063	5.1409e-05	
16.0633	5.1409e-05	
16.0637	5.1409e-05	
16.064	5.1409e-05	
16.0643	5.1409e-05	
16.0646	5.1409e-05	
16.0649	5.1409e-05	
16.0652	5.1409e-05	
16.0655	5.1409e-05	
16.0658	5.1409e-05	
16.0661	5.1409e-05	
16.0664	5.1409e-05	
16.0667	5.1409e-05	
16.067	5.1409e-05	
16.0673	5.1409e-05	
16.0676	5.1409e-05	
16.0679	5.1409e-05	
16.0682	5.1409e-05	
16.0685	5.1409e-05	
16.0688	5.1409e-05	
16.0692	5.1409e-05	
16.0695	5.1409e-05	
16.0698	5.1409e-05	
16.0701	5.1409e-05	
16.0704	5.1409e-05	
16.0707	5.1409e-05	
16.071	5.1409e-05	
16.0713	5.1409e-05	
16.0716	5.1409e-05	
16.0719	5.1409e-05	
16.0722	5.1409e-05	
16.0725	5.1409e-05	
16.0728	5.1409e-05	
16.0731	5.1409e-05	
16.0734	5.1409e-05	
16.0737	5.1409e-05	
16.074	5.1409e-05	
16.0743	5.1409e-05	
16.0747	5.1409e-05	
16.075	5.1409e-05	
16.0753	5.1409e-05	
16.0756	5.1409e-05	
16.0759	5.1409e-05	
16.0762	5.1409e-05	
16.0765	5.1409e-05	
16.0768	5.1409e-05	
16.0771	5.1409e-05	
16.0774	5.1409e-05	
16.0777	5.1409e-05	
16.078	5.1409e-05	
16.0783	5.1409e-05	
16.0786	5.1409e-05	
16.0789	5.1409e-05	
16.0792	5.1409e-05	
16.0795	5.1409e-05	
16.0798	5.1409e-05	
16.0802	5.1409e-05	
16.0805	5.1409e-05	
16.0808	5.1409e-05	
16.0811	5.1409e-05	
16.0814	5.1409e-05	
16.0817	5.1409e-05	
16.082	5.1409e-05	
16.0823	5.1409e-05	
16.0826	5.1409e-05	
16.0829	5.1409e-05	
16.0832	5.1409e-05	
16.0835	5.1409e-05	
16.0838	5.1409e-05	
16.0841	5.1409e-05	
16.0844	5.1409e-05	
16.0847	5.1409e-05	
16.085	5.1409e-05	
16.0853	5.1409e-05	
16.0857	5.1409e-05	
16.086	5.1409e-05	
16.0863	5.1409e-05	
16.0866	5.1409e-05	
16.0869	5.1409e-05	
16.0872	5.1409e-05	
16.0875	5.1409e-05	
16.0878	5.1409e-05	
16.0881	5.1409e-05	
16.0884	5.1409e-05	
16.0887	5.1409e-05	
16.089	5.1409e-05	
16.0893	5.1409e-05	
16.0896	5.1409e-05	
16.0899	5.1409e-05	
16.0902	5.10365e-05	
16.0905	5.10365e-05	
16.0908	5.10365e-05	
16.0912	5.10365e-05	
16.0915	5.10365e-05	
16.0918	5.10365e-05	
16.0921	5.10365e-05	
16.0924	5.10365e-05	
16.0927	5.10365e-05	
16.093	5.10365e-05	
16.0933	5.10365e-05	
16.0936	5.10365e-05	
16.0939	5.10365e-05	
16.0942	5.10365e-05	
16.0945	5.10365e-05	
16.0948	5.10365e-05	
16.0951	5.10365e-05	
16.0954	5.10365e-05	
16.0957	5.10365e-05	
16.096	5.10365e-05	
16.0963	5.10365e-05	
16.0967	5.10365e-05	
16.097	5.10365e-05	
16.0973	5.10365e-05	
16.0976	5.10365e-05	
16.0979	5.10365e-05	
16.0982	5.10365e-05	
16.0985	5.10365e-05	
16.0988	5.10365e-05	
16.0991	5.10365e-05	
16.0994	5.10365e-05	
16.0997	5.10365e-05	
16.1	5.10365e-05	
16.1003	5.10365e-05	
16.1006	5.10365e-05	
16.1009	5.10365e-05	
16.1012	5.10365e-05	
16.1015	5.10365e-05	
16.1018	5.10365e-05	
16.1022	5.10365e-05	
16.1025	5.10365e-05	
16.1028	5.10365e-05	
16.1031	5.10365e-05	
16.1034	5.10365e-05	
16.1037	5.10365e-05	
16.104	5.10365e-05	
16.1043	5.10365e-05	
16.1046	5.10365e-05	
16.1049	5.10365e-05	
16.1052	5.10365e-05	
16.1055	5.10365e-05	
16.1058	5.10365e-05	
16.1061	5.10365e-05	
16.1064	5.10365e-05	
16.1067	5.10365e-05	
16.107	5.10365e-05	
16.1073	5.10365e-05	
16.1077	5.10365e-05	
16.108	5.10365e-05	
16.1083	5.10365e-05	
16.1086	5.10365e-05	
16.1089	5.10365e-05	
16.1092	5.10365e-05	
16.1095	5.10365e-05	
16.1098	5.10365e-05	
16.1101	5.10365e-05	
16.1104	5.10365e-05	
16.1107	5.10365e-05	
16.111	5.10365e-05	
16.1113	5.10365e-05	
16.1116	5.10365e-05	
16.1119	5.10365e-05	
16.1122	5.10365e-05	
16.1125	5.10365e-05	
16.1128	5.10365e-05	
16.1132	5.10365e-05	
16.1135	5.10365e-05	
16.1138	5.10365e-05	
16.1141	5.10365e-05	
16.1144	5.10365e-05	
16.1147	5.10365e-05	
16.115	5.10365e-05	
16.1153	5.10365e-05	
16.1156	5.10365e-05	
16.1159	5.10365e-05	
16.1162	5.10365e-05	
16.1165	5.10365e-05	
16.1168	5.10365e-05	
16.1171	5.10365e-05	
16.1174	5.10365e-05	
16.1177	5.10365e-05	
16.118	5.10365e-05	
16.1183	5.10365e-05	
16.1187	5.10365e-05	
16.119	5.10365e-05	
16.1193	5.10365e-05	
16.1196	5.10365e-05	
16.1199	5.10365e-05	
16.1202	5.10365e-05	
16.1205	5.10365e-05	
16.1208	5.10365e-05	
16.1211	5.10365e-05	
16.1214	5.10365e-05	
16.1217	5.10365e-05	
16.122	5.10365e-05	
16.1223	5.10365e-05	
16.1226	5.10365e-05	
16.1229	5.10365e-05	
16.1232	5.10365e-05	
16.1235	5.10365e-05	
16.1238	5.10365e-05	
16.1242	5.10365e-05	
16.1245	5.10365e-05	
16.1248	5.10365e-05	
16.1251	5.10365e-05	
16.1254	5.10365e-05	
16.1257	5.10365e-05	
16.126	5.10365e-05	
16.1263	5.10365e-05	
16.1266	5.10365e-05	
16.1269	5.10365e-05	
16.1272	5.10365e-05	
16.1275	5.10365e-05	
16.1278	5.10365e-05	
16.1281	5.10365e-05	
16.1284	5.10365e-05	
16.1287	5.10365e-05	
16.129	5.10365e-05	
16.1293	5.10365e-05	
16.1297	5.06639e-05	
16.13	5.06639e-05	
16.1303	5.06639e-05	
16.1306	5.06639e-05	
16.1309	5.06639e-05	
16.1312	5.06639e-05	
16.1315	5.06639e-05	
16.1318	5.06639e-05	
16.1321	5.06639e-05	
16.1324	5.06639e-05	
16.1327	5.06639e-05	
16.133	5.06639e-05	
16.1333	5.06639e-05	
16.1336	5.06639e-05	
16.1339	5.06639e-05	
16.1342	5.06639e-05	
16.1345	5.06639e-05	
16.1348	5.06639e-05	
16.1352	5.06639e-05	
16.1355	5.06639e-05	
16.1358	5.06639e-05	
16.1361	5.06639e-05	
16.1364	5.06639e-05	
16.1367	5.06639e-05	
16.137	5.06639e-05	
16.1373	5.06639e-05	
16.1376	5.06639e-05	
16.1379	5.06639e-05	
16.1382	5.06639e-05	
16.1385	5.06639e-05	
16.1388	5.06639e-05	
16.1391	5.06639e-05	
16.1394	5.06639e-05	
16.1397	5.06639e-05	
16.14	5.06639e-05	
16.1403	5.06639e-05	
16.1407	5.06639e-05	
16.141	5.06639e-05	
16.1413	5.06639e-05	
16.1416	5.06639e-05	
16.1419	5.06639e-05	
16.1422	5.06639e-05	
16.1425	5.06639e-05	
16.1428	5.06639e-05	
16.1431	5.06639e-05	
16.1434	5.06639e-05	
16.1437	5.06639e-05	
16.144	5.06639e-05	
16.1443	5.06639e-05	
16.1446	5.06639e-05	
16.1449	5.06639e-05	
16.1452	5.06639e-05	
16.1455	5.06639e-05	
16.1458	5.06639e-05	
16.1462	5.06639e-05	
16.1465	5.06639e-05	
16.1468	5.06639e-05	
16.1471	5.06639e-05	
16.1474	5.06639e-05	
16.1477	5.06639e-05	
16.148	5.06639e-05	
16.1483	5.06639e-05	
16.1486	5.06639e-05	
16.1489	5.06639e-05	
16.1492	5.06639e-05	
16.1495	5.06639e-05	
16.1498	5.06639e-05	
16.1501	5.06639e-05	
16.1504	5.06639e-05	
16.1507	5.06639e-05	
16.151	5.06639e-05	
16.1513	5.06639e-05	
16.1517	5.06639e-05	
16.152	5.06639e-05	
16.1523	5.06639e-05	
16.1526	5.06639e-05	
16.1529	5.06639e-05	
16.1532	5.06639e-05	
16.1535	5.06639e-05	
16.1538	5.06639e-05	
16.1541	5.06639e-05	
16.1544	5.06639e-05	
16.1547	5.06639e-05	
16.155	5.06639e-05	
16.1553	5.06639e-05	
16.1556	5.06639e-05	
16.1559	5.06639e-05	
16.1562	5.06639e-05	
16.1565	5.06639e-05	
16.1568	5.06639e-05	
16.1572	5.06639e-05	
16.1575	5.06639e-05	
16.1578	5.06639e-05	
16.1581	5.06639e-05	
16.1584	5.06639e-05	
16.1587	5.06639e-05	
16.159	5.06639e-05	
16.1593	5.06639e-05	
16.1596	5.06639e-05	
16.1599	5.06639e-05	
16.1602	5.06639e-05	
16.1605	5.06639e-05	
16.1608	5.06639e-05	
16.1611	5.06639e-05	
16.1614	5.06639e-05	
16.1617	5.06639e-05	
16.162	5.06639e-05	
16.1623	5.06639e-05	
16.1627	5.06639e-05	
16.163	5.06639e-05	
16.1633	5.06639e-05	
16.1636	5.06639e-05	
16.1639	5.06639e-05	
16.1642	5.06639e-05	
16.1645	5.06639e-05	
16.1648	5.06639e-05	
16.1651	5.06639e-05	
16.1654	5.06639e-05	
16.1657	5.06639e-05	
16.166	5.06639e-05	
16.1663	5.06639e-05	
16.1666	5.06639e-05	
16.1669	5.06639e-05	
16.1672	5.06639e-05	
16.1675	5.06639e-05	
16.1678	5.06639e-05	
16.1682	5.06639e-05	
16.1685	5.06639e-05	
16.1688	5.06639e-05	
16.1691	5.06639e-05	
16.1694	5.06639e-05	
16.1697	5.02914e-05	
16.17	5.02914e-05	
16.1703	5.02914e-05	
16.1706	5.02914e-05	
16.1709	5.02914e-05	
16.1712	5.02914e-05	
16.1715	5.02914e-05	
16.1718	5.02914e-05	
16.1721	5.02914e-05	
16.1724	5.02914e-05	
16.1727	5.02914e-05	
16.173	5.02914e-05	
16.1733	5.02914e-05	
16.1737	5.02914e-05	
16.174	5.02914e-05	
16.1743	5.02914e-05	
16.1746	5.02914e-05	
16.1749	5.02914e-05	
16.1752	5.02914e-05	
16.1755	5.02914e-05	
16.1758	5.02914e-05	
16.1761	5.02914e-05	
16.1764	5.02914e-05	
16.1767	5.02914e-05	
16.177	5.02914e-05	
16.1773	5.02914e-05	
16.1776	5.02914e-05	
